sequence with 20 event types 
(120,176474,
<120 17 0.93,
194 11 1.0,
267 13 0.55,
299 8 0.98,
312 4 0.41,
377 0 0.09,
431 15 0.59,
480 6 0.37,
525 18 0.67,
612 4 0.55,
690 1 0.83,
724 8 0.19,
775 3 0.81,
783 13 0.64,
793 3 0.84,
810 10 0.09,
824 2 0.3,
888 18 0.63,
947 10 0.65,
999 15 0.35,
999 10 0.54,
1047 19 0.49,
1054 3 0.89,
1077 10 0.11,
1117 3 0.47,
1149 14 0.74,
1165 0 0.37,
1244 13 0.66,
1318 5 0.73,
1325 16 0.9,
1346 4 0.69,
1409 5 0.17,
1498 6 0.23,
1499 7 0.91,
1584 4 0.7,
1664 11 0.77,
1684 10 0.38,
1734 0 0.51,
1735 14 0.69,
1799 17 0.85,
1878 18 0.22,
1893 13 0.48,
1964 7 0.15,
2005 14 0.09,
2055 8 0.98,
2078 14 0.88,
2140 13 0.95,
2153 8 0.67,
2199 8 0.06,
2259 15 0.07,
2289 19 0.98,
2373 12 0.22,
2384 12 0.53,
2421 8 0.95,
2508 5 0.32,
2572 10 0.98,
2643 2 0.4,
2686 15 0.77,
2690 6 0.9,
2727 4 0.19,
2769 7 0.55,
2843 17 0.43,
2856 14 0.96,
2943 1 0.49,
2966 14 0.3,
3026 4 0.57,
3101 0 0.72,
3149 14 1.0,
3151 13 0.79,
3174 8 0.33,
3175 19 0.39,
3263 7 0.97,
3346 0 0.92,
3347 5 0.33,
3396 11 0.34,
3435 6 0.5,
3514 19 0.94,
3533 16 0.09,
3617 15 0.98,
3652 10 0.47,
3722 13 0.64,
3774 19 0.02,
3775 10 0.07,
3853 19 0.67,
3929 10 0.34,
3963 14 0.06,
4027 5 0.54,
4110 9 0.92,
4134 6 0.2,
4136 9 0.96,
4169 8 0.04,
4246 16 0.87,
4269 4 0.62,
4337 2 0.37,
4375 12 0.17,
4457 1 0.22,
4483 6 0.38,
4509 0 0.27,
4579 15 0.21,
4584 13 0.47,
4585 6 0.82,
4613 8 0.23,
4621 8 0.95,
4635 14 0.96,
4664 16 0.41,
4687 4 0.8,
4766 13 0.25,
4853 9 0.15,
4933 18 0.16,
4992 13 0.43,
4992 11 0.83,
5016 19 0.47,
5095 16 0.96,
5128 10 0.25,
5169 8 0.26,
5223 14 0.62,
5238 10 0.86,
5242 0 0.49,
5252 16 0.83,
5281 6 0.91,
5323 19 0.6,
5344 8 0.18,
5375 4 0.18,
5376 14 0.58,
5379 11 0.44,
5451 14 0.62,
5496 2 0.58,
5534 14 0.44,
5581 18 1.0,
5650 5 0.16,
5684 14 0.3,
5704 13 0.19,
5730 9 0.47,
5802 1 0.64,
5830 14 0.58,
5884 8 0.8,
5900 14 0.09,
5946 10 0.38,
6033 13 0.26,
6049 9 0.37,
6080 3 0.66,
6157 5 0.38,
6183 4 0.88,
6185 3 0.84,
6255 3 0.37,
6257 10 0.26,
6321 16 0.29,
6377 5 0.74,
6435 4 0.87,
6511 2 0.27,
6588 11 0.01,
6634 2 0.73,
6674 4 0.58,
6714 14 0.98,
6793 11 0.89,
6830 12 0.93,
6899 3 0.36,
6917 12 0.07,
6978 9 0.32,
7056 2 0.96,
7080 1 0.82,
7156 7 0.06,
7243 8 1.0,
7286 8 0.58,
7291 13 0.24,
7373 2 0.08,
7432 4 0.15,
7472 19 0.45,
7543 1 0.64,
7614 8 0.19,
7657 13 0.18,
7678 3 0.37,
7724 2 0.22,
7742 2 0.13,
7759 16 0.35,
7844 18 0.2,
7914 18 0.65,
7936 6 0.17,
7992 16 0.84,
8038 17 0.81,
8044 10 0.84,
8103 19 0.29,
8106 7 0.2,
8150 18 0.37,
8213 4 0.9,
8286 7 0.6,
8352 12 0.08,
8367 10 0.61,
8436 14 0.94,
8458 11 0.12,
8547 19 0.77,
8581 6 0.81,
8601 1 0.83,
8683 2 0.47,
8720 19 0.84,
8791 8 0.91,
8826 3 0.06,
8890 19 0.73,
8929 15 0.06,
9018 11 0.31,
9075 7 0.63,
9104 13 0.11,
9181 18 0.56,
9217 19 0.73,
9250 7 0.85,
9261 16 0.2,
9281 11 0.68,
9365 6 0.12,
9377 4 0.31,
9405 6 0.96,
9476 11 0.31,
9562 6 0.26,
9588 3 0.91,
9655 19 0.99,
9714 8 0.91,
9741 18 0.59,
9768 7 0.96,
9784 2 0.17,
9868 11 0.26,
9957 14 0.02,
9969 9 0.58,
9991 19 0.4,
10036 2 0.16,
10083 7 0.85,
10096 10 0.7,
10181 11 0.93,
10185 4 0.83,
10261 14 1.0,
10280 11 0.4,
10296 7 0.27,
10306 10 0.47,
10342 11 0.96,
10403 15 0.53,
10461 1 0.15,
10540 4 0.06,
10559 18 0.16,
10584 15 0.53,
10595 6 0.36,
10624 7 0.38,
10641 11 0.98,
10719 15 0.09,
10742 18 0.84,
10795 16 0.84,
10882 4 1.0,
10914 0 0.27,
10994 16 0.3,
11050 16 0.31,
11114 2 0.79,
11136 7 0.84,
11164 5 0.2,
11204 12 0.17,
11255 1 0.16,
11292 14 0.35,
11359 6 0.86,
11419 11 0.49,
11431 4 0.71,
11506 1 0.4,
11580 0 0.5,
11661 10 0.57,
11697 8 0.12,
11746 6 0.75,
11793 4 0.95,
11818 5 0.74,
11875 4 0.14,
11957 19 0.9,
12036 16 0.05,
12076 11 0.2,
12158 0 0.48,
12221 15 0.21,
12235 5 0.79,
12273 8 0.94,
12292 5 0.95,
12369 16 0.69,
12385 14 0.94,
12439 11 0.58,
12482 6 0.5,
12564 5 0.63,
12639 4 0.89,
12711 5 0.84,
12746 18 0.1,
12762 12 0.67,
12795 5 0.36,
12803 13 0.64,
12817 10 0.78,
12864 18 0.11,
12953 10 0.98,
12961 11 0.57,
13001 2 0.91,
13033 3 0.11,
13106 6 0.61,
13125 7 0.64,
13212 0 0.25,
13214 18 0.27,
13275 14 0.95,
13360 7 0.07,
13413 8 0.95,
13421 2 0.8,
13451 12 0.12,
13504 2 0.36,
13522 0 0.93,
13551 18 0.99,
13569 16 0.42,
13594 0 0.12,
13598 11 0.27,
13616 19 0.8,
13699 16 0.24,
13710 4 0.22,
13713 8 0.08,
13780 7 0.04,
13864 10 0.58,
13905 2 0.97,
13912 4 0.69,
13935 13 0.15,
13980 14 0.43,
14045 2 0.6,
14079 16 0.69,
14166 13 0.86,
14227 16 0.33,
14268 2 0.49,
14306 18 0.32,
14349 13 0.37,
14375 12 0.08,
14385 14 0.3,
14445 12 0.44,
14498 18 0.66,
14510 10 0.92,
14513 18 0.46,
14561 15 0.32,
14631 19 0.55,
14658 12 0.4,
14732 6 0.91,
14746 4 0.59,
14774 14 0.67,
14788 3 0.63,
14836 1 0.45,
14903 2 0.82,
14974 18 0.39,
15057 13 0.75,
15068 11 0.79,
15147 19 0.48,
15213 9 0.94,
15216 14 0.06,
15294 11 0.28,
15318 8 0.45,
15343 12 0.43,
15423 14 0.52,
15479 11 0.53,
15508 10 0.46,
15530 7 0.33,
15612 16 0.3,
15676 9 0.15,
15714 4 0.77,
15752 14 0.43,
15823 18 0.46,
15881 2 0.33,
15917 9 0.57,
15968 17 0.41,
16049 15 0.84,
16062 2 0.91,
16136 19 0.75,
16195 15 0.62,
16204 16 0.98,
16260 6 0.78,
16300 12 0.21,
16383 10 0.39,
16460 5 0.09,
16467 4 0.95,
16482 17 0.88,
16495 11 0.15,
16527 18 0.92,
16552 7 0.65,
16567 16 0.68,
16650 17 0.44,
16710 11 0.87,
16728 6 0.76,
16807 4 0.73,
16820 12 0.11,
16898 4 0.61,
16915 18 0.94,
16991 7 0.26,
17039 12 0.86,
17074 15 0.14,
17123 8 0.18,
17124 2 1.0,
17195 1 0.9,
17216 3 0.53,
17303 10 0.25,
17323 19 0.25,
17396 5 0.15,
17473 4 0.09,
17524 0 0.81,
17594 9 0.27,
17594 11 0.87,
17636 17 0.66,
17660 11 0.07,
17731 3 0.17,
17753 3 0.7,
17800 11 0.96,
17849 13 0.14,
17927 3 0.17,
17973 4 0.34,
18019 10 0.31,
18051 2 0.78,
18097 1 0.97,
18177 4 0.85,
18216 2 0.56,
18277 0 0.39,
18314 1 0.54,
18355 16 0.64,
18391 16 0.25,
18466 9 0.3,
18485 13 0.99,
18543 6 0.49,
18627 17 0.26,
18630 6 0.05,
18637 12 0.77,
18709 12 0.65,
18746 16 0.12,
18822 18 0.65,
18823 7 0.02,
18850 10 0.33,
18874 4 0.78,
18921 2 0.64,
18998 6 0.67,
19039 13 0.95,
19041 13 0.73,
19119 19 0.09,
19180 14 0.74,
19210 2 0.72,
19232 5 0.24,
19252 4 0.28,
19291 6 0.14,
19308 8 0.73,
19345 7 0.56,
19417 0 0.33,
19486 4 0.25,
19522 1 0.52,
19584 10 0.2,
19666 13 0.91,
19682 5 0.81,
19723 11 0.86,
19791 17 0.56,
19806 14 0.04,
19884 1 0.66,
19898 16 0.31,
19914 10 0.67,
19973 2 0.43,
19994 2 0.35,
20061 13 0.93,
20132 2 0.2,
20167 13 0.9,
20196 12 0.8,
20268 6 0.16,
20317 1 0.34,
20380 14 0.93,
20391 4 0.95,
20402 10 0.07,
20416 12 0.19,
20472 12 0.54,
20499 11 0.58,
20539 10 0.67,
20623 16 0.43,
20629 4 0.85,
20709 2 0.49,
20722 10 0.87,
20783 16 0.5,
20838 0 0.34,
20839 14 0.63,
20862 0 0.81,
20900 14 0.04,
20955 9 0.91,
21036 5 0.06,
21048 13 0.79,
21089 9 0.46,
21125 19 0.98,
21175 12 0.04,
21258 8 0.07,
21307 14 0.83,
21348 12 0.83,
21385 8 0.07,
21447 11 0.74,
21488 18 0.09,
21488 12 0.01,
21541 8 0.56,
21624 13 0.77,
21651 10 0.34,
21653 5 0.4,
21732 17 0.08,
21802 11 0.88,
21808 1 0.02,
21847 11 0.96,
21916 16 0.52,
21975 5 0.55,
22006 5 0.42,
22011 4 0.34,
22057 18 0.96,
22129 19 0.65,
22192 11 0.63,
22231 10 0.84,
22306 13 0.19,
22343 10 0.45,
22382 0 0.49,
22418 14 0.11,
22458 19 0.19,
22520 4 0.77,
22562 5 0.17,
22563 10 0.86,
22619 0 0.5,
22679 15 0.05,
22721 19 0.6,
22764 19 0.45,
22826 7 0.34,
22869 4 0.53,
22908 19 0.1,
22967 16 0.8,
23007 8 0.29,
23034 6 0.6,
23091 19 0.58,
23147 18 0.42,
23203 11 0.93,
23239 14 0.7,
23247 16 0.84,
23302 9 0.49,
23353 13 0.53,
23408 1 0.17,
23449 11 0.64,
23515 12 0.21,
23583 11 0.37,
23601 8 0.02,
23690 2 0.74,
23772 19 0.06,
23849 14 0.11,
23880 6 0.03,
23948 4 0.32,
24037 5 0.94,
24123 12 0.61,
24132 7 0.72,
24188 18 0.93,
24252 10 0.18,
24308 3 0.17,
24309 3 0.12,
24387 5 0.57,
24431 13 0.31,
24472 11 0.73,
24553 5 0.98,
24563 0 0.28,
24591 8 0.33,
24629 1 0.16,
24644 1 0.12,
24703 18 0.41,
24715 9 0.68,
24732 5 0.53,
24732 11 0.98,
24753 0 0.77,
24753 2 0.79,
24779 0 0.98,
24837 6 0.34,
24843 8 0.45,
24850 9 0.12,
24896 2 0.9,
24921 12 0.98,
24990 17 0.9,
25016 17 1.0,
25060 6 0.93,
25122 3 0.84,
25148 12 0.11,
25198 11 0.34,
25207 14 0.56,
25217 8 0.78,
25246 6 1.0,
25292 5 0.31,
25304 15 0.31,
25353 8 0.17,
25432 8 0.54,
25514 10 0.6,
25579 11 0.4,
25596 0 0.26,
25602 6 0.48,
25667 10 0.48,
25742 1 0.98,
25744 11 0.67,
25770 0 0.34,
25786 9 0.14,
25804 6 0.5,
25857 13 0.96,
25861 4 0.51,
25878 3 0.29,
25924 10 0.16,
25927 11 0.37,
25982 13 0.78,
26030 18 0.48,
26083 5 0.63,
26125 17 0.89,
26210 0 0.58,
26234 0 0.19,
26323 0 0.13,
26332 13 0.86,
26396 14 0.99,
26431 1 0.82,
26487 3 0.75,
26518 9 0.04,
26562 15 0.88,
26584 3 0.84,
26660 11 0.9,
26694 10 0.63,
26766 7 0.28,
26770 0 0.36,
26843 18 0.78,
26906 1 0.3,
26907 13 0.66,
26937 19 0.91,
27019 18 0.89,
27082 5 0.71,
27105 1 0.82,
27120 11 0.18,
27187 2 0.81,
27229 16 0.65,
27285 0 0.76,
27296 0 0.6,
27305 11 0.01,
27357 18 0.81,
27385 4 0.03,
27415 7 0.14,
27458 7 0.31,
27508 11 0.96,
27520 8 0.1,
27533 19 0.71,
27591 7 0.98,
27622 4 0.11,
27680 11 0.53,
27746 11 0.76,
27759 0 0.14,
27821 13 0.73,
27889 5 0.84,
27904 8 0.13,
27983 9 0.6,
28048 19 0.36,
28077 6 0.61,
28122 14 0.27,
28132 1 0.47,
28216 0 0.52,
28224 7 0.43,
28276 8 0.2,
28292 13 0.27,
28340 15 0.17,
28380 5 0.38,
28402 4 0.07,
28425 12 0.74,
28494 4 0.03,
28580 6 0.77,
28658 16 0.3,
28713 11 0.14,
28752 18 0.38,
28795 14 0.2,
28806 6 0.4,
28833 10 0.41,
28901 19 0.01,
28910 15 0.31,
28918 12 0.47,
28953 15 0.57,
29020 13 0.12,
29028 6 0.01,
29117 2 0.98,
29140 16 0.12,
29226 9 0.43,
29305 13 0.61,
29385 15 0.17,
29420 19 0.8,
29501 5 0.8,
29503 7 0.57,
29580 5 0.83,
29606 14 0.38,
29665 6 0.63,
29697 7 0.83,
29726 11 0.25,
29739 2 0.98,
29823 3 0.17,
29856 0 0.9,
29913 10 0.63,
29981 2 0.08,
30003 0 0.46,
30049 7 0.25,
30106 5 0.83,
30195 19 0.07,
30204 10 0.28,
30215 14 0.31,
30279 6 0.29,
30287 1 0.4,
30294 6 0.47,
30329 2 0.49,
30404 8 0.76,
30449 13 0.12,
30513 12 0.79,
30517 15 0.85,
30521 17 0.53,
30588 17 0.78,
30661 11 0.72,
30701 5 0.38,
30752 12 0.68,
30786 3 0.02,
30829 9 0.24,
30836 4 0.05,
30899 9 0.69,
30953 6 0.16,
30996 12 0.85,
31044 2 0.45,
31097 3 0.9,
31109 19 0.77,
31114 17 0.9,
31202 11 0.24,
31208 4 0.16,
31229 10 0.64,
31251 0 0.44,
31251 19 0.44,
31260 13 0.75,
31309 13 0.75,
31382 13 0.57,
31455 3 0.01,
31474 3 0.02,
31494 7 0.28,
31572 3 0.67,
31585 6 0.55,
31628 8 0.99,
31689 19 0.57,
31750 9 0.41,
31787 7 0.31,
31871 8 0.77,
31890 9 0.56,
31971 7 0.98,
32046 6 0.06,
32071 4 0.42,
32141 11 0.56,
32204 0 0.48,
32222 4 0.45,
32288 9 0.31,
32332 18 0.84,
32373 2 0.24,
32373 1 0.62,
32425 4 0.89,
32470 10 0.98,
32549 11 0.79,
32612 1 0.07,
32666 6 0.65,
32695 9 0.94,
32700 19 0.49,
32744 12 0.52,
32828 12 0.19,
32845 10 0.3,
32849 4 1.0,
32915 19 0.5,
32943 5 0.75,
32960 8 0.34,
33020 2 0.3,
33049 5 0.45,
33102 17 0.73,
33125 18 0.38,
33141 9 0.93,
33160 8 0.44,
33225 4 0.64,
33299 3 0.05,
33322 13 0.44,
33356 7 0.73,
33422 3 0.82,
33494 6 0.37,
33514 4 0.68,
33596 11 0.8,
33621 5 0.8,
33666 2 0.78,
33680 5 0.35,
33688 19 0.07,
33765 16 0.95,
33850 11 0.46,
33882 8 0.96,
33946 5 0.9,
34000 11 0.16,
34022 4 0.18,
34055 7 0.4,
34117 8 0.18,
34171 5 0.56,
34244 12 0.01,
34273 13 0.91,
34280 0 0.66,
34359 7 0.56,
34414 5 0.27,
34444 5 0.23,
34532 19 0.84,
34586 15 1.0,
34653 14 0.62,
34675 4 0.52,
34758 15 0.33,
34817 10 0.29,
34851 14 0.13,
34934 7 0.56,
35005 2 0.41,
35018 6 0.77,
35060 0 0.15,
35148 7 0.44,
35236 1 0.94,
35323 16 0.04,
35356 9 0.77,
35428 16 0.1,
35476 1 0.66,
35551 14 0.27,
35573 4 0.79,
35661 13 0.84,
35705 11 0.48,
35705 7 0.57,
35792 4 0.5,
35799 7 0.66,
35846 13 0.5,
35880 12 0.53,
35884 14 0.6,
35911 2 0.51,
35969 4 0.45,
36038 8 0.73,
36075 6 0.35,
36103 14 0.5,
36191 15 0.06,
36223 0 0.78,
36277 2 0.24,
36279 19 0.36,
36296 2 0.52,
36341 2 0.79,
36398 18 0.31,
36481 17 0.54,
36564 6 0.04,
36604 15 0.74,
36650 0 0.77,
36687 13 0.18,
36701 10 0.1,
36760 16 0.07,
36790 19 0.49,
36855 0 0.94,
36880 14 0.46,
36926 13 0.06,
36930 9 0.71,
36977 6 0.13,
37028 6 0.31,
37104 17 0.45,
37161 8 0.42,
37192 7 0.14,
37278 2 0.09,
37340 8 0.21,
37361 9 0.73,
37366 12 0.33,
37424 17 0.55,
37507 0 0.22,
37538 1 0.04,
37566 14 0.54,
37640 6 0.23,
37642 10 0.79,
37665 9 0.67,
37721 17 0.7,
37786 6 0.71,
37806 17 0.27,
37878 18 0.29,
37908 4 0.17,
37964 3 0.7,
38024 2 0.14,
38061 17 0.85,
38139 17 0.74,
38152 5 0.65,
38212 3 0.7,
38289 15 0.14,
38304 17 0.2,
38341 1 0.02,
38385 13 0.56,
38395 14 0.8,
38484 0 0.93,
38539 12 0.54,
38539 7 0.3,
38563 11 0.55,
38635 3 0.1,
38640 9 0.38,
38693 13 0.66,
38745 5 0.73,
38803 18 0.97,
38875 9 0.27,
38933 10 0.4,
38998 19 0.77,
39003 1 0.75,
39074 8 0.74,
39087 14 0.52,
39119 15 0.63,
39144 14 0.12,
39183 9 0.73,
39262 0 0.18,
39298 13 0.85,
39366 1 0.92,
39455 11 0.1,
39510 18 0.83,
39577 6 0.7,
39606 14 0.22,
39680 18 0.09,
39699 8 0.38,
39732 8 0.35,
39746 2 0.75,
39790 4 0.96,
39802 9 0.09,
39859 9 0.43,
39940 7 0.18,
39998 18 0.01,
40016 18 0.93,
40071 15 0.59,
40084 19 0.28,
40109 12 0.31,
40164 7 0.56,
40223 16 0.63,
40307 16 0.06,
40375 9 0.64,
40394 18 0.07,
40433 11 0.93,
40471 6 0.21,
40499 3 0.88,
40503 5 0.51,
40533 8 0.19,
40594 12 0.08,
40674 5 0.77,
40737 19 0.88,
40761 12 0.92,
40843 2 0.25,
40912 1 0.37,
40984 14 0.05,
41050 18 0.38,
41074 5 0.1,
41136 5 0.36,
41143 16 0.31,
41185 18 0.38,
41253 0 0.89,
41253 13 0.74,
41261 13 0.53,
41344 10 0.95,
41413 11 0.33,
41471 6 0.58,
41499 7 0.18,
41538 6 0.56,
41615 5 0.48,
41624 18 0.14,
41696 4 0.2,
41702 15 0.4,
41756 15 0.51,
41810 9 0.89,
41873 15 0.69,
41882 1 0.21,
41953 11 0.7,
42009 7 0.8,
42044 0 0.87,
42052 8 0.09,
42104 8 0.74,
42185 0 0.78,
42234 5 0.41,
42313 15 0.95,
42364 15 0.15,
42369 15 0.95,
42423 15 0.46,
42433 14 0.12,
42518 10 0.57,
42576 18 0.36,
42633 0 0.82,
42654 9 0.45,
42702 12 0.47,
42713 10 0.73,
42714 9 0.9,
42739 4 0.12,
42816 18 0.23,
42843 11 0.74,
42917 3 0.82,
42990 18 0.23,
43015 5 0.13,
43082 3 0.6,
43167 18 0.7,
43208 7 0.44,
43254 11 0.97,
43320 14 1.0,
43323 8 0.87,
43383 16 0.07,
43436 18 0.97,
43489 5 0.65,
43495 7 0.04,
43504 18 0.3,
43571 11 0.95,
43617 5 0.22,
43659 1 0.59,
43739 17 0.48,
43802 2 0.02,
43826 14 0.91,
43884 11 0.49,
43904 6 0.95,
43968 7 0.18,
44049 6 0.67,
44134 14 1.0,
44211 2 0.48,
44234 4 0.27,
44298 12 0.49,
44348 7 0.35,
44361 3 0.83,
44375 16 0.34,
44377 2 0.4,
44431 1 0.78,
44514 19 0.86,
44591 4 0.36,
44621 16 0.22,
44641 13 0.43,
44700 18 0.36,
44722 10 0.58,
44722 11 0.68,
44750 5 0.14,
44755 6 0.59,
44770 0 0.27,
44851 9 0.05,
44877 8 0.86,
44935 16 0.85,
45024 8 0.6,
45033 4 0.99,
45093 7 0.29,
45177 17 1.0,
45255 15 0.72,
45282 1 0.41,
45332 6 0.91,
45358 5 0.56,
45430 18 0.65,
45451 19 0.61,
45478 3 0.56,
45524 17 0.96,
45602 1 0.67,
45657 7 0.34,
45707 10 0.2,
45753 16 1.0,
45812 5 0.1,
45836 11 0.01,
45920 10 0.53,
46000 4 0.2,
46062 6 0.08,
46076 17 0.95,
46156 10 0.79,
46174 18 0.96,
46253 14 0.92,
46342 12 0.44,
46379 12 0.91,
46397 8 0.46,
46476 17 0.06,
46511 2 0.71,
46594 0 0.81,
46621 14 0.86,
46672 7 0.13,
46747 2 0.66,
46799 15 0.02,
46862 13 0.04,
46942 15 0.88,
47028 3 0.43,
47098 13 0.7,
47100 5 0.43,
47116 11 0.99,
47158 5 0.52,
47235 13 0.94,
47276 18 0.09,
47340 3 0.48,
47347 5 0.14,
47400 12 0.46,
47447 15 0.81,
47520 1 0.63,
47524 1 0.86,
47592 15 0.79,
47593 8 0.68,
47618 12 0.52,
47637 9 0.05,
47672 13 0.13,
47759 16 0.5,
47767 10 0.27,
47827 11 0.03,
47896 12 0.74,
47918 13 0.28,
47954 19 0.06,
48017 7 0.39,
48028 12 0.52,
48099 6 0.89,
48173 10 0.31,
48197 1 0.9,
48221 16 0.7,
48238 1 0.54,
48302 11 0.49,
48363 9 0.75,
48435 12 0.13,
48479 4 0.21,
48550 3 0.87,
48564 14 0.22,
48618 4 0.69,
48650 7 0.26,
48737 15 0.15,
48790 5 0.34,
48846 3 0.38,
48883 0 0.09,
48910 11 0.64,
48975 4 0.69,
48993 14 0.47,
49005 16 0.86,
49057 10 0.89,
49066 6 0.17,
49121 6 0.94,
49138 18 0.19,
49177 9 0.09,
49194 17 0.07,
49236 8 0.85,
49244 18 0.08,
49275 11 0.51,
49288 0 0.08,
49305 9 0.62,
49385 9 0.51,
49388 12 0.31,
49417 15 0.21,
49426 15 0.76,
49452 3 0.42,
49506 12 0.7,
49547 11 0.23,
49598 4 0.08,
49612 0 0.37,
49698 8 0.19,
49751 12 0.84,
49803 4 0.11,
49803 14 0.61,
49837 13 0.07,
49912 14 0.31,
49914 10 0.43,
49971 8 0.07,
49975 19 0.58,
49979 6 0.5,
50005 9 0.84,
50040 1 0.23,
50064 17 0.32,
50066 14 0.71,
50108 3 0.4,
50165 8 0.95,
50248 5 0.71,
50249 7 0.95,
50303 10 0.8,
50310 10 0.14,
50319 8 0.66,
50395 7 0.41,
50453 2 0.69,
50524 6 0.08,
50574 3 0.99,
50609 0 0.87,
50660 9 0.41,
50711 9 0.43,
50759 19 0.93,
50761 1 0.25,
50772 13 0.65,
50789 1 0.02,
50794 9 0.98,
50883 14 0.81,
50908 9 0.07,
50912 4 0.03,
50932 17 0.29,
51018 6 0.85,
51092 15 0.38,
51113 13 0.29,
51148 2 0.08,
51185 8 0.64,
51188 1 0.95,
51193 3 0.1,
51216 5 0.1,
51226 10 0.46,
51283 3 0.99,
51289 17 0.4,
51361 19 0.34,
51385 19 0.95,
51455 13 0.58,
51544 2 0.97,
51624 6 0.53,
51631 12 0.31,
51686 1 0.57,
51738 16 0.85,
51750 14 0.42,
51819 0 0.12,
51861 19 0.23,
51890 1 0.27,
51964 1 0.18,
51993 18 0.45,
52044 5 0.99,
52056 10 0.12,
52099 1 0.46,
52100 6 0.12,
52136 16 0.18,
52154 19 0.26,
52202 12 0.34,
52206 9 0.03,
52217 8 0.77,
52264 6 0.77,
52324 7 0.61,
52363 5 0.13,
52421 0 0.35,
52491 2 0.86,
52536 13 0.05,
52536 15 0.44,
52592 7 0.55,
52679 16 0.15,
52735 16 0.32,
52763 1 0.66,
52763 10 0.77,
52790 8 0.66,
52803 8 0.96,
52890 1 0.97,
52925 16 0.88,
52927 8 0.25,
52981 9 0.68,
53011 19 0.67,
53036 11 0.95,
53117 6 0.89,
53120 18 0.56,
53133 14 0.77,
53148 11 0.38,
53204 3 0.78,
53276 10 0.42,
53317 7 0.86,
53385 3 0.14,
53437 9 0.33,
53486 10 0.4,
53570 17 0.2,
53651 12 0.5,
53736 19 0.49,
53819 2 0.38,
53882 14 0.26,
53883 17 0.97,
53970 4 0.46,
54058 14 0.31,
54118 16 0.03,
54127 19 0.41,
54168 11 0.24,
54221 13 0.55,
54275 16 0.61,
54338 2 0.07,
54397 10 0.34,
54404 11 0.83,
54430 0 1.0,
54461 3 0.8,
54509 0 0.47,
54571 5 0.91,
54606 7 0.35,
54679 17 0.53,
54697 2 0.14,
54712 12 0.19,
54724 16 0.61,
54798 7 0.61,
54850 9 0.95,
54867 5 0.81,
54885 6 0.99,
54929 19 0.35,
54955 11 0.2,
54990 3 0.67,
55004 6 0.31,
55089 4 0.78,
55111 4 0.07,
55189 17 0.54,
55263 4 0.4,
55312 3 0.36,
55357 3 0.1,
55358 11 0.23,
55397 17 0.31,
55431 19 0.91,
55477 10 0.97,
55481 9 0.25,
55552 15 0.18,
55559 3 0.07,
55613 1 0.03,
55660 13 0.58,
55718 10 0.83,
55719 9 0.11,
55765 19 0.27,
55782 10 0.62,
55865 18 0.09,
55868 13 0.44,
55916 8 0.59,
56004 16 0.21,
56086 17 0.39,
56151 13 0.49,
56189 16 0.23,
56201 5 0.63,
56246 12 0.33,
56293 12 0.81,
56322 5 0.7,
56332 14 0.04,
56353 14 0.46,
56361 17 0.27,
56438 19 0.67,
56455 6 0.56,
56519 18 0.11,
56530 8 0.09,
56583 17 0.23,
56652 3 0.58,
56684 9 0.69,
56705 11 0.09,
56747 7 0.83,
56776 2 0.94,
56780 15 0.72,
56842 14 0.19,
56894 7 0.64,
56894 15 0.98,
56970 11 0.42,
57005 11 0.41,
57081 19 0.05,
57106 14 0.17,
57187 1 0.14,
57214 5 0.27,
57270 2 0.62,
57337 15 0.14,
57388 10 0.23,
57410 19 0.78,
57480 19 0.09,
57510 8 0.99,
57544 17 0.86,
57564 7 0.2,
57621 5 0.63,
57697 15 0.91,
57709 6 0.7,
57773 6 0.44,
57820 17 0.26,
57820 2 0.93,
57829 7 0.42,
57862 13 0.42,
57867 5 0.76,
57872 14 0.01,
57938 7 0.77,
58022 5 0.68,
58080 18 0.8,
58153 7 0.67,
58217 4 0.95,
58240 4 0.97,
58255 16 0.25,
58266 0 0.12,
58309 13 0.18,
58367 11 0.74,
58423 5 0.17,
58441 0 0.64,
58445 17 0.49,
58503 18 0.46,
58586 12 0.78,
58591 6 0.42,
58621 10 0.97,
58632 13 0.21,
58650 16 0.15,
58734 5 0.46,
58770 0 0.21,
58808 6 0.28,
58857 5 0.25,
58882 15 0.39,
58890 10 0.09,
58928 17 0.28,
58947 11 0.98,
59000 7 0.05,
59034 3 0.49,
59050 19 0.27,
59108 6 0.53,
59137 13 0.73,
59223 15 0.45,
59272 17 0.26,
59305 14 0.84,
59325 8 0.47,
59331 6 0.61,
59396 12 0.55,
59447 9 0.67,
59458 18 0.72,
59537 9 0.13,
59616 5 0.26,
59635 19 0.49,
59641 1 0.82,
59698 13 0.64,
59743 12 0.42,
59758 11 0.39,
59761 8 0.28,
59809 13 0.41,
59891 5 0.86,
59920 10 0.88,
59999 14 0.73,
60055 0 0.46,
60104 16 0.51,
60132 18 0.86,
60167 6 0.65,
60214 8 0.95,
60224 13 0.16,
60249 5 0.87,
60289 15 0.42,
60339 7 0.35,
60380 7 0.37,
60450 9 0.04,
60536 8 0.48,
60585 10 0.27,
60629 2 0.79,
60643 10 0.62,
60661 2 0.12,
60706 16 0.37,
60760 14 0.41,
60790 1 0.2,
60851 2 0.57,
60867 12 0.31,
60892 9 0.35,
60940 19 0.23,
60942 1 0.5,
61008 13 0.46,
61054 1 0.83,
61071 19 0.38,
61136 14 0.75,
61201 16 0.77,
61252 13 0.71,
61265 12 0.44,
61326 9 0.43,
61401 8 0.13,
61408 19 0.89,
61411 16 0.77,
61446 19 0.57,
61480 0 0.49,
61488 3 0.03,
61559 7 0.81,
61601 13 0.04,
61655 11 0.05,
61667 18 0.71,
61706 5 0.41,
61777 16 0.7,
61823 17 0.08,
61850 0 0.26,
61864 8 0.59,
61872 1 0.11,
61945 0 0.93,
61995 1 0.37,
62028 2 0.68,
62036 1 0.35,
62100 0 0.51,
62140 16 0.84,
62187 13 0.98,
62242 5 0.06,
62296 0 0.48,
62360 1 0.16,
62444 19 0.36,
62507 10 0.07,
62525 2 0.45,
62566 8 0.54,
62624 13 0.82,
62649 5 0.21,
62738 12 0.47,
62763 10 0.13,
62828 15 0.42,
62913 2 0.63,
62964 8 0.54,
63024 0 0.74,
63048 18 0.71,
63092 17 0.09,
63176 11 0.97,
63217 6 0.22,
63250 2 0.62,
63332 10 0.02,
63408 4 0.83,
63468 2 0.71,
63546 9 0.13,
63635 6 0.87,
63708 11 0.45,
63724 17 0.85,
63737 9 0.76,
63784 3 0.62,
63843 3 0.13,
63845 12 0.55,
63929 7 0.06,
63962 9 0.21,
63988 17 0.33,
64071 13 0.53,
64141 1 0.03,
64144 16 0.16,
64204 6 0.01,
64245 5 0.94,
64300 18 0.22,
64326 14 0.13,
64414 17 0.96,
64426 14 0.96,
64489 10 0.8,
64546 4 0.02,
64611 12 0.63,
64682 7 0.78,
64725 10 0.95,
64814 18 0.83,
64836 4 0.37,
64877 0 0.7,
64919 9 0.96,
64978 1 0.9,
65016 7 0.74,
65085 7 0.41,
65096 17 0.15,
65105 3 0.25,
65122 7 0.19,
65132 19 0.32,
65152 13 0.45,
65210 0 0.06,
65290 1 0.41,
65338 4 0.09,
65373 11 0.07,
65439 18 0.05,
65496 2 0.4,
65525 9 0.71,
65533 0 0.71,
65571 14 0.53,
65585 16 0.41,
65621 15 0.72,
65681 6 0.68,
65715 0 0.28,
65767 1 0.09,
65814 19 0.8,
65829 2 0.12,
65890 4 0.05,
65913 18 0.3,
65920 18 0.11,
65979 6 0.05,
65990 10 0.78,
66037 9 0.29,
66102 16 0.99,
66148 2 0.75,
66228 7 0.64,
66228 16 0.64,
66298 14 0.33,
66318 13 0.8,
66341 3 0.25,
66395 13 0.38,
66427 9 0.11,
66511 5 0.89,
66552 3 0.01,
66565 16 0.82,
66611 8 0.84,
66662 16 0.7,
66675 9 0.38,
66705 13 0.84,
66743 19 0.49,
66832 10 0.23,
66881 3 0.3,
66903 7 0.49,
66969 12 0.45,
67032 15 0.95,
67120 8 0.57,
67178 8 0.39,
67240 2 0.61,
67253 8 0.73,
67333 9 0.79,
67383 8 0.62,
67387 14 0.37,
67464 8 0.63,
67549 9 0.14,
67579 17 0.56,
67616 4 0.45,
67618 17 0.35,
67668 11 0.54,
67719 8 0.57,
67777 13 0.87,
67820 11 0.46,
67885 8 1.0,
67885 10 0.39,
67960 9 0.35,
68001 14 0.38,
68035 15 0.23,
68065 2 0.74,
68139 3 0.27,
68211 9 0.81,
68246 18 0.21,
68284 19 0.77,
68295 10 0.19,
68337 19 0.01,
68406 16 0.56,
68449 12 0.72,
68490 13 0.32,
68522 15 0.62,
68541 4 0.89,
68598 6 0.67,
68682 5 0.01,
68724 3 0.22,
68804 4 0.92,
68848 18 0.02,
68898 16 0.23,
68954 6 0.6,
69036 8 0.44,
69065 18 0.18,
69115 12 0.56,
69158 7 0.33,
69196 1 0.35,
69277 4 0.67,
69293 5 0.79,
69369 4 0.01,
69394 2 0.99,
69418 9 0.1,
69437 15 0.23,
69523 17 0.71,
69578 15 0.9,
69600 10 0.39,
69623 11 0.44,
69697 1 0.72,
69722 10 0.58,
69804 11 0.7,
69817 3 0.47,
69872 6 0.42,
69876 1 0.92,
69881 4 0.18,
69903 13 0.25,
69985 0 0.49,
69993 19 0.46,
70020 19 0.55,
70071 3 0.66,
70095 9 0.91,
70146 8 0.93,
70166 17 0.31,
70219 13 0.09,
70296 17 0.62,
70352 7 0.48,
70358 1 0.85,
70401 0 0.95,
70467 2 0.99,
70479 12 0.98,
70513 11 0.26,
70541 3 0.46,
70626 7 0.35,
70670 8 0.55,
70672 5 0.59,
70760 7 0.52,
70772 13 0.62,
70832 5 0.85,
70866 3 0.02,
70906 2 0.78,
70972 12 0.82,
71013 19 0.59,
71073 5 0.27,
71133 19 0.42,
71151 4 0.34,
71154 10 0.32,
71226 2 0.79,
71309 15 0.17,
71339 9 0.22,
71420 19 0.41,
71479 10 0.24,
71489 1 0.86,
71536 15 0.45,
71608 13 0.42,
71619 17 0.02,
71635 3 0.94,
71721 5 0.72,
71796 12 0.48,
71800 14 0.88,
71859 17 0.5,
71922 1 0.04,
71966 3 0.46,
71970 9 0.24,
72029 3 0.31,
72047 15 0.12,
72076 7 0.58,
72142 7 0.96,
72214 13 0.29,
72300 19 0.63,
72326 18 0.15,
72333 12 0.3,
72416 0 0.14,
72447 10 0.31,
72498 9 0.69,
72553 4 0.18,
72568 9 0.86,
72612 18 0.06,
72659 15 0.15,
72687 18 0.81,
72695 19 0.66,
72754 12 0.2,
72839 13 0.65,
72860 3 0.56,
72926 12 0.44,
73007 15 0.74,
73045 4 0.81,
73053 17 0.89,
73114 8 0.52,
73137 9 0.33,
73196 8 0.51,
73282 12 0.18,
73339 6 0.81,
73360 17 0.59,
73443 6 0.1,
73527 6 0.66,
73551 13 0.53,
73581 16 0.72,
73660 7 0.53,
73667 16 0.53,
73670 3 0.89,
73723 16 0.09,
73763 19 0.8,
73845 5 0.03,
73887 4 0.02,
73946 4 0.37,
74000 3 0.21,
74010 9 0.42,
74067 9 0.85,
74090 8 0.32,
74096 0 0.53,
74136 13 0.57,
74139 19 0.79,
74182 0 0.65,
74221 18 0.96,
74264 19 0.19,
74350 12 0.86,
74433 13 0.12,
74473 15 0.2,
74477 7 0.74,
74497 9 0.75,
74552 11 0.42,
74561 17 0.13,
74584 8 0.67,
74619 6 0.9,
74653 1 0.39,
74684 9 0.97,
74741 14 0.63,
74807 16 0.05,
74816 19 0.55,
74863 11 0.6,
74910 11 0.23,
74962 12 0.26,
75029 17 0.41,
75099 4 0.76,
75128 11 0.03,
75195 0 0.15,
75251 13 0.37,
75298 11 0.19,
75355 10 0.71,
75432 2 0.57,
75444 17 0.73,
75526 7 0.89,
75613 17 0.46,
75696 2 0.16,
75776 1 0.04,
75837 18 0.37,
75890 4 0.18,
75943 19 0.61,
75970 18 0.74,
76013 15 0.48,
76072 5 0.46,
76112 12 0.35,
76144 18 0.94,
76217 4 0.34,
76299 12 0.8,
76366 14 0.1,
76430 19 0.26,
76441 2 0.58,
76447 7 0.39,
76484 10 0.76,
76499 12 0.55,
76512 15 0.3,
76526 13 0.21,
76614 0 0.33,
76618 18 0.66,
76625 8 0.22,
76667 15 0.36,
76679 12 0.23,
76698 13 0.51,
76712 13 0.38,
76773 9 0.21,
76786 19 0.32,
76795 14 0.28,
76807 7 0.83,
76853 17 0.17,
76874 15 0.28,
76918 17 0.7,
76967 15 0.74,
76999 19 0.78,
77085 1 0.8,
77134 15 0.24,
77178 18 0.77,
77209 3 0.36,
77255 9 0.75,
77288 18 0.51,
77292 7 0.73,
77335 9 0.43,
77351 8 0.27,
77357 3 0.84,
77389 5 0.86,
77445 18 0.69,
77447 18 0.95,
77482 10 0.9,
77548 6 0.08,
77623 1 0.76,
77685 1 0.85,
77761 19 0.28,
77781 14 0.11,
77813 17 0.69,
77888 7 0.96,
77942 9 0.6,
77964 15 0.57,
78046 3 0.49,
78061 12 0.86,
78090 1 0.25,
78091 6 0.13,
78160 0 0.17,
78192 13 0.18,
78258 13 0.67,
78268 1 0.65,
78313 14 0.36,
78341 8 0.05,
78417 8 0.65,
78485 13 0.01,
78537 0 0.67,
78560 15 0.25,
78609 10 0.41,
78693 10 0.91,
78723 9 0.88,
78799 9 0.19,
78842 1 0.57,
78883 8 0.32,
78922 2 0.4,
78958 19 0.05,
78978 15 0.07,
78994 15 0.37,
79038 7 0.45,
79101 19 0.35,
79118 7 0.18,
79137 13 0.85,
79161 16 0.02,
79183 10 0.33,
79253 18 0.14,
79334 4 0.09,
79386 11 0.69,
79397 10 0.94,
79416 10 0.29,
79483 7 0.15,
79566 15 0.44,
79619 0 0.18,
79666 4 0.9,
79719 19 0.45,
79724 12 0.78,
79776 6 0.6,
79790 8 0.58,
79797 7 0.84,
79826 17 0.38,
79894 3 0.41,
79927 13 0.68,
80012 6 0.15,
80035 16 0.26,
80109 7 0.31,
80135 12 0.9,
80213 4 0.5,
80295 19 0.37,
80347 9 0.58,
80389 16 0.04,
80419 17 0.81,
80483 4 0.53,
80513 5 0.38,
80517 2 1.0,
80560 6 0.37,
80589 18 0.59,
80637 6 0.14,
80658 9 0.61,
80674 10 0.63,
80689 13 0.04,
80695 15 0.15,
80757 1 0.74,
80782 15 0.31,
80816 9 0.49,
80838 3 0.02,
80839 15 0.54,
80888 0 0.65,
80903 10 0.84,
80924 2 0.68,
80976 0 0.58,
80998 9 0.8,
81073 18 0.27,
81074 4 0.71,
81153 6 0.65,
81214 17 0.32,
81231 6 0.06,
81283 13 0.61,
81340 14 0.73,
81348 4 0.72,
81404 14 0.57,
81405 0 0.35,
81422 1 0.82,
81452 19 0.68,
81511 8 0.56,
81539 0 0.99,
81611 13 0.62,
81663 5 0.37,
81698 9 0.05,
81744 2 0.76,
81748 17 0.08,
81834 14 0.3,
81863 4 0.52,
81918 10 0.93,
81985 8 0.28,
82031 0 0.02,
82086 11 0.57,
82096 4 0.23,
82163 16 0.63,
82190 2 0.52,
82190 14 0.07,
82243 7 0.14,
82331 1 0.81,
82395 16 0.63,
82452 17 0.2,
82536 19 0.44,
82603 4 0.58,
82678 10 0.05,
82702 13 0.01,
82777 2 0.82,
82784 5 0.19,
82784 17 0.94,
82812 5 0.4,
82831 14 0.96,
82915 4 0.18,
82925 11 0.72,
82930 17 0.29,
82939 8 0.54,
82939 15 0.99,
83022 12 0.84,
83041 16 0.88,
83108 17 0.2,
83117 9 0.99,
83123 3 0.86,
83125 2 0.84,
83196 11 0.92,
83221 7 0.72,
83281 13 0.65,
83322 6 0.15,
83329 6 0.66,
83410 9 0.96,
83467 12 0.96,
83554 11 0.75,
83568 7 0.31,
83641 19 1.0,
83698 10 0.98,
83768 6 0.71,
83818 3 0.86,
83880 11 0.6,
83920 5 0.17,
83931 7 0.09,
83972 6 0.86,
84025 18 0.58,
84057 13 0.05,
84079 16 0.34,
84121 12 0.48,
84138 8 0.71,
84162 18 0.99,
84222 4 0.86,
84264 4 0.63,
84293 13 0.12,
84375 9 0.77,
84446 7 0.08,
84525 17 0.34,
84583 13 0.23,
84639 0 0.34,
84722 17 0.64,
84738 17 0.47,
84746 13 0.15,
84833 1 0.92,
84878 7 0.68,
84886 13 0.33,
84971 19 0.19,
85036 16 0.57,
85060 11 0.19,
85098 3 0.11,
85125 3 0.54,
85126 17 0.24,
85159 0 0.74,
85209 13 0.61,
85224 5 0.92,
85259 1 0.32,
85295 12 0.95,
85367 12 0.5,
85426 19 0.59,
85476 2 0.26,
85544 13 0.81,
85624 12 0.44,
85635 3 1.0,
85641 10 0.21,
85710 2 0.11,
85738 17 0.35,
85813 10 0.4,
85840 5 0.25,
85929 4 0.09,
85955 14 0.47,
85956 12 0.44,
86020 15 0.75,
86029 2 0.92,
86053 14 0.51,
86072 18 0.22,
86119 16 0.48,
86189 14 0.57,
86215 4 0.56,
86256 8 0.23,
86280 11 0.01,
86327 13 0.22,
86391 8 0.46,
86456 8 0.93,
86476 9 0.71,
86500 5 0.76,
86585 18 0.35,
86603 0 0.28,
86617 13 0.92,
86668 4 0.4,
86687 7 0.3,
86752 6 0.77,
86815 14 0.82,
86820 9 0.27,
86889 15 0.02,
86931 1 0.19,
87003 16 0.17,
87010 14 0.3,
87076 13 0.82,
87117 0 0.11,
87182 19 0.65,
87222 12 0.95,
87302 10 0.08,
87365 1 0.6,
87383 4 0.19,
87464 17 0.79,
87479 17 0.53,
87520 14 0.82,
87563 14 0.66,
87627 2 0.43,
87667 6 0.28,
87680 19 0.89,
87680 3 0.64,
87751 15 0.99,
87794 16 0.85,
87802 17 0.43,
87861 16 0.98,
87873 16 0.01,
87880 14 0.66,
87928 3 0.6,
87999 13 0.31,
88079 7 0.32,
88146 19 0.81,
88229 19 0.26,
88303 18 0.96,
88332 7 0.58,
88334 10 0.52,
88403 18 0.71,
88431 6 0.49,
88503 1 0.97,
88537 2 0.9,
88602 7 0.21,
88656 14 0.17,
88716 2 0.76,
88739 7 0.89,
88792 17 0.82,
88870 9 0.13,
88881 9 0.41,
88918 5 0.97,
88936 5 0.86,
88972 17 0.62,
88998 9 0.52,
89054 1 0.6,
89079 15 0.73,
89108 12 0.35,
89179 10 0.96,
89241 14 0.24,
89326 17 0.98,
89394 17 0.56,
89457 0 0.09,
89534 14 0.18,
89539 5 0.94,
89553 12 0.2,
89624 4 0.69,
89643 17 0.96,
89726 11 0.78,
89767 11 0.08,
89767 17 0.62,
89773 10 0.09,
89851 3 0.28,
89921 18 0.6,
89925 7 0.09,
90011 15 0.19,
90078 7 0.4,
90094 11 0.6,
90134 11 0.3,
90134 3 0.08,
90177 16 0.43,
90251 9 0.9,
90290 5 0.17,
90302 11 0.72,
90346 3 0.38,
90433 3 0.65,
90482 10 0.57,
90489 2 0.68,
90504 12 0.18,
90526 3 0.65,
90559 4 0.18,
90608 14 0.19,
90656 6 0.32,
90670 1 0.74,
90687 18 0.72,
90708 3 0.04,
90747 7 0.72,
90790 11 0.29,
90821 8 0.95,
90859 4 0.8,
90872 5 0.81,
90909 0 0.22,
90941 11 0.17,
91015 8 0.68,
91064 11 0.17,
91139 8 0.94,
91168 14 0.42,
91180 18 0.26,
91224 0 0.35,
91304 15 0.3,
91342 16 0.02,
91372 6 0.88,
91449 4 0.27,
91454 6 0.55,
91454 3 0.18,
91495 2 0.94,
91516 3 0.94,
91593 14 0.71,
91612 0 0.67,
91654 15 0.82,
91660 18 0.97,
91712 11 0.04,
91731 7 0.83,
91767 1 0.2,
91779 5 0.46,
91800 13 0.8,
91815 1 0.84,
91896 3 0.51,
91984 4 0.11,
91985 16 0.21,
91989 18 0.55,
92053 1 0.38,
92070 16 0.09,
92138 8 0.77,
92167 7 0.99,
92168 3 0.25,
92216 19 0.68,
92292 5 0.48,
92334 18 0.22,
92383 3 0.2,
92402 18 0.27,
92485 14 0.5,
92489 19 0.15,
92576 7 0.32,
92659 17 0.29,
92692 8 0.85,
92729 15 0.96,
92740 10 0.14,
92817 11 0.14,
92897 2 0.31,
92958 14 0.59,
92976 0 0.78,
92996 6 0.7,
93029 11 0.64,
93102 15 0.95,
93105 12 0.33,
93166 13 0.28,
93232 18 0.31,
93275 2 0.86,
93306 16 0.86,
93382 14 0.77,
93391 19 0.7,
93471 2 0.81,
93532 14 0.98,
93577 17 0.33,
93589 4 0.35,
93637 12 0.2,
93699 5 0.26,
93760 10 0.95,
93799 16 0.42,
93864 17 0.09,
93880 8 0.29,
93899 7 0.72,
93909 1 0.81,
93966 13 0.18,
93980 1 0.21,
94056 4 0.31,
94094 11 0.61,
94173 5 0.41,
94206 15 0.45,
94212 13 0.54,
94248 2 0.54,
94263 3 0.21,
94280 11 0.36,
94299 6 0.75,
94349 11 0.98,
94414 17 0.47,
94415 12 0.1,
94471 11 0.48,
94543 0 0.81,
94591 0 0.25,
94679 2 0.56,
94710 3 0.73,
94743 17 1.0,
94799 2 1.0,
94821 8 0.5,
94845 15 0.21,
94871 19 0.09,
94932 2 0.89,
94937 8 0.34,
94977 1 0.89,
95009 6 0.18,
95013 9 0.12,
95092 19 0.06,
95170 9 0.58,
95256 1 0.94,
95329 5 0.5,
95341 6 0.52,
95366 17 0.15,
95385 1 0.17,
95436 6 0.98,
95441 5 0.21,
95519 8 0.72,
95606 10 0.41,
95623 4 0.28,
95686 0 0.27,
95734 11 0.39,
95819 7 0.17,
95819 4 0.53,
95857 11 0.61,
95860 0 0.72,
95874 18 0.71,
95944 3 0.31,
96007 7 0.66,
96069 15 0.65,
96094 10 0.54,
96118 8 0.66,
96194 3 0.15,
96254 3 0.54,
96328 5 0.03,
96330 12 0.97,
96373 13 0.28,
96422 16 0.47,
96466 14 0.64,
96535 17 0.33,
96556 3 0.5,
96629 12 0.39,
96629 18 0.74,
96634 1 0.34,
96691 3 0.79,
96706 3 0.9,
96758 11 0.28,
96787 9 0.19,
96796 12 0.77,
96877 10 0.63,
96899 6 0.4,
96920 3 0.42,
96967 8 0.21,
97004 13 0.18,
97034 16 0.23,
97118 2 0.89,
97196 1 0.86,
97284 0 0.03,
97335 13 0.38,
97379 5 0.23,
97432 16 0.43,
97501 8 0.21,
97574 11 0.85,
97659 13 0.17,
97748 17 0.43,
97766 7 0.79,
97786 1 0.84,
97807 2 0.3,
97881 5 0.27,
97881 1 0.25,
97899 8 0.6,
97933 17 0.23,
97987 15 0.55,
98025 2 0.84,
98063 1 0.47,
98123 1 0.94,
98197 16 1.0,
98260 8 0.51,
98274 19 0.03,
98322 4 0.26,
98327 1 0.54,
98416 11 0.19,
98427 1 0.35,
98488 16 0.33,
98527 4 0.19,
98609 5 0.59,
98610 9 0.68,
98610 0 0.83,
98660 6 0.42,
98670 2 0.49,
98721 14 0.58,
98788 13 0.42,
98868 8 0.28,
98905 0 0.82,
98950 4 0.72,
99029 15 0.6,
99029 13 0.24,
99069 7 0.81,
99084 4 0.73,
99127 6 0.07,
99210 5 0.3,
99233 10 0.07,
99309 1 0.52,
99370 10 0.81,
99412 5 0.88,
99467 19 0.59,
99545 13 0.29,
99620 19 0.98,
99650 8 0.54,
99707 13 0.59,
99747 5 0.26,
99777 5 0.13,
99778 19 0.28,
99861 12 0.14,
99877 13 0.44,
99881 5 0.29,
99955 0 0.13,
99976 2 0.86,
100012 2 0.4,
100025 5 0.04,
100103 11 0.3,
100155 9 0.09,
100194 13 0.06,
100256 19 0.98,
100276 19 0.91,
100338 9 0.55,
100399 15 0.63,
100460 4 0.79,
100465 13 0.37,
100549 17 0.75,
100550 4 0.72,
100613 18 0.34,
100654 3 0.93,
100715 11 0.1,
100772 7 0.49,
100780 0 0.58,
100869 14 0.84,
100938 4 0.29,
100985 12 0.03,
100988 7 0.23,
101049 10 0.51,
101120 10 0.47,
101139 4 0.01,
101226 18 0.62,
101295 7 0.72,
101343 14 0.13,
101366 18 0.59,
101398 5 0.92,
101456 2 0.72,
101487 19 0.14,
101576 1 0.76,
101591 4 1.0,
101679 2 0.04,
101685 2 0.95,
101718 7 0.47,
101723 17 0.61,
101734 11 0.71,
101789 11 0.34,
101874 14 0.38,
101957 16 0.68,
101991 15 0.15,
102022 14 0.35,
102075 5 0.02,
102095 19 0.99,
102177 15 0.24,
102200 19 0.07,
102258 2 0.49,
102279 18 0.08,
102355 11 0.76,
102355 9 0.87,
102399 8 0.19,
102458 2 0.52,
102529 0 0.24,
102604 11 0.54,
102612 14 0.36,
102655 14 0.92,
102669 4 0.3,
102754 4 0.06,
102793 2 0.98,
102875 13 0.11,
102922 16 0.46,
102989 17 0.88,
103035 13 0.95,
103080 9 0.42,
103153 1 0.08,
103174 14 0.68,
103262 19 0.5,
103339 19 0.55,
103402 17 0.39,
103402 8 0.42,
103486 17 0.08,
103562 5 0.87,
103639 15 0.41,
103722 6 0.33,
103744 8 0.74,
103790 9 0.78,
103875 6 0.01,
103925 15 0.81,
103938 5 0.81,
104015 9 0.4,
104041 15 0.38,
104099 3 0.06,
104127 12 0.23,
104207 0 0.88,
104293 14 0.07,
104317 13 0.81,
104358 15 0.44,
104414 12 0.28,
104481 10 0.25,
104498 12 0.71,
104508 1 0.93,
104520 5 0.33,
104542 9 0.05,
104597 9 0.45,
104634 9 0.58,
104650 7 0.04,
104676 19 0.42,
104701 18 0.09,
104702 6 0.24,
104744 9 0.96,
104801 11 0.92,
104856 2 0.01,
104883 1 0.24,
104926 9 0.5,
104988 13 0.61,
105001 17 0.21,
105006 3 0.89,
105033 4 0.73,
105112 19 0.23,
105194 5 0.95,
105209 19 0.85,
105284 6 0.19,
105328 9 0.65,
105414 17 0.18,
105495 9 0.03,
105569 13 0.97,
105646 9 0.36,
105712 14 0.69,
105763 12 0.76,
105852 1 0.96,
105912 16 0.91,
105998 8 0.54,
106042 19 0.9,
106120 10 0.04,
106154 4 0.96,
106161 4 1.0,
106207 6 0.56,
106211 15 0.66,
106275 3 0.46,
106346 18 0.04,
106370 17 0.83,
106444 7 0.44,
106485 11 0.65,
106537 6 0.25,
106626 9 0.23,
106704 15 0.26,
106746 12 0.36,
106808 18 0.19,
106850 6 0.52,
106928 1 0.71,
106972 9 0.8,
107055 12 0.94,
107079 16 0.05,
107131 6 0.71,
107138 10 0.7,
107154 5 0.19,
107203 11 0.72,
107280 19 0.76,
107364 18 0.82,
107410 10 0.11,
107492 2 0.72,
107533 9 0.44,
107603 1 0.28,
107662 10 0.82,
107674 2 0.88,
107740 5 0.5,
107758 11 0.24,
107834 16 0.61,
107916 12 0.18,
107936 3 0.39,
107982 13 0.11,
108065 5 0.63,
108144 10 0.35,
108227 12 0.82,
108313 7 0.73,
108316 11 0.42,
108377 3 0.94,
108432 11 0.8,
108471 5 0.01,
108519 5 0.45,
108603 17 0.17,
108656 19 0.34,
108666 18 0.48,
108677 7 0.34,
108737 8 0.14,
108792 17 0.29,
108792 8 0.07,
108855 13 0.95,
108881 3 0.62,
108911 2 0.47,
108915 13 0.94,
108940 2 0.79,
109013 4 0.43,
109086 18 0.9,
109092 9 0.83,
109158 7 0.97,
109244 5 0.93,
109319 11 0.72,
109397 12 0.66,
109399 3 0.67,
109418 7 0.47,
109494 16 0.16,
109508 6 0.19,
109569 16 0.62,
109633 17 0.94,
109691 13 0.23,
109777 14 0.73,
109864 8 0.35,
109915 16 0.7,
109977 3 0.23,
110062 9 0.64,
110104 3 0.53,
110111 5 0.62,
110183 0 0.07,
110259 3 0.11,
110343 6 0.26,
110384 3 0.62,
110422 1 0.91,
110473 10 0.26,
110523 10 0.77,
110571 4 0.54,
110603 11 0.72,
110623 9 0.86,
110637 1 0.83,
110667 19 0.72,
110731 3 0.9,
110752 17 0.55,
110769 6 0.15,
110796 17 1.0,
110863 3 0.68,
110939 4 0.02,
110954 0 0.49,
111037 13 0.81,
111039 9 0.51,
111074 19 0.04,
111127 5 0.07,
111138 9 0.23,
111197 10 0.38,
111224 5 0.59,
111263 4 0.1,
111296 12 0.42,
111335 16 0.04,
111363 4 0.23,
111424 10 0.17,
111500 2 0.78,
111576 19 0.56,
111590 19 0.1,
111670 14 0.19,
111691 5 0.46,
111740 11 0.18,
111812 11 0.41,
111831 9 0.19,
111905 5 0.3,
111994 19 0.94,
112074 7 0.36,
112160 6 0.53,
112195 10 0.46,
112264 16 0.32,
112321 3 0.26,
112359 14 0.1,
112394 12 0.04,
112452 19 0.86,
112500 11 0.73,
112558 13 0.18,
112574 4 0.8,
112579 17 0.6,
112638 1 0.37,
112687 4 0.26,
112768 18 0.9,
112835 8 0.12,
112836 19 0.75,
112916 13 0.95,
112964 11 0.04,
113042 1 0.09,
113105 10 0.09,
113174 11 0.16,
113185 12 0.94,
113218 14 0.28,
113274 17 0.07,
113282 12 0.91,
113362 3 0.14,
113446 8 0.39,
113535 5 0.34,
113581 11 0.01,
113670 1 0.46,
113725 4 0.11,
113735 17 0.12,
113799 19 0.43,
113809 13 0.06,
113811 17 0.61,
113846 2 0.16,
113868 2 0.25,
113953 13 0.26,
114023 10 0.96,
114044 17 0.66,
114065 1 0.81,
114122 11 0.32,
114206 1 0.49,
114276 10 0.39,
114357 13 0.84,
114401 10 0.64,
114424 10 0.26,
114504 0 0.52,
114583 2 0.56,
114651 19 0.19,
114670 10 0.01,
114715 1 0.54,
114789 13 0.66,
114831 0 0.16,
114911 2 0.39,
114916 18 0.93,
114998 9 0.84,
115057 0 0.81,
115104 2 0.97,
115149 5 0.76,
115233 10 0.59,
115274 14 0.34,
115321 18 0.61,
115346 14 0.27,
115385 13 0.64,
115424 4 0.35,
115477 5 0.23,
115545 6 0.68,
115562 18 0.09,
115574 10 0.76,
115588 7 0.86,
115615 12 0.25,
115694 18 0.73,
115753 16 0.94,
115755 10 0.63,
115842 15 0.22,
115918 5 0.25,
115958 9 0.23,
116041 2 0.58,
116051 17 0.78,
116131 16 0.38,
116197 4 0.1,
116257 6 0.75,
116328 13 0.84,
116414 11 0.59,
116429 9 0.01,
116485 5 0.83,
116548 19 0.97,
116634 1 0.45,
116669 7 0.82,
116679 4 0.09,
116761 6 0.81,
116764 7 0.35,
116841 19 0.3,
116915 2 0.45,
116997 0 0.15,
117009 18 0.42,
117013 0 0.5,
117060 1 0.33,
117131 9 0.47,
117136 11 0.7,
117195 9 0.33,
117239 19 0.9,
117285 14 0.82,
117363 8 0.26,
117432 13 0.46,
117438 11 0.65,
117523 2 0.44,
117526 5 0.35,
117542 9 0.97,
117613 14 0.14,
117642 14 0.86,
117690 9 0.4,
117702 13 0.77,
117745 12 0.42,
117751 7 0.37,
117830 10 0.44,
117871 15 0.53,
117923 16 0.71,
117997 0 0.42,
118018 14 0.1,
118035 9 0.44,
118074 13 0.6,
118096 16 0.77,
118118 14 0.6,
118193 19 0.23,
118247 6 0.67,
118318 16 0.35,
118327 16 0.95,
118366 0 0.42,
118369 9 0.73,
118389 16 0.77,
118453 8 0.66,
118471 5 0.54,
118504 10 0.35,
118578 17 0.16,
118586 15 0.52,
118615 6 0.84,
118651 9 0.38,
118693 2 0.02,
118731 13 0.38,
118809 10 0.29,
118855 0 0.88,
118925 19 0.69,
119006 1 0.06,
119083 19 0.36,
119098 12 0.36,
119126 1 0.1,
119206 3 0.16,
119217 2 0.38,
119290 10 0.87,
119335 19 0.11,
119394 10 0.97,
119408 7 0.81,
119456 3 0.13,
119510 8 0.05,
119586 7 0.53,
119602 17 0.31,
119621 8 0.99,
119647 18 1.0,
119684 0 0.47,
119709 13 0.25,
119788 8 0.14,
119841 2 0.9,
119857 1 0.12,
119863 0 0.01,
119929 7 0.13,
119947 14 0.38,
120005 8 0.59,
120046 5 0.24,
120081 3 0.11,
120167 14 0.39,
120202 5 0.09,
120266 9 0.63,
120344 2 0.33,
120424 3 0.18,
120446 0 0.44,
120493 9 0.93,
120504 7 0.5,
120525 13 0.22,
120527 1 0.42,
120546 0 0.32,
120549 3 0.82,
120608 5 0.46,
120674 1 0.36,
120717 9 0.2,
120745 15 0.51,
120745 18 0.48,
120759 5 0.54,
120769 19 0.05,
120769 7 0.81,
120771 12 0.25,
120835 18 0.51,
120843 8 0.14,
120932 4 0.58,
120989 4 0.16,
121068 8 0.15,
121074 5 0.06,
121120 4 0.83,
121197 12 0.01,
121258 1 0.85,
121277 13 0.41,
121295 14 0.11,
121339 19 0.87,
121348 7 0.13,
121381 13 0.61,
121423 3 0.74,
121505 0 0.94,
121581 5 0.69,
121603 19 0.26,
121633 8 0.88,
121700 16 0.08,
121742 3 0.08,
121751 15 0.91,
121788 14 0.79,
121821 8 0.67,
121868 6 0.18,
121932 7 0.49,
121971 15 0.39,
122004 10 0.73,
122013 17 0.73,
122096 2 0.5,
122107 13 0.31,
122166 2 0.07,
122184 2 0.53,
122188 15 0.34,
122228 11 0.1,
122309 17 0.8,
122326 1 0.32,
122389 11 0.48,
122444 8 0.92,
122498 18 0.29,
122539 9 0.67,
122544 8 0.27,
122611 12 0.41,
122698 11 0.22,
122709 9 0.75,
122773 4 0.37,
122843 2 0.35,
122928 17 0.09,
122942 3 0.74,
122994 17 0.12,
123035 3 0.56,
123104 14 0.43,
123130 17 0.91,
123199 14 0.45,
123255 12 0.11,
123290 3 0.2,
123364 14 0.69,
123397 2 0.87,
123430 1 0.16,
123517 7 0.16,
123593 0 0.7,
123662 6 0.81,
123724 12 0.89,
123725 18 0.32,
123811 1 0.67,
123825 4 0.44,
123876 15 0.77,
123938 13 0.37,
123965 13 0.59,
124014 16 0.62,
124022 4 0.25,
124074 13 0.84,
124137 18 0.21,
124181 4 0.81,
124264 17 0.78,
124320 8 0.58,
124345 9 0.68,
124410 11 0.24,
124446 18 0.91,
124459 0 0.49,
124480 3 0.25,
124552 3 0.58,
124560 18 0.65,
124581 6 0.78,
124605 12 0.56,
124629 3 0.16,
124648 10 0.83,
124733 4 0.5,
124793 14 0.52,
124855 0 0.87,
124925 2 0.09,
125004 0 0.69,
125085 6 0.6,
125157 8 0.96,
125170 0 0.88,
125210 11 0.95,
125245 1 0.89,
125298 12 0.95,
125330 0 0.83,
125342 5 0.28,
125358 13 0.37,
125437 9 0.71,
125491 15 0.79,
125501 4 0.41,
125515 10 0.63,
125517 3 0.12,
125523 17 0.07,
125580 6 0.54,
125650 16 0.3,
125721 14 0.61,
125770 12 0.54,
125789 0 0.09,
125818 13 0.77,
125852 1 0.77,
125881 11 0.65,
125912 10 0.12,
125926 2 0.79,
125980 8 0.68,
125990 0 0.58,
126060 3 0.93,
126149 2 0.91,
126216 15 0.53,
126225 5 0.69,
126305 10 0.17,
126328 9 0.39,
126372 5 0.79,
126453 2 0.44,
126494 13 0.56,
126500 10 0.19,
126528 0 0.08,
126543 9 0.18,
126597 2 0.58,
126682 6 0.87,
126739 10 0.44,
126745 17 0.6,
126829 8 0.04,
126869 2 0.39,
126901 5 0.83,
126960 11 0.64,
126972 2 0.53,
127022 19 0.04,
127032 6 0.08,
127101 1 0.73,
127113 5 0.61,
127183 16 0.2,
127250 15 0.73,
127294 12 0.02,
127297 4 0.84,
127304 19 0.91,
127363 0 0.72,
127405 15 0.68,
127445 11 0.01,
127498 5 0.23,
127561 15 0.93,
127597 17 0.4,
127645 11 0.78,
127730 16 0.4,
127747 2 0.24,
127763 17 0.72,
127809 18 0.21,
127870 4 0.28,
127957 5 0.76,
128009 17 0.08,
128038 15 0.06,
128073 16 0.7,
128117 18 0.79,
128174 11 0.08,
128224 14 0.36,
128234 5 0.93,
128302 9 0.63,
128332 2 0.22,
128367 0 0.42,
128447 10 0.06,
128484 1 0.82,
128486 13 0.67,
128500 15 0.42,
128521 13 0.46,
128546 5 0.64,
128566 0 0.07,
128640 10 0.94,
128656 8 0.55,
128703 4 1.0,
128769 2 0.49,
128845 9 0.89,
128878 19 0.71,
128914 8 0.88,
128953 1 0.46,
128990 1 0.81,
129055 9 0.09,
129055 0 0.89,
129073 1 0.33,
129088 18 0.4,
129121 3 0.32,
129208 2 0.98,
129262 19 0.1,
129291 8 0.51,
129358 17 0.73,
129387 3 0.05,
129465 4 0.48,
129553 18 0.18,
129554 10 0.54,
129630 15 0.21,
129640 15 0.84,
129662 2 0.44,
129687 16 0.14,
129773 8 0.24,
129852 10 0.77,
129852 9 0.72,
129937 2 0.47,
129985 18 0.16,
130051 11 0.94,
130119 11 0.41,
130170 11 0.6,
130172 15 0.52,
130258 6 0.05,
130261 1 0.02,
130329 1 0.45,
130343 8 0.92,
130348 15 0.04,
130419 10 0.67,
130427 6 0.1,
130506 18 0.68,
130552 13 0.95,
130592 10 0.35,
130610 12 1.0,
130690 18 0.29,
130693 17 0.34,
130738 12 0.32,
130811 9 0.18,
130887 5 0.24,
130903 11 0.6,
130954 14 0.35,
131028 15 0.46,
131065 12 0.29,
131137 12 0.17,
131211 5 0.23,
131258 12 0.84,
131320 12 0.83,
131322 11 0.5,
131353 4 0.9,
131396 2 0.3,
131466 9 0.16,
131497 11 0.03,
131558 8 0.96,
131604 14 0.44,
131646 19 0.92,
131675 15 0.92,
131697 9 0.16,
131734 17 0.7,
131809 5 0.57,
131876 14 0.67,
131912 7 0.12,
131958 10 0.51,
132040 9 0.97,
132099 15 0.32,
132133 1 0.56,
132217 18 0.89,
132227 15 0.6,
132242 16 0.87,
132245 6 0.25,
132259 16 0.96,
132303 19 0.59,
132351 11 0.77,
132373 19 0.83,
132456 5 0.29,
132518 15 0.02,
132590 1 0.01,
132635 2 0.29,
132648 7 0.91,
132718 19 0.36,
132722 5 0.4,
132773 17 0.24,
132824 15 0.63,
132885 4 0.63,
132911 14 0.53,
132980 19 0.95,
133054 19 0.4,
133118 0 0.24,
133122 16 0.3,
133139 18 0.55,
133157 4 0.33,
133169 1 0.75,
133216 18 0.85,
133263 16 0.76,
133347 0 0.42,
133435 11 0.74,
133523 18 0.38,
133606 8 0.54,
133614 8 0.95,
133670 15 0.23,
133730 1 0.44,
133732 2 0.53,
133800 7 0.26,
133852 18 0.41,
133884 15 0.14,
133965 16 0.05,
134007 8 0.62,
134074 17 0.56,
134163 7 0.03,
134167 8 0.51,
134251 3 0.98,
134274 0 0.2,
134308 7 0.4,
134373 11 0.78,
134399 4 0.44,
134430 16 0.81,
134495 1 0.24,
134519 11 0.53,
134570 19 0.49,
134605 6 0.85,
134636 10 0.38,
134690 7 0.43,
134725 9 0.58,
134738 10 0.58,
134827 4 0.96,
134856 10 0.78,
134899 16 0.68,
134948 14 0.18,
135025 7 0.69,
135028 13 0.89,
135041 17 0.42,
135058 19 0.22,
135127 5 0.44,
135160 14 0.12,
135228 14 0.41,
135292 9 0.16,
135363 13 0.12,
135367 4 0.45,
135431 4 0.86,
135447 1 0.96,
135451 5 0.85,
135462 10 0.13,
135538 15 0.41,
135541 12 1.0,
135598 1 0.38,
135668 6 0.46,
135707 1 0.94,
135757 9 0.64,
135758 5 0.68,
135805 10 0.13,
135892 5 0.4,
135936 6 0.61,
136012 16 0.99,
136014 17 0.71,
136024 0 0.1,
136042 6 0.31,
136107 5 0.4,
136140 1 0.96,
136182 13 0.98,
136250 4 0.38,
136339 18 0.12,
136343 12 0.52,
136354 6 0.79,
136420 11 0.83,
136474 15 0.12,
136555 15 0.3,
136599 18 0.99,
136637 11 0.77,
136640 8 0.15,
136709 18 0.39,
136762 11 0.43,
136763 0 0.23,
136837 2 0.27,
136925 8 0.78,
136935 15 0.49,
136943 11 0.54,
136946 1 0.93,
136951 0 0.56,
136967 14 0.78,
136990 9 0.4,
137015 11 0.44,
137034 19 0.08,
137085 5 0.67,
137091 15 0.4,
137096 13 0.39,
137171 14 0.93,
137177 16 0.16,
137254 14 0.55,
137328 15 0.99,
137377 4 0.91,
137433 19 0.08,
137504 16 0.35,
137510 16 0.78,
137531 17 0.23,
137557 13 0.2,
137640 18 0.36,
137728 7 0.01,
137801 13 0.49,
137878 15 0.13,
137887 17 0.2,
137899 3 0.64,
137975 5 0.19,
138024 5 0.1,
138110 17 0.72,
138123 4 0.76,
138155 9 0.92,
138208 5 0.86,
138294 19 0.92,
138312 8 0.46,
138313 6 0.32,
138396 15 0.47,
138423 19 0.68,
138439 2 0.69,
138519 0 0.62,
138584 8 0.2,
138616 12 0.75,
138639 3 0.49,
138693 8 0.53,
138734 8 0.18,
138758 2 0.81,
138829 12 0.59,
138833 14 0.56,
138886 0 0.38,
138927 6 0.34,
138984 13 0.18,
139048 1 0.43,
139070 14 0.96,
139073 0 0.19,
139088 6 0.67,
139106 2 0.25,
139177 17 0.17,
139186 3 0.29,
139264 15 0.27,
139283 11 0.46,
139337 15 0.63,
139404 1 0.73,
139470 4 0.31,
139536 2 0.41,
139571 12 0.13,
139606 15 0.88,
139620 3 0.44,
139636 3 0.86,
139680 5 0.07,
139721 19 0.47,
139805 11 0.07,
139871 5 1.0,
139887 5 0.95,
139974 16 0.8,
140021 17 0.09,
140069 5 0.22,
140089 17 0.47,
140155 9 0.12,
140212 18 0.03,
140278 2 0.93,
140338 3 0.68,
140426 1 0.27,
140449 10 0.65,
140494 5 0.23,
140507 2 0.39,
140518 16 0.06,
140531 10 0.59,
140535 8 0.64,
140544 2 0.46,
140559 18 0.8,
140645 15 0.42,
140699 13 0.75,
140765 14 0.64,
140847 8 0.34,
140885 17 0.38,
140953 1 0.4,
141019 9 0.82,
141055 3 0.48,
141105 9 0.99,
141143 5 0.33,
141189 17 0.17,
141246 8 0.65,
141303 18 0.77,
141351 3 0.97,
141357 11 0.93,
141397 17 0.52,
141404 7 0.6,
141436 17 0.79,
141482 6 0.26,
141523 4 0.14,
141538 11 0.22,
141602 3 0.09,
141671 19 0.26,
141685 18 0.55,
141759 13 0.04,
141841 15 0.66,
141861 3 0.85,
141893 11 0.63,
141893 18 0.46,
141920 3 0.78,
141967 9 0.45,
141978 5 0.77,
142021 17 0.95,
142061 15 0.32,
142098 2 0.74,
142156 13 0.53,
142219 5 0.18,
142304 7 0.44,
142309 2 0.49,
142344 0 0.97,
142364 15 0.66,
142400 19 0.28,
142404 13 1.0,
142440 19 0.6,
142507 11 0.83,
142507 0 0.44,
142512 11 0.4,
142517 2 0.15,
142589 4 0.82,
142614 3 0.03,
142643 12 0.91,
142703 1 0.27,
142764 8 0.58,
142777 18 0.43,
142840 10 0.09,
142899 0 0.07,
142922 9 0.61,
142934 1 0.23,
142987 3 0.11,
143042 6 0.24,
143089 9 0.58,
143114 9 0.61,
143115 19 0.09,
143176 3 0.06,
143230 19 0.16,
143238 5 0.26,
143277 10 0.94,
143278 5 0.54,
143309 17 0.22,
143365 7 0.89,
143399 17 0.19,
143460 12 0.94,
143539 11 0.48,
143565 8 0.35,
143607 13 0.97,
143670 8 0.15,
143750 16 0.73,
143770 5 0.43,
143839 10 0.36,
143911 13 0.89,
143921 0 0.11,
143954 8 0.91,
144001 0 0.43,
144081 15 0.22,
144145 0 0.62,
144174 15 0.14,
144228 3 0.44,
144283 8 0.45,
144312 14 0.25,
144322 19 0.69,
144341 13 0.86,
144378 18 0.02,
144394 13 0.59,
144422 2 0.99,
144449 18 0.37,
144510 14 0.18,
144554 10 0.05,
144570 5 0.83,
144572 11 0.2,
144606 19 0.44,
144646 3 0.03,
144658 0 0.46,
144741 1 0.09,
144759 6 0.69,
144771 1 0.28,
144844 14 0.17,
144903 5 0.28,
144982 17 0.76,
145064 2 0.26,
145106 12 0.23,
145149 17 0.28,
145212 6 0.85,
145300 17 0.72,
145389 18 0.13,
145392 12 0.25,
145438 1 0.67,
145454 16 0.92,
145543 2 0.96,
145608 8 0.61,
145652 12 0.57,
145725 17 0.87,
145779 3 0.05,
145796 9 0.56,
145884 0 0.08,
145908 3 0.41,
145961 0 0.01,
146021 6 0.2,
146061 17 0.4,
146106 17 0.78,
146133 19 0.05,
146147 15 0.41,
146156 6 0.05,
146209 10 0.24,
146234 9 0.18,
146320 18 0.38,
146360 7 0.86,
146429 8 0.22,
146463 18 0.48,
146495 4 0.91,
146576 18 0.88,
146589 7 0.53,
146604 16 0.83,
146604 19 0.02,
146631 17 0.26,
146654 17 0.41,
146719 5 0.74,
146744 8 0.21,
146797 1 0.31,
146865 8 0.19,
146950 19 0.19,
146986 2 0.99,
146997 4 0.32,
147076 17 0.06,
147128 1 0.9,
147157 2 0.48,
147216 11 0.15,
147242 1 0.45,
147275 17 0.51,
147277 13 0.5,
147318 5 0.02,
147376 2 0.42,
147463 10 0.52,
147475 8 0.43,
147517 18 0.96,
147552 19 0.78,
147553 18 0.42,
147637 1 0.48,
147700 11 0.33,
147722 14 0.59,
147781 6 0.57,
147854 9 0.77,
147933 4 0.68,
148018 10 0.37,
148037 10 0.63,
148120 13 0.14,
148163 10 0.89,
148186 1 0.33,
148210 13 0.16,
148290 4 0.81,
148371 16 0.02,
148406 9 0.74,
148478 13 0.91,
148503 18 0.33,
148512 3 0.61,
148574 19 0.08,
148647 8 0.88,
148720 13 0.04,
148764 6 0.3,
148822 12 0.09,
148847 9 0.92,
148864 17 0.52,
148885 8 0.96,
148906 1 0.96,
148969 1 0.55,
149006 18 0.51,
149081 2 0.98,
149095 14 0.45,
149133 12 0.34,
149207 15 0.38,
149251 17 0.37,
149288 16 0.86,
149310 1 0.88,
149373 13 0.17,
149442 0 0.92,
149485 7 0.86,
149523 6 0.36,
149608 16 0.28,
149647 0 0.78,
149697 11 0.08,
149775 15 0.41,
149835 7 0.71,
149859 19 0.39,
149881 6 0.06,
149892 7 0.49,
149966 14 0.31,
149995 2 0.63,
150022 3 0.96,
150088 17 0.49,
150115 11 0.39,
150126 12 0.04,
150173 3 0.34,
150175 14 0.31,
150218 13 0.5,
150262 1 0.63,
150340 8 0.5,
150389 19 0.44,
150453 9 0.92,
150463 1 0.65,
150542 10 0.67,
150621 4 0.47,
150688 18 0.34,
150715 9 0.98,
150764 1 0.01,
150825 4 0.97,
150845 15 0.52,
150882 8 0.16,
150949 14 0.2,
150977 4 0.25,
151035 5 0.93,
151036 1 0.18,
151043 18 0.16,
151111 3 0.5,
151184 18 0.49,
151194 1 0.4,
151258 7 0.74,
151324 9 0.34,
151326 19 0.27,
151404 16 0.38,
151474 3 0.97,
151521 6 0.11,
151535 15 0.15,
151616 14 0.57,
151621 11 0.84,
151640 3 0.68,
151680 15 0.45,
151730 18 0.91,
151784 7 0.78,
151843 6 0.13,
151869 6 0.81,
151907 12 0.15,
151949 11 0.5,
151994 7 0.59,
152069 3 0.81,
152121 13 0.57,
152174 8 0.03,
152230 7 0.61,
152278 12 0.22,
152347 8 0.13,
152425 13 0.76,
152438 5 0.49,
152470 13 0.41,
152485 4 0.75,
152519 12 0.48,
152606 5 0.21,
152636 1 0.67,
152657 11 0.47,
152731 6 0.63,
152752 0 0.9,
152790 8 0.28,
152795 2 0.41,
152847 11 0.3,
152890 12 0.25,
152890 9 0.57,
152913 1 0.33,
152981 6 0.03,
153029 15 0.55,
153116 19 0.27,
153117 7 0.57,
153153 6 0.9,
153173 17 0.98,
153226 8 0.36,
153229 0 0.42,
153247 8 0.9,
153328 8 0.84,
153359 17 0.55,
153437 17 0.83,
153498 10 0.75,
153536 12 0.22,
153571 6 0.92,
153606 8 0.42,
153664 3 0.43,
153677 8 0.86,
153707 4 0.06,
153780 17 0.97,
153800 2 0.32,
153839 17 0.04,
153909 15 0.92,
153991 12 0.61,
154062 0 0.18,
154145 18 0.85,
154173 17 0.41,
154247 19 0.82,
154263 8 0.93,
154320 11 0.15,
154359 8 0.78,
154387 15 0.81,
154399 11 0.65,
154412 18 0.75,
154462 14 0.12,
154513 16 0.78,
154585 17 0.3,
154648 17 0.91,
154650 4 0.12,
154698 10 0.45,
154738 8 0.28,
154741 12 0.11,
154830 1 0.08,
154861 13 0.86,
154938 13 0.89,
155005 11 0.49,
155005 6 0.88,
155022 0 0.43,
155050 19 0.2,
155053 12 0.74,
155070 18 0.73,
155142 10 0.91,
155179 19 0.35,
155198 12 0.42,
155217 10 0.6,
155233 15 0.97,
155313 0 0.17,
155384 2 0.69,
155408 14 0.28,
155431 17 0.54,
155515 14 0.88,
155567 2 0.45,
155575 5 0.39,
155644 13 0.57,
155704 17 0.39,
155727 14 0.47,
155804 15 0.98,
155827 0 0.96,
155906 19 0.02,
155920 11 0.71,
155927 7 0.69,
155955 4 0.93,
156016 0 0.2,
156062 7 0.65,
156116 19 0.31,
156162 10 0.56,
156171 2 0.34,
156226 12 0.31,
156248 4 0.75,
156286 1 0.48,
156339 12 0.98,
156407 3 0.23,
156461 15 0.5,
156477 4 0.12,
156553 0 0.08,
156558 2 0.14,
156590 13 0.49,
156625 18 0.51,
156676 4 0.52,
156755 17 0.39,
156830 14 0.82,
156872 3 0.87,
156896 10 0.58,
156948 17 0.32,
157029 7 0.29,
157029 6 0.54,
157109 13 0.9,
157117 9 0.58,
157165 6 0.52,
157239 12 0.85,
157278 12 0.16,
157365 10 0.64,
157421 8 0.56,
157435 4 0.13,
157491 14 0.49,
157576 15 0.93,
157663 1 0.46,
157674 1 0.27,
157724 12 0.75,
157783 14 0.92,
157872 5 0.43,
157958 14 0.24,
158042 17 0.68,
158093 9 0.6,
158110 8 0.66,
158180 10 0.84,
158255 4 0.41,
158272 17 0.12,
158285 13 0.83,
158289 17 0.03,
158355 13 0.47,
158429 10 0.45,
158478 8 0.32,
158541 5 0.16,
158627 19 0.56,
158712 15 0.66,
158764 11 0.7,
158805 7 0.58,
158880 6 0.95,
158966 6 0.18,
158985 18 0.18,
159018 3 0.8,
159055 7 0.63,
159122 12 0.26,
159170 18 0.24,
159193 5 0.93,
159266 19 0.43,
159331 8 0.78,
159414 9 0.22,
159454 11 0.66,
159462 7 0.27,
159508 2 0.29,
159576 16 0.3,
159641 0 0.43,
159654 1 0.57,
159672 16 0.98,
159735 1 0.91,
159820 5 0.47,
159879 6 0.5,
159913 1 0.34,
159944 14 0.51,
160018 12 0.37,
160056 17 0.98,
160122 10 0.12,
160136 7 0.73,
160193 8 0.9,
160269 14 0.39,
160325 2 0.66,
160366 12 0.53,
160390 4 0.24,
160454 5 0.93,
160514 8 0.41,
160592 9 0.56,
160613 4 0.43,
160671 9 0.15,
160712 16 0.52,
160754 9 0.65,
160787 3 0.23,
160807 12 0.29,
160889 12 0.73,
160958 7 0.15,
161023 14 0.83,
161111 15 0.67,
161168 8 0.77,
161227 7 0.68,
161271 14 0.71,
161276 8 0.82,
161316 9 0.29,
161356 11 0.85,
161408 0 0.24,
161443 3 0.92,
161461 13 0.08,
161508 15 0.64,
161588 5 0.89,
161643 1 0.35,
161661 10 0.88,
161672 0 0.15,
161758 4 0.95,
161817 16 0.83,
161821 14 0.59,
161860 9 0.9,
161869 18 0.83,
161940 15 0.52,
161955 1 0.52,
161985 6 0.94,
162003 15 0.34,
162067 4 0.46,
162150 14 0.12,
162238 12 0.77,
162258 16 0.54,
162287 5 0.14,
162331 9 0.68,
162402 0 0.37,
162480 5 0.75,
162566 4 0.57,
162586 0 0.03,
162627 4 0.47,
162705 1 0.85,
162763 10 0.37,
162841 4 0.43,
162930 13 0.69,
162966 12 0.18,
163051 19 0.97,
163105 19 0.33,
163132 10 0.25,
163176 2 0.2,
163201 19 0.15,
163261 16 0.24,
163293 5 0.66,
163318 0 0.03,
163335 10 0.27,
163357 9 0.78,
163383 0 0.99,
163410 1 0.68,
163460 2 0.66,
163497 7 0.16,
163507 16 0.2,
163582 15 0.26,
163600 2 0.83,
163637 18 0.07,
163714 2 0.45,
163736 8 0.84,
163758 2 0.82,
163825 13 0.71,
163848 11 0.41,
163883 15 0.86,
163921 0 0.04,
163963 13 0.17,
163969 6 0.11,
164017 4 0.16,
164043 3 0.97,
164121 15 0.69,
164125 15 0.23,
164172 14 0.32,
164211 17 0.32,
164270 2 0.57,
164340 18 0.33,
164402 18 0.18,
164476 10 0.32,
164564 2 0.66,
164579 0 0.33,
164592 0 0.52,
164647 7 0.41,
164664 18 0.95,
164679 0 0.08,
164701 10 0.73,
164715 3 0.76,
164762 15 0.93,
164800 2 0.88,
164815 3 0.38,
164826 18 0.79,
164878 19 0.53,
164939 9 0.61,
164980 18 0.68,
165005 0 0.23,
165009 3 0.25,
165043 7 0.43,
165108 9 0.98,
165108 16 0.38,
165112 7 0.14,
165120 6 0.81,
165185 15 0.12,
165211 14 0.55,
165289 17 0.45,
165347 12 0.09,
165359 0 0.1,
165422 19 0.86,
165480 2 0.69,
165501 13 0.06,
165547 6 0.13,
165603 4 0.59,
165622 7 0.85,
165674 7 0.49,
165711 0 0.44,
165726 14 0.16,
165766 8 0.7,
165800 7 0.88,
165888 12 0.28,
165888 19 0.17,
165902 2 0.22,
165947 19 0.52,
166003 1 0.85,
166056 12 0.11,
166115 2 0.93,
166174 11 0.58,
166235 10 0.51,
166288 14 0.84,
166350 5 0.42,
166422 12 0.61,
166472 8 0.4,
166496 3 0.18,
166570 5 0.38,
166641 19 0.93,
166642 3 0.35,
166702 19 0.76,
166784 2 0.1,
166839 13 0.15,
166895 9 0.12,
166905 5 0.8,
166935 0 0.23,
166942 4 0.33,
166960 17 0.33,
167038 10 0.12,
167106 1 0.26,
167173 6 0.32,
167247 0 0.73,
167247 9 0.85,
167331 4 0.3,
167369 8 0.08,
167376 7 0.03,
167441 16 0.82,
167452 1 0.25,
167464 1 0.29,
167473 17 0.68,
167544 7 0.06,
167619 17 0.27,
167684 19 0.73,
167770 14 0.34,
167786 7 0.48,
167805 18 0.66,
167818 3 0.78,
167875 4 0.32,
167941 6 0.59,
168017 7 0.75,
168034 9 0.7,
168056 3 0.75,
168074 6 0.87,
168104 15 0.27,
168120 2 0.31,
168193 16 0.06,
168255 4 0.07,
168303 2 0.82,
168312 17 0.48,
168380 18 0.71,
168440 4 0.4,
168496 12 0.8,
168558 14 0.55,
168636 15 0.75,
168664 0 0.62,
168675 0 0.72,
168693 17 0.19,
168762 8 0.41,
168790 9 0.28,
168820 9 0.36,
168865 14 0.8,
168905 5 0.77,
168917 9 0.85,
169002 9 0.75,
169080 16 0.37,
169101 13 0.54,
169112 6 0.32,
169181 7 0.61,
169259 9 0.38,
169321 6 0.46,
169332 5 0.93,
169384 13 0.64,
169427 12 0.16,
169504 12 0.9,
169566 17 0.75,
169643 19 0.17,
169728 13 0.44,
169769 5 0.87,
169802 3 0.9,
169878 18 0.91,
169955 3 0.29,
170027 1 0.87,
170066 14 0.38,
170067 0 0.85,
170099 9 0.59,
170173 7 0.04,
170240 4 0.12,
170270 11 0.88,
170324 10 0.58,
170349 7 0.1,
170397 9 0.87,
170475 2 0.6,
170490 1 0.23,
170496 17 0.25,
170561 12 0.45,
170597 9 0.56,
170657 12 0.85,
170684 3 0.98,
170686 4 0.18,
170761 18 0.2,
170799 18 0.56,
170861 7 0.95,
170940 19 0.41,
170974 9 0.4,
171034 11 0.35,
171062 6 0.75,
171109 7 0.31,
171180 16 0.36,
171184 11 0.59,
171191 13 0.26,
171244 8 0.68,
171310 14 0.71,
171350 9 0.28,
171404 8 0.27,
171442 18 0.86,
171458 17 0.51,
171529 16 0.73,
171543 13 0.35,
171629 1 0.42,
171664 15 0.22,
171683 11 0.83,
171729 9 0.8,
171782 1 0.18,
171816 13 0.51,
171855 13 0.66,
171931 8 0.06,
171933 7 0.46,
171961 2 1.0,
171980 19 0.95,
172067 14 0.36,
172137 2 0.02,
172151 0 0.07,
172202 5 0.65,
172222 4 0.45,
172302 0 0.25,
172320 3 0.99,
172361 9 0.76,
172440 9 0.55,
172479 14 0.98,
172528 10 0.65,
172580 4 0.51,
172666 13 0.33,
172676 2 0.09,
172751 3 0.47,
172789 0 0.15,
172822 15 0.77,
172877 14 0.14,
172917 9 0.09,
172974 3 0.71,
172981 6 0.87,
173032 5 0.21,
173069 17 0.43,
173106 1 0.23,
173182 9 0.32,
173182 19 0.73,
173251 2 0.19,
173328 4 0.64,
173351 7 0.73,
173428 0 0.48,
173513 7 0.84,
173520 7 0.51,
173564 6 0.84,
173606 3 0.73,
173606 9 0.13,
173608 14 0.78,
173635 6 0.56,
173682 9 0.93,
173738 13 0.87,
173775 12 0.99,
173830 17 0.97,
173880 7 0.64,
173921 13 0.26,
173945 2 0.3,
173982 3 0.6,
173986 17 0.45,
174028 4 0.84,
174028 16 0.61,
174102 8 0.28,
174173 14 0.95,
174225 6 0.84,
174303 16 0.53,
174336 12 0.75,
174359 4 0.16,
174445 17 0.53,
174493 10 0.69,
174521 14 0.83,
174594 15 0.98,
174595 3 0.63,
174602 8 0.1,
174677 3 0.52,
174721 4 0.47,
174756 10 0.85,
174823 14 0.31,
174849 11 0.87,
174909 6 0.11,
174955 3 0.49,
174981 13 0.79,
175005 11 0.44,
175081 17 0.8,
175085 19 0.14,
175115 16 0.71,
175168 0 0.56,
175229 7 0.6,
175293 19 0.31,
175328 19 0.46,
175356 5 0.12,
175377 3 0.37,
175417 2 0.68,
175467 3 0.28,
175471 7 0.81,
175551 19 0.51,
175579 18 0.97,
175653 7 0.44,
175698 2 0.9,
175710 2 0.7,
175744 7 0.1,
175788 0 0.71,
175872 11 0.42,
175959 5 0.48,
175990 19 0.22,
176063 8 0.39,
176132 9 0.69,
176150 15 0.6,
176189 18 0.69,
176200 14 0.18,
176275 4 0.3,
176351 7 0.19,
176395 16 0.52,
176469 2 0.42,
>)