sequence with 50 event types 
(120,223696,
<120 7 0.41,
159 49 0.8,
201 3 0.6,
213 5 0.67,
275 19 0.56,
346 34 0.84,
391 2 0.32,
435 17 0.68,
507 37 0.49,
509 34 0.42,
541 7 0.69,
623 27 0.5,
700 2 0.43,
740 31 0.97,
779 27 0.88,
859 29 0.77,
918 14 0.21,
1003 9 0.98,
1015 31 0.16,
1069 28 0.97,
1107 21 0.36,
1192 2 0.44,
1267 40 0.56,
1284 39 0.91,
1312 24 0.53,
1350 17 0.96,
1353 39 0.5,
1430 22 0.33,
1511 23 0.07,
1574 13 0.49,
1585 40 0.69,
1661 45 0.22,
1695 19 0.56,
1773 2 0.17,
1789 38 0.67,
1836 36 0.5,
1876 43 0.51,
1916 26 0.45,
1967 4 0.75,
2033 7 0.15,
2075 45 0.16,
2118 15 0.07,
2143 19 0.53,
2158 7 0.54,
2233 35 0.59,
2269 21 0.73,
2274 15 0.01,
2284 12 0.21,
2302 29 0.87,
2341 22 0.19,
2395 23 0.18,
2438 36 0.12,
2500 44 0.8,
2587 41 0.48,
2594 38 0.13,
2675 16 0.51,
2678 43 0.35,
2721 40 0.53,
2759 26 0.32,
2804 49 0.46,
2809 47 0.45,
2845 18 0.81,
2910 24 0.99,
2946 40 0.28,
2957 48 0.88,
3039 16 0.81,
3067 26 0.73,
3109 24 0.56,
3150 45 0.63,
3173 21 0.64,
3230 38 0.1,
3250 14 0.9,
3286 38 0.79,
3330 24 0.07,
3402 13 0.71,
3440 19 0.92,
3520 20 0.42,
3571 47 0.66,
3588 12 0.4,
3656 28 0.12,
3715 8 0.48,
3768 44 0.87,
3807 32 0.03,
3896 27 0.98,
3932 4 0.81,
4011 35 0.01,
4045 0 0.2,
4118 10 0.34,
4125 11 0.7,
4196 13 0.21,
4217 28 0.61,
4221 12 0.92,
4238 6 0.26,
4299 31 0.57,
4313 38 0.69,
4325 0 0.44,
4391 35 0.25,
4445 43 0.74,
4528 19 0.22,
4531 47 0.71,
4568 16 0.02,
4652 27 0.12,
4680 1 0.12,
4750 31 0.26,
4827 49 0.99,
4829 14 0.12,
4887 16 0.65,
4911 6 0.32,
4931 4 0.65,
4995 21 0.56,
5080 31 0.76,
5143 13 0.73,
5229 22 0.2,
5253 8 0.44,
5337 1 0.3,
5377 28 0.73,
5426 17 0.17,
5427 33 0.14,
5444 20 0.1,
5449 36 0.49,
5456 38 0.39,
5509 38 0.03,
5519 7 0.17,
5534 28 0.98,
5596 4 0.98,
5632 26 0.23,
5715 25 0.97,
5804 28 0.23,
5871 36 0.17,
5905 36 0.17,
5953 1 0.58,
5974 21 0.37,
6052 11 0.4,
6054 18 0.21,
6088 37 0.46,
6172 19 0.25,
6214 24 0.96,
6276 0 0.58,
6286 19 0.12,
6288 5 0.82,
6300 40 0.42,
6317 8 0.44,
6398 8 0.93,
6460 47 0.86,
6531 25 0.35,
6615 26 0.48,
6637 35 0.8,
6654 9 0.63,
6689 47 0.13,
6721 7 0.38,
6767 25 0.48,
6845 40 0.76,
6862 19 0.59,
6916 5 0.8,
6927 4 0.26,
6973 26 0.41,
7007 38 0.79,
7047 40 0.41,
7121 11 0.48,
7155 9 0.39,
7198 21 0.55,
7275 44 0.78,
7345 14 0.42,
7392 42 0.81,
7471 28 0.62,
7545 37 0.74,
7575 22 0.35,
7582 27 0.94,
7617 32 0.89,
7681 48 1.0,
7728 16 0.28,
7774 29 0.41,
7819 27 0.72,
7830 34 0.72,
7878 45 0.41,
7950 16 0.52,
7998 34 0.62,
8006 5 0.62,
8069 9 0.38,
8135 38 0.79,
8208 15 0.63,
8212 44 0.17,
8219 39 0.6,
8252 9 0.67,
8334 33 0.99,
8396 0 0.29,
8467 7 0.28,
8474 6 0.61,
8535 32 0.62,
8588 49 0.71,
8668 39 0.46,
8686 6 0.21,
8745 42 0.55,
8817 8 0.19,
8843 42 0.12,
8891 24 0.51,
8897 11 0.57,
8945 25 0.21,
8965 8 0.49,
9036 32 0.12,
9096 0 0.79,
9129 9 0.98,
9215 8 0.04,
9222 41 0.78,
9279 34 0.99,
9366 44 0.73,
9439 23 0.01,
9448 1 0.9,
9487 29 0.7,
9565 36 0.65,
9591 31 0.1,
9595 10 0.24,
9678 38 0.75,
9698 45 0.66,
9766 8 0.91,
9813 40 0.69,
9816 2 0.13,
9896 32 0.66,
9937 34 0.78,
10018 0 0.05,
10019 25 0.42,
10075 21 0.86,
10141 10 0.06,
10156 21 0.05,
10172 8 0.8,
10213 26 0.71,
10291 14 0.51,
10291 2 0.93,
10359 3 0.2,
10425 2 0.19,
10487 31 0.25,
10533 45 0.07,
10614 3 0.4,
10658 32 0.17,
10672 19 0.62,
10753 9 0.29,
10776 15 0.05,
10792 25 0.44,
10797 25 0.87,
10849 10 0.49,
10855 7 0.03,
10942 35 0.93,
10982 26 0.58,
11000 35 0.34,
11084 7 0.43,
11089 47 0.74,
11111 36 0.78,
11149 18 0.74,
11230 17 0.04,
11280 15 0.16,
11357 32 0.59,
11440 47 0.84,
11483 35 0.66,
11543 14 0.04,
11627 33 0.96,
11661 22 0.14,
11681 24 0.84,
11681 35 0.37,
11756 12 0.93,
11757 8 0.4,
11804 25 0.9,
11804 14 0.95,
11825 29 0.03,
11857 16 0.75,
11866 20 0.49,
11896 23 0.63,
11969 19 0.35,
12013 10 0.29,
12086 2 0.23,
12105 0 0.35,
12110 18 0.69,
12144 36 0.53,
12148 5 0.9,
12216 4 0.95,
12223 30 0.66,
12238 34 0.24,
12256 0 0.4,
12258 47 0.32,
12261 41 0.59,
12331 20 0.88,
12417 22 0.07,
12494 20 0.05,
12579 31 0.32,
12593 42 0.67,
12662 22 0.14,
12736 1 0.43,
12811 48 0.24,
12819 21 0.64,
12868 41 0.76,
12899 44 0.13,
12965 48 0.44,
13008 44 0.4,
13088 1 0.07,
13165 45 0.43,
13241 27 0.99,
13269 20 0.09,
13342 47 0.3,
13397 33 0.39,
13483 19 0.74,
13527 0 0.61,
13529 5 0.78,
13598 23 0.82,
13640 5 0.18,
13655 26 0.66,
13737 31 0.7,
13798 49 0.28,
13872 39 0.28,
13959 3 0.8,
14016 42 0.43,
14059 45 0.88,
14107 14 0.98,
14168 12 0.34,
14211 13 0.08,
14248 37 0.8,
14251 21 1.0,
14263 27 0.94,
14291 21 0.96,
14293 48 0.12,
14340 47 0.43,
14415 29 0.93,
14420 22 0.16,
14432 42 0.41,
14450 0 0.38,
14525 31 0.93,
14550 15 0.96,
14634 35 0.32,
14699 25 0.89,
14747 36 0.66,
14794 32 0.35,
14873 45 0.22,
14935 18 0.85,
14996 4 0.3,
15056 20 0.51,
15081 47 0.44,
15115 31 0.81,
15195 7 0.86,
15232 10 0.51,
15312 17 0.62,
15365 35 0.6,
15449 38 0.64,
15473 37 0.75,
15512 46 0.19,
15558 45 0.4,
15605 26 0.71,
15656 1 0.71,
15684 44 0.53,
15687 29 0.04,
15730 18 0.13,
15795 36 0.85,
15805 10 0.17,
15812 21 0.91,
15874 14 0.12,
15933 20 0.32,
15935 5 0.83,
15944 10 0.07,
15944 11 0.28,
15970 12 0.72,
16004 22 0.52,
16039 13 0.33,
16044 6 0.47,
16069 15 0.36,
16075 31 0.74,
16090 23 0.77,
16116 8 0.69,
16167 9 0.69,
16222 43 0.79,
16240 8 0.74,
16299 29 0.62,
16374 43 0.92,
16390 37 0.24,
16419 12 0.38,
16454 20 0.43,
16463 4 0.8,
16517 28 0.43,
16590 13 0.91,
16625 42 0.46,
16663 29 0.08,
16690 49 0.68,
16701 22 0.48,
16782 24 0.46,
16820 45 0.65,
16841 36 0.94,
16844 13 0.49,
16920 20 0.92,
16944 11 0.62,
16959 32 0.18,
17045 45 0.87,
17102 18 0.93,
17112 25 0.79,
17162 31 0.77,
17249 35 0.08,
17300 44 0.12,
17351 31 0.53,
17379 21 0.7,
17451 22 0.54,
17498 17 0.6,
17585 36 0.17,
17593 43 0.43,
17664 1 0.14,
17750 19 0.35,
17825 22 0.04,
17828 34 0.56,
17830 18 0.61,
17869 17 0.53,
17889 34 0.17,
17953 18 0.38,
17973 36 0.21,
18012 27 0.67,
18090 17 0.6,
18107 35 0.94,
18155 8 0.34,
18180 40 0.77,
18232 22 0.12,
18272 40 0.7,
18286 32 0.25,
18326 11 0.61,
18342 2 0.23,
18344 26 0.72,
18395 24 0.4,
18445 7 0.81,
18475 6 0.47,
18559 39 0.55,
18624 22 0.83,
18679 13 0.16,
18720 30 0.03,
18726 30 0.55,
18787 27 0.14,
18815 30 0.93,
18816 15 0.84,
18879 39 0.07,
18953 22 0.54,
18960 47 0.04,
18982 20 0.83,
18990 41 0.02,
18991 14 0.43,
18996 45 0.77,
19011 3 0.78,
19015 35 0.03,
19078 32 0.91,
19137 49 0.99,
19141 2 0.12,
19198 24 0.47,
19260 13 0.38,
19269 1 0.66,
19291 13 0.91,
19339 32 0.47,
19376 35 0.65,
19430 11 0.38,
19486 42 0.03,
19515 0 0.65,
19597 4 0.06,
19641 48 0.68,
19715 25 0.71,
19742 45 0.27,
19825 38 0.03,
19911 15 0.65,
19999 4 0.73,
20033 3 0.26,
20063 23 0.83,
20096 21 0.35,
20145 24 0.23,
20196 43 0.06,
20229 43 0.67,
20302 9 0.21,
20335 33 0.63,
20405 43 0.26,
20447 38 0.19,
20488 43 0.54,
20532 4 0.42,
20551 44 0.28,
20624 0 0.11,
20710 45 0.88,
20756 4 0.29,
20845 47 0.33,
20885 13 0.04,
20896 46 0.9,
20969 33 0.89,
20984 10 0.14,
21004 15 0.9,
21071 19 0.87,
21123 0 0.8,
21156 43 0.86,
21185 26 0.78,
21189 32 0.88,
21190 30 0.26,
21202 7 0.63,
21275 37 0.09,
21289 41 0.07,
21354 31 0.19,
21399 19 0.37,
21459 37 0.75,
21500 39 0.35,
21513 30 0.4,
21580 18 0.12,
21653 19 0.36,
21685 12 0.07,
21720 36 1.0,
21734 13 0.43,
21753 40 0.91,
21815 9 0.13,
21870 31 0.37,
21891 17 0.06,
21922 3 0.14,
21950 1 0.11,
21988 47 0.14,
22043 35 0.13,
22114 29 0.6,
22139 47 0.02,
22196 24 0.63,
22217 21 0.75,
22302 8 0.52,
22318 29 0.96,
22393 1 0.63,
22443 42 0.91,
22519 32 0.04,
22601 39 0.29,
22635 16 0.94,
22661 36 0.31,
22749 30 0.79,
22793 35 0.42,
22864 29 0.92,
22930 7 0.32,
22944 11 0.72,
23029 12 0.51,
23067 26 0.13,
23077 10 0.29,
23161 20 0.8,
23211 35 0.93,
23215 5 0.77,
23224 26 0.84,
23285 19 0.84,
23325 0 0.28,
23413 37 0.42,
23486 20 0.52,
23512 22 0.63,
23541 49 0.48,
23546 48 0.02,
23567 13 1.0,
23619 35 0.66,
23691 44 0.26,
23778 18 0.2,
23820 24 0.12,
23875 7 0.24,
23952 21 0.81,
23982 30 0.64,
23990 26 0.34,
24070 34 0.12,
24098 20 0.49,
24110 11 0.31,
24196 7 0.85,
24275 19 0.94,
24281 19 0.55,
24357 23 0.84,
24397 31 0.98,
24427 45 0.28,
24476 22 0.99,
24527 32 0.28,
24590 3 0.16,
24614 31 0.01,
24638 42 0.88,
24693 1 0.29,
24755 27 0.84,
24777 36 0.41,
24794 44 0.04,
24823 1 0.05,
24902 45 0.64,
24905 15 0.8,
24990 25 0.82,
25043 11 0.64,
25108 16 0.76,
25171 32 0.82,
25229 7 0.66,
25239 24 0.15,
25264 29 0.73,
25349 42 0.05,
25395 0 0.17,
25460 47 0.85,
25464 16 0.09,
25480 3 0.61,
25549 37 0.25,
25569 23 0.4,
25639 34 0.83,
25696 41 0.28,
25713 34 0.79,
25765 25 0.06,
25805 27 0.48,
25850 48 0.05,
25885 38 0.33,
25895 6 0.44,
25903 27 0.32,
25971 14 0.55,
25983 11 0.7,
25989 13 0.05,
26062 15 0.94,
26128 23 0.31,
26170 16 0.83,
26201 1 0.9,
26237 20 0.95,
26302 0 0.97,
26344 37 0.17,
26354 40 0.47,
26442 8 0.38,
26472 27 0.61,
26486 41 0.5,
26562 19 0.87,
26641 34 0.72,
26692 22 0.58,
26771 17 0.92,
26786 11 0.39,
26842 38 0.33,
26916 18 0.15,
26919 24 0.23,
26967 49 0.88,
26993 0 0.26,
27005 26 0.66,
27092 37 0.83,
27116 25 0.83,
27166 10 0.29,
27226 2 0.3,
27250 12 0.42,
27337 19 0.87,
27356 38 0.09,
27409 25 0.53,
27448 30 0.06,
27497 17 0.45,
27504 40 0.17,
27520 21 0.89,
27569 24 0.76,
27616 6 0.5,
27653 23 0.58,
27653 36 0.37,
27726 47 0.36,
27800 14 0.38,
27817 22 0.65,
27872 34 0.71,
27960 22 0.87,
27966 3 0.99,
28023 36 0.33,
28068 37 0.71,
28099 32 0.84,
28141 18 0.93,
28199 3 0.38,
28268 30 0.47,
28296 48 0.89,
28332 46 0.37,
28387 8 0.22,
28410 14 0.46,
28431 22 0.76,
28493 49 0.82,
28531 43 0.5,
28598 41 0.73,
28614 40 0.82,
28682 44 0.58,
28707 5 0.49,
28736 4 0.8,
28766 44 0.91,
28770 46 0.85,
28859 9 0.73,
28934 20 0.79,
28951 7 0.22,
28969 34 0.19,
29000 7 0.57,
29083 28 0.19,
29083 19 0.63,
29137 19 0.44,
29158 8 0.09,
29194 30 0.38,
29209 32 0.63,
29274 21 0.27,
29335 49 0.43,
29418 26 0.39,
29482 7 0.71,
29508 9 0.38,
29538 45 0.01,
29575 31 0.59,
29642 49 0.74,
29668 17 0.98,
29699 37 0.81,
29745 39 0.24,
29802 37 0.51,
29826 20 0.59,
29882 15 0.39,
29889 39 0.58,
29900 29 0.21,
29926 5 0.79,
29932 7 0.47,
29954 22 0.43,
29979 29 0.16,
30011 23 0.91,
30033 6 0.85,
30076 13 0.85,
30151 48 0.7,
30239 10 0.34,
30286 48 0.35,
30297 38 0.81,
30377 24 0.72,
30445 1 0.13,
30484 43 0.2,
30520 25 0.17,
30579 13 0.52,
30666 41 0.55,
30737 35 0.39,
30750 4 0.76,
30772 0 0.58,
30846 26 0.76,
30876 20 0.93,
30925 46 0.41,
30934 26 0.78,
31009 8 0.23,
31076 19 0.27,
31144 24 0.63,
31144 28 0.4,
31182 44 0.32,
31266 34 0.25,
31272 14 0.92,
31282 35 0.2,
31320 39 0.54,
31351 49 0.34,
31352 39 0.47,
31415 17 0.6,
31436 4 0.09,
31480 28 0.9,
31564 16 0.18,
31641 3 0.88,
31668 0 0.86,
31756 41 0.56,
31777 13 0.43,
31795 9 0.02,
31884 24 0.61,
31926 6 0.84,
31968 48 0.82,
32046 36 0.53,
32097 1 0.04,
32137 48 0.15,
32215 8 0.49,
32219 27 0.27,
32268 43 0.43,
32355 28 0.54,
32395 26 0.39,
32465 45 0.19,
32554 13 0.07,
32569 20 0.38,
32600 35 0.53,
32600 42 0.03,
32620 49 0.83,
32707 33 0.44,
32725 43 0.25,
32765 9 0.36,
32766 21 0.59,
32826 37 0.52,
32867 26 0.89,
32955 38 0.08,
33036 41 0.48,
33044 30 0.78,
33116 49 0.59,
33133 29 0.93,
33157 48 0.83,
33205 22 0.05,
33260 20 0.78,
33328 33 0.09,
33392 42 0.39,
33444 12 0.93,
33467 42 0.52,
33522 20 0.56,
33574 11 0.84,
33595 41 0.6,
33653 43 0.41,
33700 35 0.26,
33728 5 0.5,
33794 29 0.91,
33822 18 0.6,
33822 8 0.29,
33872 2 0.22,
33933 38 0.14,
33963 5 0.54,
34052 34 0.37,
34076 40 0.8,
34076 37 0.7,
34095 36 0.29,
34119 4 0.41,
34144 2 0.59,
34172 15 0.5,
34244 5 0.8,
34294 27 0.94,
34356 47 0.89,
34390 30 0.56,
34436 24 0.22,
34455 42 0.11,
34528 32 0.51,
34531 42 0.19,
34549 0 0.18,
34637 8 0.41,
34680 40 0.2,
34685 15 0.41,
34773 21 0.31,
34800 31 0.34,
34824 25 0.73,
34864 37 0.14,
34922 6 0.31,
34950 38 0.65,
35013 26 0.5,
35022 44 0.04,
35103 32 0.96,
35127 34 0.74,
35206 2 0.78,
35212 14 0.66,
35224 12 0.54,
35237 49 0.13,
35310 16 0.27,
35398 43 0.7,
35450 29 0.06,
35478 48 0.81,
35505 9 0.44,
35552 15 0.05,
35636 42 0.97,
35678 37 0.63,
35680 32 0.07,
35769 35 0.32,
35825 9 0.41,
35894 25 0.6,
35979 27 0.56,
36063 11 0.38,
36133 29 0.85,
36190 7 0.33,
36265 28 0.09,
36344 16 0.41,
36390 44 0.76,
36415 31 0.5,
36434 21 0.18,
36516 8 0.52,
36574 10 0.09,
36595 11 0.5,
36640 10 0.34,
36687 47 0.38,
36724 30 0.74,
36734 1 0.99,
36810 44 0.07,
36892 2 0.32,
36911 23 0.7,
36984 9 0.36,
36996 0 0.38,
37080 11 0.87,
37096 37 0.2,
37184 26 0.5,
37258 9 1.0,
37260 21 0.69,
37265 8 0.51,
37349 21 0.7,
37400 45 0.36,
37442 20 0.29,
37468 37 0.81,
37517 3 0.56,
37560 34 0.46,
37570 0 0.84,
37597 47 0.43,
37673 38 0.31,
37694 1 0.77,
37761 38 0.67,
37831 46 0.98,
37879 42 0.01,
37953 46 0.63,
37966 17 0.97,
37989 28 0.08,
38049 7 0.37,
38105 19 0.45,
38163 37 0.55,
38222 27 0.35,
38226 3 1.0,
38236 21 0.67,
38246 7 0.19,
38266 7 0.58,
38283 11 0.32,
38301 31 0.36,
38346 22 0.46,
38377 16 0.55,
38429 31 0.91,
38454 28 0.9,
38517 44 0.42,
38569 3 0.87,
38603 23 0.92,
38668 36 0.4,
38689 23 0.22,
38695 43 0.82,
38757 31 0.47,
38828 20 0.25,
38905 8 0.63,
38967 40 0.77,
38994 19 0.43,
39026 17 0.3,
39045 10 0.25,
39070 35 0.73,
39122 26 0.83,
39204 19 0.97,
39265 32 0.51,
39305 46 0.65,
39314 25 0.1,
39326 19 0.23,
39409 9 0.34,
39449 49 0.31,
39520 17 0.17,
39570 14 0.8,
39610 28 0.65,
39637 47 0.57,
39649 48 0.57,
39697 19 0.77,
39767 44 0.82,
39854 40 0.96,
39929 16 0.2,
39937 47 0.78,
39994 10 0.69,
40010 40 0.06,
40060 32 0.72,
40085 23 0.26,
40146 7 0.04,
40230 2 0.15,
40283 41 0.69,
40365 25 0.46,
40384 38 0.93,
40443 46 0.94,
40518 30 0.08,
40571 31 0.87,
40586 20 0.47,
40669 2 0.96,
40722 24 0.74,
40779 4 0.39,
40841 38 0.54,
40860 27 0.06,
40944 48 0.87,
40993 26 0.74,
41019 49 0.99,
41039 11 0.53,
41103 36 0.54,
41103 22 0.89,
41157 22 0.33,
41208 27 0.54,
41238 25 0.34,
41268 11 0.99,
41302 11 0.01,
41304 45 0.33,
41372 22 0.84,
41390 45 0.6,
41416 9 0.59,
41436 43 0.11,
41439 49 0.86,
41474 26 0.71,
41523 30 0.65,
41572 40 0.78,
41576 9 0.32,
41664 21 0.37,
41708 42 0.59,
41794 19 0.6,
41802 17 0.98,
41873 41 0.99,
41922 24 0.08,
41938 40 0.4,
42016 8 0.54,
42076 38 0.34,
42151 20 0.71,
42212 46 0.56,
42261 38 0.52,
42299 24 0.58,
42319 29 0.66,
42319 1 0.79,
42370 11 0.26,
42391 12 0.41,
42412 22 0.22,
42500 25 0.76,
42560 7 0.16,
42638 22 0.96,
42708 18 0.59,
42731 27 1.0,
42784 9 0.31,
42864 15 0.37,
42868 9 0.32,
42899 6 0.83,
42973 15 0.35,
43040 12 0.77,
43094 23 0.14,
43163 45 0.01,
43211 25 0.25,
43277 44 0.42,
43286 21 0.9,
43355 1 0.43,
43406 12 0.41,
43432 1 0.79,
43454 17 0.68,
43484 26 0.58,
43523 49 0.41,
43578 25 0.82,
43610 12 1.0,
43630 24 0.75,
43685 3 0.02,
43704 42 0.14,
43791 29 0.17,
43833 32 0.54,
43878 5 0.28,
43895 25 0.95,
43940 26 0.15,
43974 17 0.07,
44047 14 0.66,
44055 26 0.2,
44135 23 0.66,
44150 9 0.24,
44159 1 0.15,
44226 37 0.98,
44305 33 0.96,
44336 18 0.75,
44370 5 0.63,
44373 4 0.52,
44418 43 0.09,
44460 4 0.91,
44537 30 0.47,
44574 34 0.94,
44626 42 0.59,
44662 9 0.01,
44738 16 0.68,
44753 44 0.71,
44788 25 0.47,
44798 23 0.01,
44884 42 0.57,
44944 44 0.91,
44987 46 0.03,
44993 38 0.17,
45050 11 0.36,
45073 38 0.97,
45085 8 0.04,
45121 48 0.87,
45136 13 0.33,
45174 1 0.57,
45232 41 0.37,
45301 3 0.27,
45314 39 0.74,
45363 14 1.0,
45440 17 0.21,
45456 18 0.13,
45470 47 0.2,
45472 18 0.38,
45507 43 0.38,
45530 46 0.38,
45597 31 0.97,
45652 48 0.16,
45736 26 0.26,
45783 42 0.91,
45869 21 0.72,
45944 41 0.12,
46024 17 0.18,
46044 43 0.81,
46055 42 0.84,
46119 20 0.28,
46182 0 0.11,
46229 31 0.6,
46311 44 0.13,
46356 16 0.55,
46445 26 0.73,
46529 32 0.13,
46601 32 0.53,
46616 5 0.49,
46648 47 0.7,
46677 5 0.77,
46706 46 0.06,
46785 13 0.39,
46872 44 0.5,
46954 34 0.81,
47029 19 0.91,
47075 3 0.94,
47093 3 0.64,
47104 23 0.6,
47145 44 0.15,
47157 39 0.99,
47159 43 0.47,
47228 33 0.64,
47317 7 0.15,
47359 0 0.31,
47361 9 0.38,
47365 28 0.7,
47367 5 0.21,
47437 33 0.2,
47520 43 0.42,
47592 42 0.47,
47674 25 0.73,
47695 39 0.31,
47721 32 0.97,
47803 16 0.36,
47804 35 0.28,
47848 37 0.52,
47856 10 0.1,
47865 0 0.87,
47866 36 0.84,
47900 35 0.89,
47934 49 0.01,
47968 3 0.67,
48006 18 0.56,
48079 10 0.4,
48164 4 0.66,
48172 8 0.69,
48195 29 0.86,
48223 27 0.65,
48229 39 0.62,
48317 41 0.76,
48370 16 0.28,
48412 20 0.3,
48460 41 0.64,
48533 9 0.64,
48617 34 0.4,
48655 18 0.55,
48739 15 0.37,
48740 44 0.36,
48815 30 0.81,
48867 32 0.95,
48903 8 0.16,
48940 14 0.38,
48946 42 0.15,
48950 37 0.23,
48996 22 0.51,
49027 35 0.39,
49098 24 0.63,
49102 18 0.76,
49150 2 0.35,
49206 26 0.85,
49224 49 0.47,
49309 43 0.37,
49336 4 1.0,
49381 39 0.14,
49444 7 0.01,
49450 32 0.55,
49517 16 0.91,
49533 24 0.63,
49585 29 0.37,
49589 18 0.75,
49667 41 0.1,
49735 47 0.44,
49763 15 0.46,
49801 42 0.82,
49866 25 0.48,
49903 13 0.6,
49906 34 0.54,
49957 22 0.24,
50031 45 0.62,
50114 14 0.73,
50143 21 0.28,
50227 0 0.35,
50299 2 0.32,
50354 20 0.44,
50360 41 0.38,
50424 0 0.7,
50449 20 0.01,
50459 39 0.99,
50511 32 0.9,
50541 46 0.89,
50625 7 0.23,
50697 38 0.38,
50779 29 0.24,
50837 6 0.47,
50844 15 0.87,
50917 14 0.96,
50944 20 0.68,
50990 27 0.12,
51060 1 0.85,
51145 9 0.45,
51204 31 0.4,
51239 19 0.14,
51246 5 0.67,
51317 5 0.07,
51322 28 0.45,
51382 39 0.21,
51424 1 0.79,
51500 28 0.14,
51553 10 0.43,
51637 11 0.58,
51719 41 0.71,
51800 48 0.08,
51842 26 0.91,
51847 43 0.6,
51912 2 0.18,
51936 31 0.1,
51974 40 0.89,
52025 42 0.46,
52060 23 0.5,
52120 29 0.2,
52177 30 0.76,
52194 0 0.94,
52235 5 0.62,
52321 23 0.47,
52328 2 0.69,
52352 19 0.84,
52381 40 0.24,
52402 10 0.32,
52471 25 0.1,
52540 39 0.26,
52603 12 0.58,
52657 41 0.8,
52671 21 0.44,
52740 47 0.47,
52767 33 0.09,
52779 9 0.69,
52846 48 0.4,
52909 43 0.64,
52988 42 0.75,
53075 28 0.68,
53093 11 0.6,
53135 0 0.9,
53218 0 0.19,
53302 49 0.93,
53334 32 0.34,
53423 29 0.26,
53461 7 0.93,
53520 35 0.64,
53567 30 0.34,
53609 14 0.5,
53640 36 0.92,
53697 26 0.41,
53745 42 0.03,
53766 32 0.42,
53817 29 0.39,
53853 8 0.92,
53863 10 0.36,
53882 3 0.13,
53905 40 0.67,
53944 28 0.38,
54016 47 0.49,
54035 2 0.84,
54087 8 0.84,
54145 0 0.01,
54226 3 0.13,
54291 24 0.89,
54347 26 0.1,
54375 29 0.3,
54445 11 0.6,
54504 49 0.51,
54580 0 0.44,
54656 39 0.23,
54694 9 0.23,
54714 13 0.2,
54775 16 0.78,
54810 26 0.22,
54856 37 0.6,
54878 11 0.79,
54933 44 0.44,
55018 16 0.74,
55069 0 0.81,
55141 8 0.38,
55161 46 0.59,
55175 6 0.35,
55251 11 0.99,
55283 11 0.56,
55304 9 0.46,
55365 0 0.67,
55384 18 0.34,
55411 35 0.18,
55416 49 0.36,
55501 33 0.98,
55517 17 0.54,
55533 1 0.54,
55557 39 0.37,
55631 23 0.27,
55681 44 0.11,
55730 16 0.01,
55747 41 0.5,
55770 32 0.41,
55803 38 0.52,
55831 40 0.27,
55898 37 0.47,
55956 13 0.32,
56021 45 0.27,
56092 40 0.99,
56097 16 0.68,
56170 30 0.71,
56217 40 0.46,
56271 24 0.19,
56315 36 0.29,
56392 42 0.23,
56471 15 0.29,
56538 31 0.85,
56620 9 0.87,
56667 46 0.3,
56669 28 0.09,
56695 31 0.84,
56717 32 0.17,
56723 39 0.42,
56805 42 0.04,
56879 37 0.41,
56906 44 0.2,
56958 20 0.67,
56958 48 0.28,
57000 43 0.2,
57011 43 0.65,
57060 20 0.07,
57100 44 0.12,
57117 45 0.2,
57118 6 0.46,
57166 6 0.89,
57167 45 0.06,
57201 24 0.64,
57239 4 0.05,
57303 10 0.28,
57362 31 0.88,
57451 9 0.31,
57455 25 0.27,
57539 43 0.57,
57617 36 0.03,
57641 31 0.01,
57643 25 0.04,
57696 16 0.16,
57724 13 0.37,
57794 43 0.73,
57845 46 0.12,
57929 31 0.47,
57982 18 0.8,
58037 26 0.79,
58111 5 0.89,
58139 18 0.47,
58219 31 0.3,
58297 27 0.56,
58365 40 0.98,
58370 35 0.97,
58382 11 0.32,
58471 43 0.36,
58552 6 0.72,
58584 14 0.84,
58645 6 0.4,
58675 47 0.02,
58678 3 0.07,
58749 4 1.0,
58778 19 0.05,
58783 34 0.94,
58822 1 0.14,
58905 48 0.65,
58933 15 0.1,
59009 19 0.07,
59027 36 0.89,
59111 34 0.27,
59200 32 0.55,
59216 45 0.52,
59265 20 0.78,
59354 37 0.05,
59363 12 0.3,
59401 6 0.02,
59429 9 0.85,
59487 27 0.76,
59531 47 0.79,
59608 6 0.96,
59650 42 0.79,
59708 7 0.79,
59714 17 0.59,
59796 31 0.57,
59834 37 0.92,
59914 15 0.86,
60001 31 0.3,
60078 17 0.16,
60161 31 0.41,
60230 26 0.85,
60281 29 0.23,
60357 9 0.99,
60405 8 0.14,
60448 38 0.76,
60451 45 0.06,
60524 41 0.8,
60572 30 0.95,
60606 11 0.95,
60695 15 0.77,
60761 32 0.55,
60784 40 0.06,
60871 30 0.76,
60933 21 0.48,
60989 4 0.21,
61035 44 0.89,
61036 27 0.48,
61107 29 0.16,
61129 41 0.29,
61142 0 0.21,
61169 14 0.67,
61240 32 0.25,
61323 47 0.25,
61332 9 0.02,
61418 49 0.44,
61496 23 0.67,
61552 12 0.8,
61618 42 0.39,
61671 32 0.56,
61702 39 0.61,
61749 46 0.35,
61798 30 0.67,
61827 40 0.4,
61847 9 0.87,
61877 8 0.61,
61929 47 0.31,
62000 2 0.46,
62024 8 0.35,
62062 27 0.99,
62097 29 0.62,
62114 23 0.63,
62127 4 0.71,
62206 34 0.25,
62206 22 0.78,
62294 43 0.78,
62354 17 0.85,
62362 10 0.45,
62411 5 0.1,
62443 23 0.82,
62487 14 0.37,
62502 6 0.23,
62521 11 0.63,
62562 31 0.51,
62614 27 0.61,
62685 47 0.39,
62721 23 0.99,
62753 9 0.09,
62825 39 0.27,
62909 11 0.41,
62921 36 0.94,
62921 11 0.51,
62990 45 0.28,
63014 45 0.68,
63081 14 0.3,
63160 17 0.22,
63197 47 0.58,
63206 14 0.54,
63294 13 0.29,
63374 47 0.52,
63382 48 0.2,
63405 24 0.65,
63456 4 0.24,
63513 36 0.33,
63564 21 0.12,
63653 5 0.95,
63695 23 0.19,
63754 14 0.54,
63788 7 0.79,
63821 37 0.52,
63889 20 0.72,
63927 20 0.33,
63965 43 0.41,
64044 26 0.61,
64065 19 0.78,
64110 36 0.82,
64119 3 0.36,
64150 48 0.73,
64186 30 0.01,
64267 45 0.94,
64295 6 0.22,
64327 43 0.08,
64400 23 0.52,
64489 49 0.66,
64574 15 0.26,
64661 47 0.47,
64673 4 0.79,
64689 30 0.14,
64752 34 0.06,
64773 10 0.13,
64798 48 0.5,
64832 18 0.54,
64857 36 0.39,
64931 16 0.6,
65002 34 0.03,
65049 20 0.32,
65123 34 0.28,
65147 0 0.96,
65170 7 0.44,
65236 18 0.58,
65250 12 0.41,
65330 41 0.74,
65354 10 0.23,
65399 41 0.39,
65454 29 0.82,
65517 0 0.3,
65532 3 0.75,
65592 26 0.11,
65607 10 0.25,
65666 14 0.26,
65698 31 0.08,
65747 35 0.77,
65816 14 0.73,
65864 14 0.91,
65930 23 0.01,
65958 3 0.94,
65994 18 0.83,
65996 2 0.45,
66001 8 0.53,
66060 7 1.0,
66137 33 0.01,
66226 22 0.15,
66236 32 0.81,
66324 9 0.65,
66356 1 0.96,
66403 47 0.06,
66439 29 0.82,
66510 31 0.23,
66595 21 0.45,
66643 47 0.71,
66664 46 0.8,
66713 34 0.92,
66759 9 0.82,
66790 41 0.98,
66790 1 0.02,
66805 9 0.06,
66890 35 0.43,
66935 3 0.72,
66953 10 0.47,
66990 20 0.75,
67064 36 0.62,
67088 26 0.87,
67167 26 0.03,
67205 16 0.32,
67279 12 0.89,
67288 48 0.63,
67365 45 0.94,
67435 43 0.03,
67483 28 0.3,
67540 35 0.81,
67544 0 0.17,
67584 39 0.79,
67622 32 0.98,
67661 7 0.79,
67731 42 0.65,
67778 28 0.03,
67857 34 0.24,
67926 49 0.49,
67934 8 0.77,
67969 29 0.06,
68000 8 0.02,
68067 2 0.58,
68101 13 0.06,
68167 22 0.43,
68235 25 0.52,
68282 11 0.39,
68352 41 0.43,
68440 38 0.91,
68471 15 0.82,
68472 14 0.4,
68560 49 0.45,
68647 9 0.19,
68671 38 0.11,
68757 39 0.91,
68781 26 0.85,
68810 41 0.89,
68897 33 0.53,
68963 26 1.0,
69029 7 0.48,
69088 7 0.4,
69158 45 0.97,
69177 17 0.6,
69221 21 0.31,
69290 0 0.11,
69343 7 0.54,
69373 14 0.9,
69380 17 0.31,
69391 22 0.77,
69476 43 0.11,
69491 29 0.8,
69572 37 0.33,
69607 15 0.36,
69611 29 0.99,
69666 19 0.89,
69753 45 0.13,
69783 19 0.46,
69857 29 0.93,
69895 30 0.28,
69944 27 0.04,
69982 30 0.97,
70013 2 0.08,
70041 3 0.87,
70128 34 0.64,
70149 8 0.42,
70236 28 0.47,
70289 49 0.91,
70298 16 0.26,
70339 47 0.15,
70371 27 0.23,
70412 37 0.51,
70429 28 0.75,
70457 30 0.52,
70466 23 0.34,
70479 1 0.25,
70529 36 0.39,
70565 25 0.8,
70601 2 0.57,
70625 45 0.48,
70659 37 0.48,
70721 19 0.92,
70721 23 0.51,
70733 18 0.67,
70774 29 0.46,
70806 27 0.74,
70812 39 0.6,
70868 36 0.26,
70949 9 0.92,
70949 42 0.72,
70984 48 0.24,
71036 48 0.41,
71122 49 0.17,
71125 43 0.09,
71194 18 0.81,
71246 27 0.77,
71269 48 0.68,
71340 31 0.65,
71347 33 0.77,
71377 26 0.64,
71389 39 0.58,
71425 27 0.32,
71498 10 0.59,
71519 40 0.27,
71553 33 0.25,
71560 30 0.37,
71623 18 0.55,
71694 19 0.44,
71724 7 0.83,
71773 10 0.85,
71773 11 0.89,
71773 37 0.39,
71857 19 0.09,
71910 29 0.82,
71986 45 0.2,
72046 33 0.27,
72083 7 0.12,
72169 2 0.56,
72183 43 0.24,
72197 19 0.12,
72233 36 0.46,
72285 8 0.43,
72302 39 0.47,
72364 16 0.42,
72379 39 0.71,
72461 12 0.48,
72533 44 0.29,
72541 39 0.21,
72580 18 0.3,
72605 27 0.22,
72615 1 0.74,
72615 5 0.39,
72650 40 0.81,
72683 28 0.44,
72701 25 0.86,
72769 46 0.25,
72773 10 0.64,
72814 6 0.23,
72815 40 0.09,
72874 38 0.18,
72902 32 0.47,
72975 17 0.6,
73010 34 0.14,
73026 7 0.4,
73071 21 0.36,
73128 11 0.66,
73212 46 0.82,
73245 6 0.11,
73266 27 0.93,
73341 48 0.96,
73402 39 0.66,
73403 17 0.56,
73481 20 0.31,
73554 14 0.68,
73609 32 0.8,
73650 26 0.52,
73730 43 0.11,
73758 41 0.43,
73774 4 0.02,
73822 16 0.41,
73898 48 0.04,
73986 20 0.88,
74063 38 0.43,
74135 45 0.44,
74182 23 0.97,
74246 3 0.01,
74335 16 0.64,
74385 49 0.66,
74390 46 0.75,
74434 0 0.68,
74510 20 0.76,
74591 37 0.14,
74679 33 0.19,
74735 40 0.09,
74752 39 0.87,
74762 0 0.39,
74772 6 0.11,
74796 46 0.3,
74875 44 0.06,
74939 17 0.22,
74954 21 0.22,
75018 28 0.02,
75095 24 0.35,
75096 35 0.34,
75101 23 0.12,
75139 29 0.07,
75189 22 0.19,
75251 13 0.49,
75309 42 0.66,
75367 0 0.42,
75431 4 0.44,
75470 44 0.54,
75470 19 0.15,
75526 23 0.13,
75569 41 0.12,
75583 47 0.88,
75620 21 0.72,
75676 25 0.83,
75765 9 0.98,
75790 35 0.65,
75801 8 0.8,
75835 20 0.81,
75921 46 0.83,
75927 36 0.25,
76000 26 0.85,
76059 43 0.78,
76133 40 0.89,
76134 14 0.85,
76150 26 0.32,
76154 32 0.35,
76180 4 0.29,
76239 43 0.51,
76279 42 0.17,
76349 8 0.29,
76365 7 0.26,
76368 18 0.22,
76403 44 0.56,
76435 48 0.61,
76482 34 0.12,
76540 21 0.85,
76575 49 0.07,
76630 43 0.37,
76634 46 0.9,
76721 13 0.84,
76749 3 0.78,
76796 4 0.01,
76884 3 0.41,
76970 34 0.65,
76973 24 0.15,
76987 20 0.12,
77033 15 0.68,
77059 43 0.22,
77134 0 0.93,
77172 31 0.8,
77234 2 0.56,
77237 47 0.5,
77272 35 0.42,
77338 0 0.46,
77418 32 0.91,
77441 23 0.63,
77516 13 0.95,
77547 31 0.47,
77611 28 0.23,
77643 27 0.47,
77715 30 0.32,
77739 19 0.49,
77744 39 0.65,
77756 42 0.5,
77820 8 0.41,
77846 15 0.8,
77932 2 0.77,
77990 31 0.34,
78009 12 0.18,
78067 28 0.2,
78122 47 0.91,
78208 30 0.01,
78208 32 0.46,
78285 24 0.96,
78358 31 0.66,
78440 47 0.73,
78490 28 0.93,
78535 3 0.85,
78588 40 0.81,
78631 40 0.42,
78717 27 0.9,
78732 49 0.63,
78818 27 0.84,
78842 31 0.07,
78920 32 0.38,
78994 3 0.36,
79063 45 0.35,
79077 24 0.91,
79121 36 0.99,
79150 38 0.97,
79239 45 1.0,
79260 46 1.0,
79278 35 0.29,
79313 28 0.49,
79387 10 0.35,
79391 26 0.84,
79397 6 0.95,
79438 48 0.08,
79511 47 0.26,
79592 2 0.66,
79634 25 0.02,
79687 13 0.58,
79774 16 0.6,
79782 43 0.79,
79815 37 0.72,
79842 32 0.08,
79916 19 0.59,
79936 47 0.74,
80001 36 0.61,
80034 37 0.34,
80091 3 0.52,
80120 12 0.78,
80199 19 0.18,
80267 5 0.06,
80311 28 0.18,
80336 22 0.62,
80390 31 0.41,
80423 33 0.62,
80468 6 0.5,
80533 38 0.46,
80592 15 0.77,
80601 7 0.59,
80670 25 0.42,
80694 2 0.63,
80766 9 0.73,
80799 23 0.52,
80878 43 0.09,
80953 49 0.29,
81033 6 0.59,
81089 35 0.42,
81129 35 0.27,
81187 25 0.35,
81187 13 0.13,
81243 47 0.04,
81259 4 0.5,
81305 28 0.85,
81321 49 0.1,
81394 22 0.55,
81430 40 0.21,
81476 39 0.7,
81515 32 0.24,
81592 47 0.12,
81605 29 0.06,
81625 17 0.96,
81665 25 0.08,
81722 19 0.98,
81747 18 0.89,
81777 8 0.93,
81784 0 0.25,
81861 39 0.94,
81944 16 0.85,
82019 30 0.15,
82023 3 0.55,
82048 40 0.61,
82071 47 0.46,
82118 22 0.85,
82138 0 0.53,
82216 9 0.69,
82227 23 0.24,
82303 35 0.62,
82342 22 0.73,
82373 37 0.19,
82433 34 0.87,
82475 36 0.09,
82543 17 0.02,
82583 40 0.16,
82643 10 0.45,
82685 32 0.92,
82722 4 0.27,
82790 4 0.31,
82865 2 0.91,
82865 0 0.02,
82922 11 0.2,
82954 49 0.02,
83031 40 0.14,
83036 44 0.72,
83120 10 0.35,
83157 38 0.82,
83184 4 0.57,
83228 30 0.66,
83240 32 0.89,
83290 38 0.47,
83291 40 0.69,
83352 35 0.63,
83431 29 0.29,
83481 40 0.14,
83505 36 0.03,
83591 19 0.81,
83680 22 0.34,
83732 22 0.65,
83793 15 0.71,
83879 48 0.86,
83907 1 0.87,
83959 10 0.34,
83968 43 0.58,
84049 47 0.09,
84097 2 0.01,
84162 40 0.2,
84176 1 0.91,
84214 40 0.1,
84229 25 0.51,
84250 40 0.03,
84254 8 0.9,
84333 23 0.79,
84367 23 0.28,
84442 42 0.55,
84442 21 0.4,
84531 44 0.06,
84559 21 0.88,
84559 33 0.36,
84601 43 0.74,
84668 42 0.51,
84695 30 0.97,
84754 13 0.99,
84804 5 0.98,
84828 6 0.39,
84869 1 0.75,
84943 26 0.69,
84988 5 0.04,
85025 17 0.18,
85051 25 0.2,
85061 0 0.64,
85132 14 0.09,
85215 49 0.1,
85259 13 0.04,
85289 32 0.73,
85358 22 0.71,
85386 33 0.85,
85389 22 0.2,
85454 14 0.84,
85539 43 0.4,
85561 47 0.56,
85645 49 0.37,
85704 38 0.28,
85740 36 0.8,
85828 23 0.31,
85848 26 0.07,
85873 10 0.46,
85953 38 0.26,
86006 19 0.66,
86076 18 0.7,
86082 11 0.72,
86160 16 0.88,
86212 32 0.52,
86259 5 0.42,
86306 43 0.32,
86395 17 0.49,
86435 11 0.95,
86438 27 0.78,
86458 9 1.0,
86468 20 0.58,
86554 41 0.34,
86641 34 0.59,
86647 17 0.65,
86648 45 0.12,
86662 16 0.54,
86694 13 0.35,
86765 44 0.81,
86850 49 0.91,
86935 39 0.09,
86951 45 0.83,
86975 4 0.2,
87009 49 0.23,
87073 41 0.31,
87159 35 0.62,
87210 11 1.0,
87298 30 0.59,
87364 7 0.86,
87440 13 0.48,
87487 41 0.61,
87549 29 0.94,
87557 19 0.59,
87605 8 0.25,
87660 39 0.62,
87682 49 0.55,
87738 5 0.63,
87746 32 0.37,
87767 27 0.01,
87814 32 0.09,
87896 9 0.38,
87969 43 0.86,
88035 33 0.13,
88071 17 0.52,
88107 12 0.72,
88171 1 0.62,
88211 30 0.94,
88274 30 0.33,
88330 28 0.82,
88342 9 0.92,
88389 12 0.45,
88411 29 0.05,
88440 44 0.97,
88497 0 0.72,
88580 42 0.19,
88638 33 0.51,
88668 2 0.4,
88670 18 0.44,
88740 46 0.16,
88819 0 0.69,
88845 4 0.71,
88922 37 0.67,
88935 3 0.08,
88986 47 0.76,
88986 11 0.19,
89054 47 0.85,
89137 35 0.9,
89198 17 0.92,
89259 30 0.58,
89327 28 0.32,
89365 31 0.18,
89413 1 0.43,
89475 20 0.04,
89508 2 0.97,
89581 29 0.73,
89664 36 0.19,
89672 15 0.5,
89727 16 0.48,
89749 43 0.73,
89804 19 0.96,
89811 7 0.55,
89859 1 0.99,
89863 40 0.13,
89949 16 0.25,
90024 37 0.53,
90081 24 0.14,
90118 19 1.0,
90182 30 0.38,
90207 18 0.24,
90238 37 0.86,
90295 44 0.75,
90378 43 0.38,
90461 11 0.41,
90547 7 0.04,
90617 38 0.49,
90699 23 0.68,
90778 5 0.28,
90857 9 0.49,
90917 8 0.24,
90967 42 0.39,
91049 4 0.93,
91068 33 0.53,
91099 47 0.78,
91115 17 0.73,
91177 25 0.54,
91189 37 0.6,
91222 25 0.64,
91290 19 0.47,
91373 20 0.48,
91445 35 0.17,
91474 24 0.21,
91555 31 0.17,
91595 33 0.1,
91651 17 0.27,
91702 1 0.26,
91761 4 0.22,
91812 11 0.46,
91901 33 0.76,
91929 31 0.89,
91985 32 0.44,
92047 1 0.24,
92120 19 0.42,
92179 8 0.94,
92228 11 0.45,
92294 43 0.31,
92317 45 0.69,
92365 15 0.65,
92448 39 0.12,
92492 38 0.57,
92506 9 0.78,
92537 30 0.21,
92612 14 0.63,
92645 18 0.43,
92710 7 0.68,
92720 9 0.92,
92743 31 0.95,
92801 17 0.04,
92827 22 0.09,
92914 28 0.73,
93003 20 0.02,
93062 23 0.23,
93110 14 0.47,
93158 46 0.76,
93185 7 0.39,
93236 6 0.71,
93324 31 0.6,
93326 30 0.86,
93328 27 0.83,
93365 14 0.97,
93401 49 0.99,
93486 22 0.26,
93486 29 0.58,
93499 28 0.64,
93537 31 0.14,
93568 7 0.51,
93654 13 0.04,
93703 11 0.3,
93785 5 0.9,
93860 46 0.35,
93901 13 0.99,
93901 32 0.37,
93930 45 0.24,
94013 3 0.5,
94055 23 0.71,
94114 42 0.61,
94121 43 0.76,
94149 28 0.59,
94182 24 0.12,
94199 19 0.68,
94274 3 0.17,
94302 11 0.9,
94352 24 0.8,
94392 42 0.5,
94421 12 0.17,
94428 30 0.38,
94476 28 0.06,
94490 34 0.72,
94496 27 0.79,
94528 31 0.42,
94614 16 0.98,
94655 16 0.08,
94657 39 0.47,
94710 4 0.91,
94777 19 0.88,
94819 39 0.67,
94907 36 0.66,
94932 45 0.62,
94981 7 0.86,
94985 46 0.88,
95072 3 0.05,
95100 15 0.52,
95104 48 0.98,
95164 5 0.47,
95230 46 0.77,
95291 49 0.43,
95301 0 0.57,
95385 25 0.58,
95450 36 0.27,
95520 34 0.53,
95542 2 0.93,
95569 13 0.35,
95647 44 0.79,
95733 16 0.48,
95753 30 0.81,
95811 31 0.85,
95859 3 0.5,
95867 7 0.48,
95869 46 0.51,
95953 24 0.18,
96033 35 0.78,
96035 43 0.04,
96116 28 0.62,
96161 33 0.05,
96181 20 0.88,
96264 30 0.56,
96271 26 0.86,
96332 43 0.9,
96336 23 0.75,
96375 43 0.65,
96424 22 0.49,
96443 44 0.41,
96487 16 0.69,
96496 18 0.54,
96517 38 0.1,
96569 46 0.37,
96616 41 0.42,
96654 8 0.73,
96669 25 0.76,
96683 4 0.14,
96704 16 0.58,
96765 36 0.42,
96802 41 0.63,
96882 32 0.68,
96902 28 0.17,
96921 20 0.76,
97001 3 0.15,
97073 5 0.57,
97073 2 0.9,
97126 41 0.83,
97200 20 0.14,
97211 47 0.64,
97289 25 0.99,
97357 22 0.82,
97398 33 0.09,
97398 26 0.07,
97457 28 0.94,
97514 30 0.71,
97585 32 0.01,
97611 49 0.83,
97626 36 0.93,
97699 39 0.47,
97781 32 0.1,
97783 24 0.63,
97861 32 0.86,
97891 19 0.85,
97902 0 0.5,
97969 7 0.67,
97986 33 0.39,
98064 48 0.5,
98144 44 0.34,
98192 21 0.14,
98274 3 0.59,
98341 39 0.29,
98344 4 0.11,
98405 17 0.3,
98428 26 0.12,
98467 11 0.8,
98478 26 0.27,
98567 31 0.78,
98575 2 0.94,
98619 14 0.76,
98691 27 0.87,
98702 49 0.19,
98702 19 0.93,
98759 34 0.45,
98778 10 0.74,
98788 44 0.25,
98839 39 0.73,
98879 15 0.6,
98942 25 0.47,
99013 45 0.81,
99039 32 0.42,
99057 45 0.87,
99104 49 0.28,
99129 47 0.44,
99173 23 0.73,
99250 17 0.82,
99268 0 0.51,
99307 3 0.78,
99335 40 0.24,
99357 45 0.52,
99442 48 0.13,
99464 14 1.0,
99537 6 0.67,
99621 24 0.18,
99626 17 0.26,
99660 31 0.28,
99745 28 0.59,
99782 28 0.52,
99866 26 0.44,
99895 20 0.91,
99978 24 0.57,
99983 21 0.67,
99989 25 0.76,
100030 41 0.76,
100050 5 0.11,
100077 6 0.14,
100150 14 0.71,
100153 46 0.81,
100180 17 0.17,
100198 39 0.53,
100241 3 0.04,
100280 2 0.1,
100325 32 0.37,
100355 14 0.23,
100400 23 0.2,
100476 44 0.9,
100527 26 0.39,
100546 22 0.8,
100580 6 0.91,
100645 27 0.81,
100699 44 0.45,
100721 11 0.72,
100729 22 0.11,
100768 8 0.6,
100839 6 0.77,
100850 49 0.05,
100902 5 0.59,
100904 39 0.92,
100922 35 0.5,
100932 13 0.99,
101003 6 0.59,
101071 48 0.25,
101145 32 0.56,
101187 35 0.74,
101247 32 0.95,
101333 41 0.7,
101339 27 0.15,
101386 0 0.74,
101418 45 0.02,
101478 28 0.55,
101488 15 0.86,
101520 25 0.41,
101571 46 0.39,
101589 30 0.28,
101673 4 0.23,
101688 31 0.48,
101777 10 0.03,
101780 14 0.55,
101802 37 0.98,
101887 47 0.54,
101917 49 0.52,
101948 23 0.78,
101960 9 0.12,
101973 3 0.95,
101986 45 0.16,
102026 30 0.36,
102027 33 0.87,
102050 0 0.95,
102090 49 0.08,
102144 5 0.72,
102185 13 0.79,
102245 27 0.07,
102327 44 0.26,
102336 23 0.94,
102344 5 0.25,
102406 25 0.92,
102455 22 0.86,
102476 32 0.57,
102527 26 0.15,
102612 43 0.11,
102698 41 0.9,
102734 14 0.58,
102757 40 0.06,
102814 4 0.53,
102854 47 0.58,
102861 6 0.83,
102862 43 0.48,
102909 3 0.3,
102995 48 0.52,
103016 26 0.88,
103102 17 0.03,
103102 14 0.74,
103107 43 0.95,
103169 31 0.06,
103250 8 1.0,
103270 24 0.98,
103288 10 0.03,
103311 24 0.53,
103367 15 0.57,
103419 14 0.41,
103436 41 0.28,
103524 37 0.64,
103568 12 0.71,
103614 25 0.12,
103688 46 0.9,
103720 32 0.04,
103806 30 0.49,
103862 44 0.14,
103923 21 0.57,
103954 35 0.19,
103984 1 0.3,
103994 13 0.76,
104044 22 0.36,
104066 6 0.22,
104085 33 0.98,
104172 12 0.6,
104190 8 0.78,
104242 4 0.03,
104322 23 0.57,
104400 19 0.56,
104434 46 0.95,
104516 40 0.14,
104519 13 0.02,
104567 19 0.93,
104625 22 0.67,
104644 34 1.0,
104693 7 0.71,
104725 8 0.78,
104736 7 0.46,
104759 43 0.83,
104812 40 0.1,
104832 7 0.15,
104840 18 0.71,
104841 16 0.54,
104885 44 0.43,
104968 49 0.18,
104975 27 0.38,
104993 29 0.98,
105067 44 0.88,
105106 24 0.77,
105156 33 0.53,
105224 35 0.94,
105227 27 0.79,
105295 4 0.71,
105304 7 0.05,
105321 2 0.27,
105344 9 0.34,
105402 9 0.04,
105416 46 0.21,
105459 49 0.05,
105473 6 0.08,
105510 23 1.0,
105570 39 0.21,
105632 38 0.34,
105685 35 0.27,
105764 10 0.53,
105798 38 0.32,
105882 23 0.9,
105916 25 0.26,
105917 47 0.98,
105938 14 0.74,
105952 39 0.26,
106039 26 0.35,
106040 24 0.94,
106092 46 0.39,
106174 15 0.99,
106211 28 0.82,
106272 28 0.2,
106304 33 0.75,
106377 9 0.17,
106447 8 0.22,
106463 40 0.4,
106540 13 0.43,
106587 35 0.33,
106674 42 0.9,
106701 35 0.68,
106771 35 0.3,
106841 24 0.46,
106869 11 0.11,
106939 49 0.54,
106939 15 0.44,
107014 28 0.34,
107081 19 0.16,
107126 45 0.21,
107154 2 0.24,
107224 19 0.54,
107278 8 0.99,
107350 29 0.25,
107355 25 0.21,
107383 23 0.17,
107443 40 0.8,
107467 48 0.69,
107491 2 0.32,
107519 27 0.18,
107542 8 0.37,
107587 41 0.81,
107663 23 0.79,
107741 47 0.21,
107789 45 0.5,
107790 42 0.68,
107852 49 0.25,
107930 26 0.94,
107954 21 0.23,
108015 29 0.75,
108048 11 0.43,
108114 8 0.79,
108201 38 0.38,
108259 37 0.39,
108322 3 0.43,
108410 10 0.12,
108491 24 0.57,
108576 24 0.81,
108658 36 0.85,
108679 7 0.22,
108700 36 0.26,
108708 49 0.79,
108779 28 0.66,
108840 2 0.35,
108863 19 0.66,
108949 17 0.66,
108995 13 0.17,
109018 34 0.77,
109028 24 0.61,
109058 39 0.44,
109115 7 0.82,
109121 3 0.66,
109131 30 1.0,
109158 37 0.42,
109224 43 0.87,
109224 20 0.35,
109249 1 0.18,
109327 4 0.43,
109327 0 0.57,
109408 32 0.64,
109421 15 0.53,
109478 27 0.95,
109493 27 0.52,
109513 17 0.73,
109565 22 0.1,
109582 44 0.26,
109644 16 0.4,
109667 14 0.19,
109713 8 0.58,
109728 10 0.63,
109743 43 0.33,
109771 24 0.75,
109787 31 0.99,
109850 41 0.79,
109912 18 0.63,
109917 47 0.73,
109970 44 0.59,
110030 29 0.06,
110072 23 0.57,
110117 32 0.89,
110175 25 0.36,
110187 47 0.5,
110266 7 0.22,
110322 32 0.04,
110344 13 0.76,
110399 27 0.75,
110476 21 0.46,
110511 0 0.93,
110538 14 0.21,
110567 44 0.69,
110650 26 0.39,
110719 27 0.08,
110794 4 0.85,
110882 14 0.98,
110893 25 0.26,
110939 3 0.83,
110972 36 0.89,
110980 47 0.27,
111017 0 0.56,
111106 22 0.4,
111116 34 0.1,
111119 31 0.16,
111193 41 0.31,
111237 33 0.88,
111317 37 0.38,
111354 39 0.43,
111369 34 0.03,
111452 36 0.99,
111482 26 0.8,
111563 13 0.54,
111613 9 0.59,
111626 31 0.85,
111665 25 0.57,
111682 31 0.34,
111713 18 0.28,
111795 45 0.8,
111846 18 0.99,
111849 2 0.02,
111935 30 0.9,
111985 44 0.64,
112058 0 0.39,
112086 12 0.4,
112157 15 0.12,
112198 23 0.15,
112279 47 0.49,
112327 29 0.41,
112372 16 0.63,
112460 23 0.61,
112518 42 0.7,
112589 12 0.07,
112649 24 0.78,
112737 33 0.73,
112823 41 0.99,
112837 37 0.46,
112901 24 0.97,
112901 17 0.78,
112937 19 0.27,
112958 8 0.06,
113008 15 0.8,
113009 15 0.07,
113011 19 0.06,
113058 3 0.39,
113117 23 0.83,
113158 10 0.33,
113171 0 0.43,
113244 36 0.39,
113264 48 0.29,
113339 42 0.63,
113400 40 0.32,
113456 43 0.82,
113506 7 0.83,
113507 42 0.29,
113522 34 0.03,
113574 0 0.83,
113657 49 0.92,
113671 16 0.72,
113734 20 0.06,
113807 39 0.38,
113890 46 0.25,
113919 15 0.25,
113947 13 0.92,
114021 11 0.4,
114026 39 0.75,
114061 46 0.13,
114117 49 0.02,
114195 41 0.28,
114262 10 0.72,
114273 10 0.46,
114326 13 0.02,
114390 4 0.29,
114418 2 0.64,
114465 3 0.07,
114497 45 0.28,
114564 19 0.65,
114607 33 0.03,
114695 6 0.75,
114735 49 0.74,
114779 49 0.1,
114842 15 0.99,
114914 22 0.73,
114957 46 0.25,
114973 33 0.56,
115045 11 0.36,
115064 21 0.08,
115125 12 0.28,
115206 7 0.32,
115222 14 0.98,
115268 27 0.81,
115304 8 0.41,
115320 23 0.81,
115373 2 0.78,
115395 12 0.6,
115396 46 0.06,
115466 19 0.7,
115534 28 0.56,
115602 17 0.5,
115632 41 0.18,
115641 19 0.09,
115673 35 0.95,
115739 36 0.65,
115803 23 0.43,
115868 36 0.5,
115880 30 0.86,
115965 9 1.0,
116036 15 0.09,
116120 37 0.01,
116147 13 0.19,
116223 9 0.97,
116294 34 0.16,
116339 29 0.11,
116381 31 0.79,
116415 12 0.46,
116426 42 0.11,
116502 43 0.11,
116558 5 0.4,
116612 9 0.04,
116675 34 0.63,
116724 42 0.44,
116789 21 0.02,
116805 48 0.94,
116825 4 0.89,
116845 23 0.9,
116906 31 0.6,
116944 28 0.51,
116990 30 0.61,
117044 11 0.97,
117100 15 0.54,
117139 19 0.86,
117179 1 0.17,
117234 25 0.37,
117259 6 1.0,
117261 1 0.92,
117266 31 0.95,
117317 33 0.48,
117351 31 0.51,
117375 14 0.84,
117412 7 0.66,
117459 18 0.84,
117468 36 0.8,
117496 32 0.22,
117534 31 0.77,
117610 38 0.83,
117647 41 0.19,
117674 17 0.12,
117689 42 0.19,
117766 27 0.72,
117771 38 0.28,
117780 22 0.84,
117865 48 0.83,
117950 16 0.23,
117952 40 0.04,
118005 8 0.84,
118087 22 0.79,
118117 3 0.81,
118121 14 0.73,
118182 6 0.38,
118213 30 0.12,
118226 37 0.95,
118279 43 0.31,
118289 27 0.81,
118319 18 0.21,
118355 13 0.19,
118405 30 0.39,
118449 12 0.02,
118529 24 0.08,
118560 32 0.44,
118627 49 0.82,
118663 12 0.78,
118669 13 0.84,
118700 47 0.6,
118778 42 0.44,
118832 32 0.27,
118890 42 0.74,
118925 44 0.18,
118982 32 0.54,
119045 26 0.08,
119046 2 0.15,
119102 28 0.17,
119186 2 0.6,
119244 49 0.74,
119250 1 0.84,
119314 12 0.82,
119332 44 0.37,
119333 46 0.3,
119376 20 0.08,
119431 20 0.7,
119446 13 0.99,
119483 18 0.97,
119547 33 0.65,
119627 0 0.48,
119645 11 0.16,
119711 2 0.29,
119742 4 0.07,
119775 31 0.93,
119842 37 0.33,
119864 43 0.52,
119930 27 0.09,
119973 19 0.14,
119985 18 0.77,
120058 21 0.74,
120118 44 0.45,
120122 37 0.45,
120132 3 0.54,
120221 6 0.88,
120251 27 0.38,
120275 33 0.56,
120327 1 0.93,
120381 38 0.07,
120430 20 0.66,
120432 47 0.23,
120494 43 0.33,
120506 10 0.84,
120551 9 0.21,
120625 10 0.23,
120670 24 0.9,
120746 49 0.33,
120761 42 0.36,
120846 11 0.91,
120873 22 0.43,
120903 43 0.44,
120957 5 0.33,
120957 46 0.11,
120997 21 0.55,
121046 48 0.5,
121060 18 0.31,
121083 17 0.36,
121125 31 0.41,
121170 27 0.67,
121234 6 0.96,
121286 41 0.35,
121360 49 0.07,
121399 47 0.18,
121475 0 0.91,
121552 47 0.03,
121615 14 0.43,
121624 34 0.45,
121687 39 0.37,
121730 30 0.15,
121783 33 0.43,
121833 41 0.8,
121843 43 0.35,
121930 24 0.24,
121980 35 0.21,
122027 23 0.56,
122075 38 0.62,
122082 30 0.42,
122091 4 0.64,
122103 1 0.58,
122166 15 0.06,
122203 39 0.44,
122289 35 1.0,
122324 45 0.66,
122342 13 0.26,
122395 27 0.02,
122479 40 0.03,
122521 28 0.1,
122546 14 0.89,
122622 13 0.92,
122633 44 0.63,
122659 49 0.51,
122688 24 0.52,
122739 27 0.59,
122820 39 0.18,
122898 19 0.09,
122969 2 0.06,
123022 10 0.62,
123106 37 0.67,
123149 0 0.96,
123176 29 0.27,
123254 37 0.41,
123306 48 0.54,
123374 15 0.76,
123431 41 0.91,
123448 36 0.12,
123525 24 0.29,
123543 32 0.4,
123597 42 0.69,
123668 31 0.67,
123679 28 0.43,
123712 48 0.95,
123780 13 0.95,
123858 5 0.69,
123908 24 0.47,
123990 22 0.78,
124036 6 0.63,
124057 11 0.12,
124070 29 0.21,
124133 39 0.71,
124214 36 0.87,
124245 43 0.25,
124326 8 0.59,
124375 11 0.25,
124408 18 0.94,
124491 19 0.01,
124569 29 0.83,
124637 30 0.26,
124670 33 0.28,
124748 26 0.5,
124825 16 0.53,
124862 16 0.15,
124890 7 0.24,
124907 35 0.81,
124908 4 0.87,
124921 35 0.35,
124924 40 0.54,
124953 0 0.44,
125016 24 0.85,
125075 3 0.93,
125159 26 0.04,
125229 26 0.08,
125314 7 0.99,
125360 20 0.5,
125424 33 0.85,
125499 20 0.43,
125534 34 0.61,
125549 8 0.99,
125572 14 0.11,
125639 16 0.45,
125644 25 0.19,
125695 4 0.57,
125776 43 0.46,
125786 0 1.0,
125788 37 0.01,
125813 4 0.86,
125827 35 0.38,
125860 22 0.62,
125912 37 0.56,
125955 44 0.81,
125996 1 0.79,
126052 12 0.47,
126124 46 0.87,
126124 10 0.97,
126127 24 0.09,
126180 42 0.86,
126191 18 0.13,
126274 0 0.19,
126360 22 0.56,
126376 47 0.92,
126449 33 0.47,
126481 23 0.01,
126507 5 0.63,
126561 10 0.43,
126623 25 0.16,
126651 19 0.61,
126708 32 0.55,
126760 38 0.01,
126831 33 0.58,
126915 0 0.64,
126916 2 0.43,
126936 3 0.82,
126938 42 0.08,
126994 27 0.56,
127006 28 0.36,
127057 44 0.85,
127081 20 0.45,
127094 43 0.97,
127182 31 0.96,
127235 9 0.73,
127270 47 0.65,
127272 15 0.99,
127325 0 0.29,
127400 21 0.81,
127417 11 0.1,
127461 29 0.21,
127523 4 0.49,
127539 37 0.36,
127572 44 0.27,
127602 8 0.68,
127659 31 0.38,
127686 48 0.03,
127749 11 0.43,
127822 21 0.31,
127832 39 0.27,
127915 3 0.24,
127919 14 0.45,
127994 22 0.39,
128036 28 0.1,
128085 6 0.86,
128134 31 0.66,
128181 37 0.48,
128236 46 0.32,
128261 30 0.65,
128333 36 0.82,
128422 5 0.36,
128423 17 0.2,
128453 21 0.78,
128514 31 0.27,
128530 17 0.96,
128599 30 0.91,
128640 42 0.66,
128690 8 0.27,
128707 18 0.15,
128777 47 0.76,
128825 23 0.3,
128883 30 0.55,
128955 2 0.47,
128987 5 0.47,
129074 0 0.93,
129088 18 0.02,
129137 14 0.9,
129145 48 0.59,
129216 13 0.92,
129302 12 0.27,
129308 49 0.01,
129384 24 0.47,
129412 46 0.07,
129435 37 0.79,
129453 39 0.28,
129505 10 0.22,
129587 24 0.22,
129646 10 0.1,
129734 45 0.23,
129803 11 0.57,
129857 24 0.16,
129942 25 0.3,
130029 10 0.92,
130053 18 0.38,
130120 33 0.66,
130174 48 0.91,
130245 47 0.36,
130250 2 0.03,
130272 10 0.62,
130354 7 0.83,
130354 44 0.06,
130414 27 0.61,
130416 42 0.6,
130438 20 0.97,
130475 18 0.32,
130506 25 0.18,
130595 9 0.71,
130669 14 0.49,
130754 28 0.62,
130803 25 0.39,
130833 49 0.59,
130920 45 0.66,
130941 18 0.86,
130982 49 0.49,
130998 21 0.13,
131038 31 0.5,
131102 41 0.98,
131142 18 0.05,
131183 17 0.07,
131201 13 0.33,
131240 47 0.43,
131326 49 0.44,
131390 4 0.7,
131424 29 0.65,
131503 27 0.19,
131505 39 0.08,
131545 30 0.99,
131626 34 0.33,
131630 14 0.4,
131652 45 0.37,
131675 19 0.01,
131741 37 0.68,
131770 4 0.41,
131844 43 0.94,
131876 10 0.84,
131887 14 0.33,
131918 13 0.75,
131973 33 0.91,
132040 1 0.43,
132117 9 0.23,
132169 46 0.7,
132177 33 0.27,
132227 23 0.3,
132293 27 0.54,
132332 10 0.34,
132361 9 0.66,
132447 25 0.08,
132456 20 0.63,
132463 47 0.61,
132523 29 0.09,
132589 20 0.42,
132640 2 0.4,
132722 31 0.43,
132774 8 0.28,
132861 31 0.43,
132883 19 0.84,
132900 6 0.07,
132907 14 0.56,
132940 9 0.95,
132984 33 0.77,
132997 40 0.95,
133084 36 0.16,
133147 5 0.75,
133230 45 0.94,
133304 47 0.57,
133341 43 0.22,
133354 39 0.5,
133377 6 0.89,
133429 23 0.81,
133482 10 0.28,
133554 48 0.63,
133583 21 0.33,
133663 30 0.62,
133719 18 0.87,
133763 2 0.25,
133852 17 0.46,
133935 39 0.21,
133960 40 0.91,
134014 12 0.07,
134095 37 0.44,
134180 21 0.07,
134196 5 0.44,
134229 24 0.71,
134304 21 0.59,
134323 35 0.72,
134355 48 0.39,
134432 11 0.14,
134521 28 0.47,
134595 30 0.61,
134635 48 0.64,
134715 28 0.72,
134720 27 0.72,
134739 41 0.59,
134813 41 0.02,
134875 4 0.07,
134913 31 0.66,
134925 46 0.64,
134927 46 0.06,
134968 43 0.46,
135017 37 0.48,
135066 47 0.57,
135081 47 0.8,
135145 44 0.16,
135200 44 0.94,
135265 4 0.37,
135352 30 0.16,
135393 42 0.45,
135449 3 0.15,
135487 36 0.22,
135573 9 0.64,
135597 45 0.1,
135659 4 0.13,
135727 41 0.72,
135794 9 0.29,
135859 41 0.62,
135907 28 0.4,
135917 38 0.5,
135999 33 0.16,
136048 9 0.45,
136111 28 0.92,
136184 44 0.48,
136199 16 0.55,
136224 30 0.96,
136229 9 0.17,
136254 33 1.0,
136287 42 0.36,
136348 33 0.39,
136424 14 0.23,
136442 37 0.71,
136513 40 0.36,
136526 34 0.4,
136536 15 0.03,
136623 26 0.3,
136712 11 0.59,
136725 49 0.98,
136764 9 0.96,
136807 16 0.48,
136841 0 0.86,
136849 46 0.94,
136872 0 0.46,
136946 36 0.13,
136977 19 0.72,
137003 9 0.58,
137078 30 0.92,
137140 16 0.26,
137202 29 0.56,
137267 21 0.98,
137315 36 0.67,
137388 24 0.45,
137456 18 0.45,
137509 38 0.15,
137573 15 0.58,
137581 42 0.66,
137612 32 0.9,
137644 35 0.64,
137645 8 0.06,
137694 11 0.57,
137717 20 0.11,
137801 41 0.55,
137837 10 1.0,
137841 27 0.38,
137905 34 0.61,
137929 23 0.37,
138007 34 0.41,
138093 27 0.88,
138175 23 0.38,
138204 9 0.13,
138292 2 0.98,
138350 9 0.39,
138363 44 0.07,
138419 36 0.13,
138431 15 0.4,
138434 36 0.92,
138493 27 0.83,
138529 40 0.15,
138590 22 0.27,
138593 29 0.88,
138673 14 0.97,
138676 41 0.03,
138698 15 0.04,
138756 48 0.83,
138785 11 0.17,
138874 43 0.84,
138916 7 0.52,
138971 23 0.45,
139011 27 1.0,
139050 35 0.08,
139133 41 0.05,
139212 29 0.25,
139278 2 0.6,
139322 11 0.24,
139323 20 0.18,
139378 12 0.54,
139407 33 0.51,
139487 39 0.66,
139515 9 0.41,
139542 0 0.48,
139616 47 0.77,
139671 24 0.99,
139708 42 0.46,
139755 2 0.03,
139803 17 0.18,
139847 33 0.55,
139871 26 0.5,
139878 12 0.3,
139908 25 0.05,
139922 16 0.71,
139953 4 0.4,
140015 36 0.66,
140102 30 0.16,
140133 0 0.86,
140137 12 0.56,
140138 19 0.71,
140178 43 0.21,
140222 12 0.8,
140272 11 0.26,
140341 5 0.63,
140414 37 0.36,
140457 15 0.22,
140468 19 0.49,
140522 3 0.69,
140551 28 0.81,
140562 38 0.69,
140633 38 0.94,
140717 8 0.37,
140763 14 0.8,
140765 4 0.88,
140822 27 0.12,
140825 38 0.51,
140883 41 0.71,
140926 35 0.79,
140982 27 0.25,
140998 44 0.65,
141084 41 0.03,
141090 49 0.69,
141157 18 0.47,
141207 46 0.44,
141249 31 0.59,
141309 5 0.8,
141382 3 0.08,
141467 25 0.23,
141544 16 0.23,
141549 30 0.2,
141636 31 0.69,
141685 48 0.62,
141770 2 0.54,
141774 42 0.17,
141785 43 0.86,
141862 3 0.93,
141910 13 0.52,
141961 21 0.16,
141977 13 0.64,
142019 20 0.58,
142089 22 0.76,
142159 8 0.63,
142215 9 0.88,
142265 49 0.66,
142323 23 0.36,
142404 30 0.32,
142492 3 0.4,
142518 7 0.79,
142569 20 0.26,
142622 28 0.38,
142633 39 0.21,
142694 17 0.9,
142730 33 0.31,
142800 0 0.21,
142841 33 0.03,
142859 23 0.98,
142886 44 0.96,
142937 35 0.15,
142948 41 0.6,
142995 48 0.65,
143034 14 0.43,
143044 22 0.31,
143103 19 0.42,
143159 0 0.27,
143207 28 0.57,
143264 20 0.25,
143298 18 0.26,
143304 20 0.75,
143342 30 0.99,
143391 1 0.96,
143409 41 0.19,
143493 9 0.3,
143520 26 0.23,
143527 45 0.47,
143537 13 0.58,
143557 34 0.28,
143638 31 0.54,
143680 17 0.57,
143680 7 0.72,
143710 31 0.94,
143766 38 0.59,
143787 38 0.23,
143817 11 0.25,
143867 8 0.18,
143874 9 0.24,
143909 20 0.32,
143987 37 0.98,
144059 30 0.24,
144065 13 0.17,
144084 15 0.47,
144172 2 0.08,
144252 1 0.54,
144306 3 0.12,
144316 4 0.3,
144363 26 0.7,
144451 23 0.65,
144536 21 0.8,
144560 14 0.23,
144609 46 0.83,
144653 4 0.13,
144683 19 0.63,
144769 10 0.65,
144799 10 0.93,
144856 34 0.77,
144942 1 0.64,
144961 20 0.76,
145025 1 0.56,
145093 7 0.97,
145174 3 0.76,
145181 23 0.32,
145248 49 0.17,
145329 48 0.14,
145362 21 0.26,
145449 32 0.66,
145450 11 0.42,
145500 49 0.2,
145535 39 0.44,
145583 45 0.46,
145603 43 0.63,
145631 26 0.75,
145641 15 0.39,
145654 34 0.55,
145695 44 0.96,
145764 26 0.54,
145802 6 0.99,
145865 45 0.51,
145885 20 0.11,
145950 22 0.31,
145984 11 0.67,
146009 33 0.98,
146087 48 0.23,
146133 4 0.94,
146198 7 0.13,
146220 17 0.56,
146264 23 0.8,
146283 33 0.54,
146321 40 0.33,
146321 22 0.85,
146337 0 0.38,
146357 29 0.39,
146409 31 0.37,
146458 41 0.53,
146514 23 0.81,
146580 19 0.97,
146668 25 0.63,
146713 39 0.4,
146802 32 0.5,
146857 8 0.85,
146860 20 0.08,
146907 10 0.22,
146983 1 0.35,
147007 23 0.96,
147023 1 0.7,
147094 2 0.56,
147103 40 0.78,
147188 29 0.88,
147251 44 0.56,
147266 11 0.31,
147292 15 0.8,
147336 9 0.94,
147339 42 0.71,
147410 39 0.24,
147498 30 0.47,
147533 8 0.34,
147571 22 0.79,
147583 32 0.83,
147614 4 0.09,
147635 37 0.21,
147717 38 0.89,
147738 41 0.88,
147752 27 0.05,
147786 24 0.35,
147808 26 0.72,
147841 44 0.73,
147914 23 0.17,
147955 10 0.66,
147997 45 0.72,
148074 0 0.31,
148083 0 0.56,
148087 0 0.26,
148130 14 0.35,
148171 1 0.5,
148247 0 0.46,
148282 26 0.24,
148371 45 0.15,
148410 25 0.65,
148425 22 0.16,
148451 45 0.33,
148507 18 0.85,
148535 42 0.05,
148547 14 0.64,
148627 12 0.14,
148636 20 0.88,
148686 32 0.99,
148732 16 0.23,
148744 28 0.51,
148806 7 0.54,
148839 48 0.2,
148895 22 0.92,
148942 40 0.99,
148976 32 0.93,
148997 16 0.96,
149009 18 0.64,
149035 41 0.37,
149036 25 0.5,
149052 32 0.61,
149116 13 0.05,
149172 25 0.46,
149192 45 0.12,
149261 33 0.38,
149303 39 0.03,
149307 9 0.13,
149363 41 0.04,
149401 28 0.89,
149482 30 0.33,
149522 37 0.13,
149531 18 0.13,
149570 27 0.73,
149585 40 0.11,
149589 36 0.33,
149664 44 0.38,
149716 31 0.25,
149729 12 0.62,
149749 39 0.51,
149825 15 0.24,
149912 40 0.07,
149994 4 0.45,
150046 5 0.57,
150093 0 0.28,
150145 38 0.07,
150192 43 1.0,
150247 32 0.62,
150333 45 0.98,
150400 40 0.58,
150452 16 0.22,
150476 15 0.41,
150505 11 0.36,
150554 5 0.94,
150631 14 0.58,
150631 13 0.38,
150698 48 0.29,
150726 5 0.01,
150808 8 0.84,
150846 25 0.34,
150908 41 0.48,
150923 5 0.39,
150965 9 0.74,
151003 23 0.82,
151086 15 0.86,
151145 39 0.57,
151201 31 0.53,
151236 32 0.41,
151290 6 0.37,
151324 28 0.16,
151346 17 0.59,
151381 20 0.92,
151384 39 0.78,
151409 28 0.05,
151460 21 0.16,
151526 24 0.86,
151543 22 0.31,
151590 20 0.73,
151641 35 0.58,
151690 4 0.43,
151754 4 0.68,
151840 34 0.35,
151872 27 0.94,
151876 0 0.93,
151955 43 0.71,
152038 39 0.59,
152121 48 0.53,
152137 30 0.05,
152199 36 0.05,
152273 18 0.51,
152336 37 0.87,
152386 35 0.76,
152425 44 0.69,
152497 48 0.27,
152506 20 0.48,
152589 0 0.9,
152599 47 0.26,
152618 4 0.1,
152631 7 0.95,
152648 49 0.78,
152674 13 0.22,
152744 46 0.4,
152784 21 0.11,
152794 43 0.1,
152841 22 0.56,
152857 10 0.42,
152866 3 0.54,
152903 42 0.31,
152906 36 0.23,
152948 32 0.99,
152995 37 0.7,
153071 2 0.76,
153118 6 0.22,
153196 29 0.91,
153229 31 0.47,
153241 18 0.17,
153304 4 0.86,
153387 27 0.92,
153390 4 0.82,
153424 13 0.96,
153435 14 0.3,
153439 9 0.86,
153483 39 0.68,
153541 38 0.34,
153589 9 0.81,
153671 26 0.28,
153678 16 0.21,
153742 16 0.35,
153754 48 0.94,
153789 41 0.99,
153849 2 0.56,
153856 13 0.29,
153872 32 0.22,
153898 34 0.97,
153977 2 0.66,
154012 18 0.38,
154031 15 0.09,
154080 37 0.9,
154082 32 0.26,
154087 29 0.24,
154131 7 0.86,
154209 20 0.89,
154268 41 0.68,
154339 7 0.54,
154371 12 1.0,
154450 14 0.18,
154492 13 0.61,
154545 7 0.61,
154592 1 0.34,
154660 34 0.4,
154694 8 0.33,
154741 23 0.87,
154743 39 0.06,
154787 12 0.68,
154839 25 0.46,
154854 15 0.48,
154880 17 0.7,
154956 38 0.02,
154986 30 0.59,
155049 14 0.77,
155051 39 0.62,
155131 23 0.46,
155132 24 0.5,
155194 46 0.54,
155226 19 0.53,
155229 13 0.49,
155315 18 0.06,
155329 44 0.84,
155338 41 0.96,
155380 32 0.1,
155427 30 0.07,
155502 21 0.24,
155540 34 0.58,
155572 39 0.76,
155599 39 0.84,
155682 14 0.16,
155741 38 0.64,
155797 43 0.71,
155853 1 0.2,
155925 48 0.83,
155958 42 0.48,
155960 12 0.42,
156044 8 0.96,
156095 44 0.45,
156100 9 0.7,
156114 33 0.57,
156143 34 0.19,
156195 10 0.55,
156241 32 0.88,
156264 36 0.62,
156308 1 0.59,
156309 45 0.89,
156360 13 0.57,
156387 14 0.36,
156443 35 0.35,
156466 15 0.31,
156467 25 0.38,
156475 25 0.65,
156547 32 0.09,
156568 43 0.53,
156638 21 0.69,
156685 4 0.44,
156737 27 0.58,
156740 35 0.44,
156799 40 0.87,
156873 17 0.52,
156918 30 0.5,
156990 36 0.62,
156998 25 0.08,
157000 4 0.46,
157027 22 0.24,
157095 37 0.44,
157134 9 0.29,
157197 31 0.4,
157253 26 0.91,
157254 49 0.27,
157309 13 0.43,
157339 33 0.53,
157422 29 0.17,
157453 32 0.77,
157516 25 0.72,
157599 30 0.69,
157625 16 0.17,
157659 48 0.29,
157709 23 0.52,
157775 25 0.5,
157833 29 0.87,
157865 0 0.15,
157943 4 0.54,
157953 40 0.95,
158035 37 0.51,
158086 7 0.05,
158175 4 0.88,
158203 6 0.22,
158233 34 0.39,
158287 48 0.95,
158355 27 0.05,
158439 30 0.21,
158449 37 0.17,
158449 13 0.84,
158492 5 0.05,
158552 7 0.72,
158564 12 0.29,
158600 39 0.45,
158617 10 0.49,
158649 18 0.16,
158697 11 0.24,
158770 24 0.94,
158772 46 0.07,
158847 32 0.75,
158878 3 0.63,
158890 11 0.31,
158937 6 0.75,
159009 35 0.4,
159031 7 0.07,
159102 43 0.4,
159137 41 0.66,
159217 25 0.18,
159235 30 0.07,
159323 10 0.36,
159410 42 0.07,
159430 31 0.69,
159443 48 0.13,
159497 3 0.37,
159546 16 0.55,
159564 25 0.03,
159620 29 0.4,
159621 37 0.53,
159628 38 0.32,
159697 40 0.79,
159785 43 0.11,
159820 34 0.32,
159908 40 0.8,
159942 27 0.27,
160018 0 0.1,
160046 36 0.7,
160111 31 0.93,
160170 13 0.52,
160222 20 0.64,
160255 9 0.54,
160265 40 0.02,
160297 17 0.63,
160343 44 0.75,
160369 21 0.57,
160403 22 0.43,
160431 47 0.99,
160469 19 0.95,
160501 37 0.75,
160580 21 0.99,
160595 22 0.03,
160674 3 0.43,
160742 31 0.05,
160798 42 0.24,
160804 7 0.15,
160882 8 0.29,
160886 42 0.87,
160928 13 0.81,
160959 19 0.38,
161038 5 0.37,
161076 31 0.64,
161086 39 0.08,
161153 47 0.15,
161195 36 0.99,
161249 25 1.0,
161304 24 0.96,
161306 14 0.87,
161338 41 0.52,
161394 0 0.68,
161428 7 0.12,
161437 33 0.11,
161455 49 0.52,
161536 47 0.31,
161621 46 0.56,
161631 18 0.03,
161709 17 0.85,
161760 16 0.8,
161797 19 0.96,
161881 22 0.34,
161940 32 0.76,
161980 36 0.47,
162013 33 0.83,
162030 0 0.12,
162080 24 0.45,
162134 16 0.61,
162193 28 0.77,
162215 15 0.11,
162253 4 0.51,
162321 18 0.65,
162355 7 0.71,
162356 24 0.6,
162371 36 0.76,
162457 29 0.55,
162541 10 0.39,
162614 49 0.43,
162633 10 0.92,
162707 46 0.36,
162786 38 0.77,
162844 13 0.94,
162865 25 0.62,
162879 21 0.58,
162932 1 0.12,
162933 2 0.52,
162981 32 0.24,
163069 2 0.6,
163147 42 0.27,
163214 45 0.77,
163303 11 0.82,
163314 21 0.95,
163372 11 0.48,
163457 22 0.96,
163536 1 0.31,
163542 30 0.98,
163545 4 0.71,
163588 24 0.19,
163625 12 0.38,
163661 4 0.31,
163740 3 0.31,
163820 43 0.55,
163889 43 0.42,
163976 46 0.05,
163988 45 0.33,
163990 21 0.95,
164043 0 0.83,
164072 28 0.87,
164080 47 0.83,
164158 24 0.53,
164166 45 0.64,
164239 2 0.79,
164306 31 0.53,
164375 47 0.5,
164406 40 0.1,
164486 5 0.5,
164575 2 0.59,
164648 44 0.64,
164705 0 0.73,
164738 33 0.98,
164803 46 0.86,
164849 34 0.38,
164904 38 0.82,
164966 48 0.72,
165002 17 0.48,
165049 21 0.11,
165117 10 0.17,
165163 35 0.05,
165203 23 0.36,
165245 1 0.32,
165262 28 0.25,
165270 44 0.21,
165346 29 0.13,
165395 48 0.65,
165438 0 0.93,
165505 25 0.52,
165569 8 0.24,
165625 19 0.98,
165700 15 0.91,
165760 9 0.24,
165815 27 0.46,
165856 10 0.92,
165902 30 0.06,
165911 18 0.23,
165989 48 0.25,
166076 17 0.34,
166141 47 0.89,
166192 27 1.0,
166261 27 0.17,
166302 35 0.23,
166310 8 0.24,
166316 33 0.75,
166352 41 0.13,
166407 13 0.13,
166482 10 0.29,
166491 16 0.91,
166577 5 0.44,
166582 26 0.23,
166631 30 0.75,
166650 42 0.99,
166689 7 0.05,
166744 11 0.68,
166814 34 0.14,
166899 28 0.34,
166973 11 0.12,
166997 42 0.98,
167074 18 0.63,
167130 5 0.62,
167164 17 0.03,
167201 46 0.22,
167203 39 0.03,
167265 47 0.28,
167292 40 0.14,
167352 12 0.67,
167431 14 0.95,
167481 22 0.98,
167481 37 0.61,
167550 3 0.52,
167619 24 0.09,
167676 49 0.88,
167705 46 0.04,
167723 18 0.8,
167798 17 0.39,
167859 31 0.57,
167915 14 0.2,
167993 24 0.25,
168047 10 0.05,
168049 32 1.0,
168096 7 0.74,
168155 5 0.58,
168177 0 0.68,
168257 42 0.16,
168269 35 0.16,
168356 45 0.61,
168439 12 0.69,
168452 48 0.03,
168541 0 0.98,
168544 35 0.01,
168584 26 0.5,
168641 21 0.34,
168644 4 0.25,
168703 4 0.02,
168778 33 0.74,
168867 21 0.79,
168890 26 0.06,
168921 14 0.74,
168954 10 0.93,
168964 46 0.91,
169030 6 0.12,
169088 44 0.02,
169144 18 0.08,
169180 5 0.22,
169184 8 0.78,
169239 36 0.7,
169254 42 0.47,
169338 5 0.4,
169419 14 0.06,
169476 10 0.49,
169510 43 0.87,
169588 41 0.01,
169619 37 0.8,
169708 36 0.2,
169793 13 0.38,
169878 48 0.72,
169906 36 0.97,
169979 7 0.95,
170010 0 0.87,
170054 2 0.62,
170143 6 0.7,
170170 47 0.82,
170230 15 0.8,
170268 40 0.65,
170346 45 0.49,
170421 39 0.69,
170493 33 0.16,
170551 44 0.25,
170618 30 0.49,
170663 3 0.51,
170744 18 0.71,
170814 35 0.71,
170854 45 0.61,
170891 15 0.7,
170967 9 0.91,
171008 40 0.58,
171050 37 0.48,
171121 19 0.49,
171130 15 1.0,
171176 10 0.68,
171251 7 0.28,
171335 13 0.83,
171351 39 0.07,
171359 36 0.54,
171374 27 0.52,
171404 14 0.01,
171446 20 0.98,
171452 44 0.6,
171541 49 0.76,
171598 29 0.64,
171680 39 0.98,
171726 22 0.34,
171782 20 0.28,
171864 33 0.08,
171932 37 0.24,
171998 16 0.31,
172024 8 0.79,
172057 18 0.89,
172142 43 0.32,
172149 5 0.5,
172163 21 0.86,
172163 8 0.57,
172201 4 0.6,
172281 24 0.61,
172324 17 0.86,
172397 24 0.49,
172424 36 0.95,
172452 21 0.62,
172511 40 0.04,
172587 40 0.5,
172669 5 0.51,
172682 16 0.74,
172739 12 0.01,
172815 37 0.49,
172881 22 0.54,
172937 26 0.15,
173016 24 0.91,
173092 16 0.29,
173113 40 0.38,
173124 33 0.77,
173143 35 0.06,
173176 0 0.48,
173200 31 0.92,
173263 14 0.44,
173338 6 0.69,
173356 14 0.26,
173445 2 0.43,
173454 11 0.92,
173543 6 0.25,
173602 26 0.24,
173653 25 0.74,
173668 19 0.7,
173701 15 1.0,
173742 2 0.77,
173774 46 0.17,
173833 17 0.18,
173887 4 0.57,
173916 25 0.84,
173945 42 0.78,
173978 3 0.79,
174044 25 0.8,
174103 33 0.71,
174189 6 0.59,
174271 12 0.54,
174349 33 0.25,
174366 24 0.24,
174454 38 0.9,
174509 26 0.92,
174552 0 1.0,
174569 36 0.28,
174604 37 0.6,
174632 12 0.69,
174645 10 0.26,
174718 4 0.22,
174768 7 0.73,
174778 1 0.59,
174861 48 0.1,
174893 28 0.12,
174898 49 0.52,
174969 28 0.24,
175005 25 0.89,
175039 18 0.23,
175077 21 0.29,
175128 47 0.55,
175152 20 0.65,
175194 11 0.49,
175231 42 0.33,
175306 43 0.48,
175370 18 0.53,
175391 32 0.4,
175403 23 0.31,
175404 8 0.41,
175478 32 0.37,
175557 17 0.87,
175622 34 0.18,
175694 16 0.5,
175737 16 0.33,
175769 35 0.83,
175838 1 0.99,
175872 48 0.28,
175887 24 0.98,
175909 31 0.14,
175926 10 0.45,
175971 43 0.1,
176009 39 0.42,
176041 22 0.91,
176083 19 0.31,
176091 43 0.56,
176098 16 0.32,
176102 40 0.46,
176177 24 0.13,
176266 7 0.7,
176294 49 0.79,
176381 39 0.35,
176469 22 0.18,
176500 19 0.74,
176546 38 0.33,
176548 48 0.21,
176596 31 0.47,
176670 12 0.41,
176744 26 0.07,
176747 10 0.99,
176789 43 0.19,
176793 24 0.91,
176802 27 0.73,
176816 43 0.79,
176830 37 0.13,
176879 2 0.79,
176883 10 0.68,
176930 5 0.79,
177006 2 0.54,
177068 12 0.11,
177145 47 0.64,
177166 25 0.1,
177218 46 0.32,
177300 1 0.97,
177363 37 0.31,
177449 48 0.43,
177495 28 0.46,
177526 6 0.07,
177533 38 0.57,
177555 11 0.04,
177574 20 0.53,
177595 32 0.25,
177661 12 0.47,
177698 3 0.43,
177702 5 0.39,
177774 27 0.69,
177833 30 0.27,
177846 43 0.26,
177862 23 0.01,
177942 40 0.33,
177959 35 0.72,
178045 15 0.77,
178089 16 0.45,
178125 7 0.35,
178142 11 0.53,
178198 43 0.99,
178216 19 0.99,
178279 45 0.65,
178309 48 0.81,
178310 2 0.46,
178317 18 0.12,
178332 23 0.09,
178402 0 0.01,
178402 30 0.85,
178415 27 0.32,
178502 28 0.76,
178546 42 0.72,
178575 16 0.35,
178625 18 0.15,
178645 3 0.99,
178670 41 0.39,
178709 37 0.85,
178745 34 0.06,
178759 2 0.4,
178767 4 0.49,
178794 38 0.33,
178852 35 0.17,
178905 31 0.46,
178937 48 0.74,
179015 46 0.87,
179085 45 0.11,
179142 34 0.92,
179218 42 0.19,
179289 5 0.71,
179377 38 0.39,
179466 2 0.23,
179532 36 0.77,
179589 2 0.54,
179646 24 0.05,
179730 12 0.17,
179730 32 0.56,
179815 2 0.17,
179895 2 0.38,
179902 46 0.23,
179941 0 0.23,
179992 27 0.24,
180005 12 0.65,
180043 48 0.91,
180064 37 0.06,
180100 40 0.93,
180157 17 0.04,
180179 43 0.67,
180255 48 0.88,
180334 44 0.55,
180357 34 0.78,
180391 12 0.51,
180441 39 0.34,
180443 40 0.79,
180447 24 0.91,
180452 17 0.98,
180541 20 0.58,
180576 43 0.47,
180627 47 0.64,
180700 42 0.31,
180721 45 0.51,
180725 13 0.24,
180787 0 0.68,
180868 22 0.45,
180895 38 0.55,
180967 28 0.16,
180977 36 0.63,
181032 38 0.13,
181090 36 0.6,
181103 24 0.84,
181191 22 0.48,
181214 12 0.76,
181282 28 0.79,
181364 12 0.17,
181451 25 0.18,
181519 47 0.59,
181576 3 0.11,
181579 14 0.53,
181659 29 0.2,
181741 43 0.67,
181763 45 0.2,
181789 2 0.25,
181793 35 0.42,
181857 0 0.35,
181922 45 0.57,
181955 39 0.56,
181967 10 0.2,
182044 34 0.55,
182080 12 0.98,
182126 29 0.21,
182169 25 0.45,
182196 14 0.46,
182215 16 0.51,
182232 25 0.24,
182234 45 0.83,
182305 45 0.66,
182344 33 0.22,
182357 4 0.55,
182400 38 0.65,
182457 42 0.25,
182465 24 0.2,
182493 32 0.67,
182524 19 0.76,
182557 20 0.2,
182604 10 0.82,
182610 2 0.75,
182674 4 0.34,
182748 17 0.67,
182770 14 0.15,
182770 32 0.1,
182857 30 0.18,
182921 4 0.58,
183007 1 0.23,
183068 41 0.43,
183101 43 0.53,
183158 4 0.93,
183202 0 0.17,
183224 33 0.8,
183228 40 0.15,
183298 29 0.49,
183386 34 0.49,
183415 48 0.79,
183458 0 0.8,
183491 23 0.72,
183511 39 0.47,
183540 32 0.23,
183626 48 0.73,
183677 15 0.71,
183682 18 0.71,
183746 35 0.04,
183777 35 0.4,
183818 23 0.56,
183893 20 0.2,
183923 43 0.16,
183962 21 0.75,
183996 15 0.67,
184001 13 0.86,
184037 4 0.73,
184043 15 0.17,
184104 9 0.97,
184128 10 0.2,
184142 8 0.06,
184183 30 0.25,
184224 46 0.21,
184269 13 0.57,
184314 44 0.18,
184340 9 0.91,
184425 33 0.49,
184443 0 0.14,
184511 30 0.68,
184595 21 1.0,
184673 0 0.13,
184758 26 0.32,
184766 42 0.43,
184766 16 0.15,
184782 2 0.75,
184851 7 0.08,
184936 37 0.76,
184951 9 0.65,
184978 19 0.47,
184984 47 0.1,
185000 13 0.38,
185081 42 0.61,
185124 7 0.12,
185205 6 0.27,
185210 5 0.39,
185267 28 0.34,
185288 17 0.52,
185297 9 0.68,
185311 49 0.16,
185349 29 0.77,
185418 2 0.77,
185478 29 0.66,
185562 24 0.33,
185626 44 0.89,
185695 13 0.98,
185750 47 0.77,
185837 37 0.71,
185913 46 0.28,
185981 48 0.89,
185982 23 0.44,
186018 1 0.3,
186027 32 0.89,
186097 14 0.02,
186176 47 0.85,
186220 14 0.2,
186290 45 0.1,
186339 43 0.61,
186346 33 0.61,
186353 22 0.19,
186392 2 0.27,
186425 7 0.83,
186442 8 0.51,
186528 4 0.88,
186612 27 0.72,
186660 16 0.95,
186731 15 0.41,
186736 31 0.51,
186739 5 0.23,
186822 21 0.11,
186825 43 0.49,
186851 32 0.28,
186877 12 0.83,
186903 29 0.52,
186944 41 0.05,
186946 24 0.64,
187024 22 0.63,
187104 29 0.58,
187175 11 0.78,
187239 5 0.03,
187302 9 0.2,
187357 10 0.08,
187410 15 0.06,
187471 1 0.8,
187504 48 0.01,
187534 34 0.38,
187582 26 0.45,
187583 7 0.58,
187648 6 0.65,
187733 9 0.16,
187742 26 0.37,
187795 38 0.57,
187824 42 0.14,
187905 47 0.97,
187914 19 0.14,
187946 30 0.75,
187963 26 0.45,
188033 38 0.17,
188100 4 0.72,
188181 0 0.49,
188208 35 0.65,
188264 6 0.94,
188287 22 0.3,
188330 26 0.72,
188408 22 0.52,
188481 24 0.84,
188507 14 0.11,
188539 36 0.16,
188552 1 0.96,
188618 27 0.84,
188704 23 0.64,
188759 13 0.93,
188766 32 0.25,
188768 36 0.96,
188850 33 0.42,
188919 47 0.75,
188974 29 0.86,
189013 9 0.83,
189094 30 0.47,
189151 38 0.2,
189177 1 0.68,
189247 4 0.61,
189308 25 0.36,
189377 45 0.85,
189385 12 0.32,
189422 23 0.92,
189490 32 0.65,
189502 28 0.71,
189586 15 0.57,
189651 23 0.45,
189678 23 0.34,
189718 16 0.14,
189807 42 0.29,
189825 6 0.99,
189905 7 0.61,
189948 45 0.88,
190033 27 0.6,
190050 23 0.8,
190080 22 0.11,
190108 45 0.25,
190140 8 0.68,
190152 35 0.89,
190199 1 0.52,
190285 37 0.26,
190371 40 0.41,
190380 18 0.43,
190424 8 0.99,
190482 14 0.76,
190541 18 0.88,
190553 30 0.31,
190595 45 0.53,
190661 2 0.89,
190744 7 0.65,
190821 11 0.47,
190823 49 0.23,
190840 24 0.34,
190911 3 0.23,
190975 7 0.26,
190978 6 0.74,
190995 18 0.8,
191060 44 0.99,
191112 29 0.72,
191116 10 0.77,
191166 37 0.38,
191252 15 0.51,
191340 44 0.24,
191402 26 0.31,
191459 29 0.6,
191463 28 0.76,
191521 30 0.34,
191544 31 0.39,
191557 35 0.58,
191618 36 0.39,
191658 30 0.55,
191706 14 0.87,
191776 18 0.33,
191821 9 0.81,
191867 8 0.64,
191932 10 0.16,
191959 36 0.39,
191987 2 0.23,
192075 41 0.35,
192144 11 0.06,
192175 33 1.0,
192245 35 0.65,
192261 42 0.58,
192297 9 0.49,
192365 0 0.38,
192432 20 0.8,
192441 42 0.23,
192491 37 0.99,
192543 27 0.56,
192588 36 1.0,
192657 37 0.05,
192710 41 0.32,
192797 5 0.7,
192804 8 0.8,
192860 30 0.59,
192877 49 0.82,
192939 39 0.11,
193008 0 0.24,
193024 2 0.07,
193082 39 0.2,
193151 37 0.41,
193216 28 0.22,
193239 41 0.02,
193261 44 0.92,
193302 19 0.68,
193369 0 0.55,
193430 15 0.63,
193478 36 0.35,
193501 28 0.3,
193572 40 0.9,
193627 19 0.47,
193646 31 0.09,
193688 32 0.9,
193759 49 0.56,
193842 45 0.55,
193849 29 0.9,
193856 18 0.31,
193869 41 0.9,
193937 32 0.93,
194014 0 0.95,
194082 31 0.29,
194161 49 0.84,
194236 32 0.84,
194315 44 0.88,
194357 2 0.96,
194381 44 0.5,
194424 20 0.88,
194438 14 0.51,
194518 12 0.14,
194554 40 0.72,
194575 38 0.24,
194621 33 0.74,
194678 1 0.2,
194746 20 0.91,
194792 36 0.7,
194861 13 0.38,
194919 46 0.06,
194968 46 0.98,
194990 6 0.04,
195015 3 0.41,
195048 15 0.54,
195069 45 0.03,
195125 16 0.91,
195133 33 0.24,
195209 3 0.79,
195287 46 0.58,
195352 32 0.34,
195400 37 0.18,
195402 48 0.64,
195402 49 0.93,
195439 49 0.89,
195497 10 0.5,
195501 15 0.71,
195568 45 0.53,
195606 36 0.27,
195669 27 0.92,
195690 5 0.38,
195747 28 0.7,
195831 38 0.26,
195854 34 0.35,
195872 31 0.35,
195949 34 0.37,
195995 31 0.98,
196011 3 0.5,
196099 17 0.38,
196124 2 1.0,
196187 49 0.41,
196197 19 0.44,
196225 37 0.63,
196294 10 0.02,
196359 33 0.25,
196434 5 0.24,
196508 22 0.32,
196560 40 0.49,
196622 11 0.63,
196704 2 0.03,
196781 4 0.72,
196818 7 0.96,
196832 9 0.12,
196914 7 0.93,
196965 37 0.51,
196988 23 0.73,
197012 4 0.8,
197060 35 0.43,
197099 30 0.81,
197103 29 0.84,
197161 14 0.98,
197199 15 0.72,
197247 17 0.81,
197334 38 0.47,
197356 10 0.76,
197442 1 0.81,
197526 9 0.02,
197590 33 0.23,
197603 40 0.8,
197629 26 0.75,
197655 8 0.47,
197729 39 0.42,
197774 35 0.76,
197810 35 0.95,
197824 5 0.45,
197885 3 0.91,
197927 14 0.61,
197933 38 0.64,
197973 36 0.74,
198033 13 0.69,
198111 26 0.45,
198193 17 0.44,
198254 12 0.91,
198260 48 0.96,
198306 30 0.41,
198374 26 0.87,
198453 35 0.39,
198474 36 0.72,
198485 26 0.57,
198556 33 0.27,
198600 31 0.9,
198673 47 0.68,
198734 33 0.94,
198737 4 0.89,
198791 47 0.22,
198834 7 0.34,
198872 8 0.14,
198936 9 0.01,
198982 30 0.92,
199042 38 0.85,
199049 16 0.31,
199069 5 0.47,
199069 32 0.36,
199149 8 0.18,
199192 35 0.77,
199224 28 0.9,
199241 4 0.2,
199303 8 0.06,
199382 27 0.06,
199420 29 0.45,
199435 17 0.07,
199486 47 0.67,
199505 2 0.57,
199582 9 0.61,
199649 47 0.25,
199712 44 0.1,
199784 6 0.42,
199862 18 0.19,
199921 23 1.0,
199943 26 0.29,
200018 7 0.6,
200063 45 0.42,
200121 10 0.01,
200171 44 0.55,
200216 45 0.73,
200252 28 0.11,
200324 16 0.45,
200391 37 0.97,
200440 16 0.95,
200474 40 0.16,
200522 9 0.52,
200532 4 0.1,
200594 47 0.23,
200646 27 0.29,
200688 46 0.92,
200719 37 0.46,
200735 44 0.82,
200737 26 0.17,
200797 44 0.16,
200822 24 0.3,
200897 16 0.89,
200970 33 0.95,
201048 33 0.01,
201063 6 0.43,
201121 43 0.23,
201132 24 0.94,
201170 12 0.1,
201233 10 0.66,
201320 28 0.7,
201376 25 0.32,
201439 14 0.53,
201488 19 0.45,
201575 8 0.26,
201658 0 0.44,
201722 8 0.49,
201791 38 0.42,
201794 21 0.87,
201865 28 0.14,
201954 13 0.25,
202037 16 0.08,
202052 47 0.88,
202132 11 0.18,
202141 12 0.36,
202141 5 0.33,
202201 10 0.64,
202207 30 0.87,
202221 31 0.76,
202298 22 0.81,
202333 3 0.75,
202401 12 0.44,
202410 33 0.44,
202422 24 0.22,
202456 18 0.78,
202526 41 0.44,
202554 2 0.4,
202556 32 0.5,
202560 16 0.72,
202644 0 0.35,
202725 41 0.37,
202761 45 0.36,
202805 0 0.97,
202835 10 0.8,
202904 9 0.07,
202944 21 0.69,
203004 26 0.73,
203011 33 0.7,
203060 24 0.83,
203125 9 0.71,
203165 5 0.56,
203219 1 0.04,
203236 21 0.51,
203259 44 0.71,
203264 26 0.35,
203281 30 0.6,
203310 34 0.73,
203311 4 0.67,
203326 40 0.45,
203376 30 0.47,
203387 39 0.37,
203453 45 0.69,
203517 49 0.3,
203559 22 0.44,
203624 22 0.45,
203685 17 0.92,
203744 37 0.17,
203822 3 0.12,
203869 44 0.06,
203910 9 0.78,
203963 18 0.56,
204049 12 0.8,
204086 14 0.73,
204166 40 0.41,
204169 45 0.27,
204171 19 0.53,
204228 19 0.3,
204294 22 0.13,
204374 27 0.96,
204430 21 0.19,
204442 49 0.79,
204495 40 0.63,
204556 26 0.58,
204594 44 0.7,
204640 4 0.76,
204705 33 0.63,
204723 42 0.34,
204755 27 0.76,
204770 46 0.6,
204852 1 0.67,
204866 10 0.15,
204905 17 0.71,
204969 37 0.37,
205053 6 0.26,
205078 26 0.72,
205086 7 0.44,
205090 13 0.61,
205147 28 0.85,
205161 47 0.75,
205184 7 0.25,
205201 4 0.94,
205283 38 0.59,
205316 6 0.95,
205324 24 0.08,
205384 34 0.21,
205384 0 0.69,
205433 8 0.28,
205461 49 0.14,
205502 48 0.44,
205535 9 0.95,
205605 39 0.97,
205692 23 0.6,
205759 4 0.71,
205823 34 0.7,
205853 27 0.48,
205879 23 0.58,
205900 8 0.98,
205909 8 0.07,
205910 2 0.48,
205918 29 0.16,
205960 2 0.76,
205972 26 0.19,
205979 18 0.79,
205991 11 0.68,
206037 26 0.13,
206068 22 0.35,
206147 12 0.68,
206176 12 0.91,
206244 37 0.37,
206252 41 0.05,
206259 44 0.29,
206321 28 0.49,
206372 31 0.5,
206415 22 0.04,
206435 32 0.52,
206477 2 0.83,
206521 13 0.96,
206570 22 0.27,
206610 34 1.0,
206670 43 0.74,
206700 40 0.47,
206726 43 0.97,
206753 10 0.38,
206807 39 0.69,
206851 47 0.16,
206866 34 0.56,
206928 2 0.02,
206942 48 0.7,
206967 18 0.52,
206973 25 0.64,
207044 7 0.36,
207073 12 0.16,
207097 11 0.23,
207163 5 0.44,
207229 2 0.25,
207229 23 0.2,
207282 18 0.58,
207309 37 0.75,
207325 2 0.44,
207382 9 0.55,
207455 32 0.38,
207509 5 0.53,
207520 21 0.68,
207571 34 0.54,
207605 18 0.34,
207681 20 0.56,
207759 3 0.24,
207833 48 0.85,
207902 22 0.31,
207973 44 0.12,
207987 1 0.55,
208061 31 0.79,
208073 36 0.53,
208135 5 0.58,
208154 24 0.17,
208220 27 0.89,
208222 37 0.77,
208275 8 0.03,
208280 49 0.83,
208344 14 0.9,
208415 38 0.44,
208485 8 0.55,
208529 35 0.15,
208545 10 0.85,
208580 12 0.95,
208618 38 0.38,
208651 45 0.71,
208682 43 0.46,
208766 28 0.25,
208802 40 0.73,
208830 14 0.21,
208868 1 0.46,
208941 47 1.0,
208997 45 0.96,
209028 46 0.26,
209060 7 1.0,
209076 9 0.08,
209101 3 0.75,
209121 40 0.68,
209208 35 0.58,
209267 8 0.03,
209292 49 0.1,
209371 22 0.34,
209416 46 0.35,
209473 45 0.64,
209503 40 0.84,
209522 32 0.71,
209534 37 0.11,
209584 13 0.32,
209604 49 0.35,
209632 33 0.32,
209666 1 0.34,
209672 22 0.96,
209718 35 0.08,
209775 34 0.42,
209789 40 0.25,
209802 26 0.67,
209804 36 0.33,
209814 13 0.38,
209886 28 0.74,
209899 20 0.63,
209944 1 0.77,
210000 45 0.83,
210054 33 0.63,
210111 47 0.03,
210135 49 0.57,
210171 11 0.36,
210193 30 0.51,
210265 20 0.49,
210271 33 0.47,
210359 13 0.42,
210416 16 0.93,
210503 16 0.88,
210570 40 0.2,
210622 1 0.4,
210656 45 0.49,
210726 30 0.63,
210747 28 0.94,
210775 49 0.02,
210798 4 0.84,
210806 38 0.11,
210829 34 0.8,
210895 11 0.92,
210946 38 0.22,
211011 26 0.24,
211070 47 0.23,
211124 39 0.2,
211166 31 0.66,
211212 9 0.13,
211215 23 0.83,
211268 47 0.51,
211345 8 0.55,
211384 27 0.72,
211386 18 0.63,
211451 4 0.63,
211474 17 0.66,
211498 41 0.66,
211514 1 0.36,
211602 40 0.07,
211602 25 0.12,
211622 15 0.89,
211626 47 0.13,
211676 24 0.8,
211722 35 0.27,
211799 30 0.42,
211837 14 0.01,
211858 13 0.02,
211881 47 0.96,
211911 2 0.36,
211963 12 0.76,
212012 9 0.29,
212063 3 0.53,
212142 47 0.53,
212172 47 0.43,
212181 25 0.44,
212198 33 0.84,
212202 22 0.4,
212289 16 0.73,
212294 37 0.38,
212369 25 0.34,
212400 21 0.43,
212449 48 0.72,
212520 11 0.65,
212586 2 0.89,
212659 28 0.83,
212699 24 0.56,
212770 40 0.62,
212828 23 0.73,
212913 11 0.71,
212978 44 0.48,
213022 4 0.37,
213033 19 0.89,
213076 2 0.74,
213116 11 0.33,
213122 16 0.87,
213169 9 0.76,
213240 21 0.01,
213288 17 0.47,
213322 33 0.61,
213368 32 0.16,
213428 29 0.14,
213506 34 0.8,
213583 29 0.7,
213600 21 0.12,
213621 20 0.95,
213659 16 0.15,
213744 1 0.81,
213784 11 0.77,
213845 18 0.75,
213930 27 0.22,
213993 4 0.22,
214019 36 0.45,
214106 10 0.77,
214134 13 0.52,
214152 16 0.09,
214191 2 0.83,
214239 35 0.69,
214252 10 0.86,
214260 0 0.87,
214302 25 0.78,
214349 16 0.11,
214391 41 0.91,
214392 10 0.36,
214414 10 0.82,
214415 35 0.59,
214416 27 0.6,
214487 37 0.59,
214522 18 0.81,
214582 12 0.12,
214582 41 0.84,
214656 39 0.78,
214731 49 0.28,
214808 7 0.43,
214837 42 0.33,
214862 49 0.36,
214930 35 0.95,
214970 8 0.79,
215045 9 0.02,
215063 12 0.96,
215136 14 0.42,
215181 44 0.31,
215241 20 0.69,
215263 4 0.23,
215300 23 0.15,
215389 8 0.29,
215407 11 0.04,
215425 47 0.64,
215429 11 0.32,
215506 48 0.73,
215538 8 0.59,
215606 36 0.14,
215633 15 0.03,
215640 46 0.62,
215714 5 0.4,
215760 44 0.84,
215830 49 0.9,
215847 36 0.12,
215879 11 0.57,
215939 15 0.28,
215976 7 0.93,
216002 5 0.87,
216046 4 0.95,
216107 19 0.78,
216121 45 0.8,
216126 43 0.78,
216175 1 0.75,
216205 17 0.66,
216247 12 0.8,
216256 24 0.89,
216307 45 0.77,
216392 8 0.03,
216421 17 0.75,
216490 8 0.58,
216549 46 0.2,
216606 42 0.24,
216675 22 0.03,
216703 31 0.28,
216769 26 0.24,
216831 4 0.61,
216866 2 0.26,
216950 19 0.69,
216996 38 0.66,
217075 34 0.81,
217106 33 0.68,
217176 49 0.81,
217176 42 0.64,
217198 28 0.13,
217267 43 0.56,
217269 23 0.61,
217314 28 0.2,
217337 5 0.37,
217386 6 0.72,
217387 16 0.8,
217445 24 0.65,
217498 0 0.05,
217574 47 0.11,
217576 1 0.06,
217614 27 0.26,
217678 1 0.75,
217726 8 0.26,
217769 46 0.1,
217845 19 0.63,
217894 0 0.76,
217902 5 0.28,
217951 0 0.49,
217965 33 0.8,
218010 44 0.75,
218056 48 0.77,
218100 7 0.55,
218104 48 0.31,
218193 9 0.06,
218262 33 0.8,
218271 28 0.4,
218338 19 0.01,
218402 48 1.0,
218442 48 0.85,
218442 15 0.27,
218459 6 0.64,
218500 40 0.11,
218504 4 0.22,
218528 3 0.52,
218596 42 0.47,
218660 34 0.32,
218718 1 0.16,
218781 27 0.95,
218832 19 0.59,
218859 29 0.13,
218875 14 0.51,
218963 14 0.85,
218987 20 0.7,
219002 5 0.33,
219067 43 0.31,
219102 35 0.13,
219187 35 0.33,
219268 17 0.23,
219272 12 0.33,
219299 20 0.75,
219351 23 0.8,
219433 34 0.49,
219465 0 0.02,
219487 4 0.16,
219570 49 0.08,
219651 21 0.25,
219660 26 0.9,
219683 26 0.86,
219742 34 0.21,
219768 2 0.97,
219790 12 0.85,
219852 21 0.1,
219941 14 0.45,
219975 48 0.5,
220033 25 0.24,
220087 29 0.39,
220161 31 0.09,
220185 25 0.84,
220192 34 0.14,
220273 1 0.07,
220327 12 0.16,
220357 22 0.73,
220360 44 0.33,
220423 0 0.15,
220444 19 0.77,
220504 3 0.64,
220524 31 0.18,
220531 16 0.66,
220551 4 0.46,
220558 16 0.74,
220644 25 0.55,
220721 14 0.28,
220741 9 0.13,
220775 36 0.29,
220842 34 0.61,
220867 22 0.24,
220889 20 0.59,
220906 19 0.46,
220924 13 0.15,
220981 32 0.58,
221014 22 0.15,
221029 4 0.8,
221099 22 0.59,
221188 46 0.64,
221200 25 0.06,
221231 5 0.48,
221270 12 0.97,
221292 16 0.98,
221301 7 0.67,
221367 16 0.38,
221409 0 0.23,
221429 6 0.26,
221457 1 0.75,
221463 28 0.15,
221539 3 0.44,
221617 48 0.36,
221617 23 0.33,
221695 27 0.79,
221766 21 0.41,
221816 12 0.67,
221859 8 0.96,
221866 10 0.99,
221931 43 0.61,
221975 24 1.0,
221997 45 0.13,
222086 30 0.11,
222107 1 0.9,
222136 5 0.25,
222187 25 0.94,
222200 38 0.91,
222236 38 0.84,
222302 4 0.14,
222375 18 0.09,
222417 15 0.23,
222427 47 0.35,
222437 39 0.43,
222471 33 0.57,
222500 7 0.4,
222586 30 0.17,
222646 20 0.61,
222673 4 1.0,
222707 10 0.78,
222774 16 0.75,
222784 3 0.68,
222849 43 0.22,
222932 49 0.85,
223002 6 0.86,
223056 14 0.44,
223111 8 0.11,
223174 29 0.23,
223179 9 0.24,
223180 8 0.07,
223225 17 0.94,
223310 7 0.54,
223389 10 0.27,
223422 48 0.81,
223502 9 0.44,
223590 27 0.43,
223609 42 0.44,
223651 8 0.32,
223652 14 0.43,
>)