sequence with 20 event types 
(120,130845,
<120 4 0.6,
171 8 1.0,
233 5 0.19,
322 9 0.48,
362 7 0.84,
438 18 0.41,
511 11 0.09,
516 3 0.87,
569 18 0.57,
579 12 0.31,
585 15 0.3,
623 5 0.1,
709 2 0.43,
733 19 0.78,
763 1 0.31,
817 3 0.66,
835 15 0.83,
836 6 0.25,
855 0 0.71,
873 13 0.97,
880 8 0.53,
944 8 0.45,
975 7 0.16,
1059 0 0.91,
1118 4 0.78,
1195 16 0.01,
1279 1 0.35,
1360 15 0.88,
1392 14 0.69,
1398 6 0.53,
1478 0 0.6,
1531 19 0.51,
1584 19 0.15,
1614 10 0.62,
1622 5 0.28,
1654 14 0.93,
1705 1 0.22,
1718 7 0.65,
1723 7 0.44,
1803 9 0.51,
1819 9 0.19,
1903 3 0.67,
1961 3 0.29,
1997 1 0.9,
2046 0 0.72,
2093 19 0.63,
2135 17 0.08,
2176 2 0.5,
2265 18 0.51,
2283 19 0.67,
2304 1 0.73,
2381 16 0.29,
2396 16 0.73,
2427 6 0.41,
2451 10 0.3,
2530 1 0.71,
2562 15 0.43,
2648 13 0.84,
2694 18 0.93,
2732 2 0.38,
2758 11 0.23,
2814 8 0.47,
2823 14 0.13,
2860 0 0.87,
2862 6 0.66,
2881 3 0.99,
2923 18 0.59,
2932 1 0.67,
2966 13 0.05,
3054 2 0.16,
3068 0 0.72,
3102 7 0.62,
3113 12 0.59,
3172 14 0.85,
3199 11 0.99,
3207 19 0.39,
3217 19 0.65,
3278 4 0.79,
3312 4 0.92,
3352 8 0.06,
3410 10 0.59,
3486 11 0.82,
3555 7 0.06,
3602 7 0.91,
3615 1 0.64,
3647 12 0.36,
3686 9 0.83,
3697 1 0.65,
3698 11 0.07,
3754 4 0.24,
3841 9 0.39,
3878 8 0.35,
3960 10 0.09,
3961 10 0.18,
4037 17 0.54,
4048 1 0.61,
4091 15 0.19,
4121 8 0.55,
4204 8 1.0,
4257 10 0.74,
4268 4 0.47,
4351 8 0.92,
4421 15 0.92,
4451 10 0.43,
4484 5 0.48,
4553 15 0.85,
4604 12 0.27,
4655 9 0.35,
4683 9 0.77,
4744 17 0.76,
4824 15 0.13,
4884 1 0.36,
4921 15 0.76,
4926 1 0.86,
5015 10 0.36,
5069 19 0.22,
5121 0 0.16,
5171 12 0.56,
5226 5 0.16,
5312 0 0.72,
5373 17 0.09,
5454 12 0.23,
5526 14 0.19,
5566 17 0.96,
5603 0 0.27,
5669 18 0.52,
5731 19 0.66,
5795 6 0.52,
5877 0 0.73,
5947 6 0.72,
5975 17 0.56,
6018 10 0.29,
6045 4 0.82,
6067 15 0.45,
6123 12 0.78,
6158 15 0.88,
6181 14 0.26,
6189 6 0.73,
6251 15 0.15,
6268 3 0.97,
6300 5 0.3,
6353 19 0.75,
6418 2 0.84,
6455 8 0.95,
6505 12 0.28,
6540 13 0.05,
6568 0 0.42,
6596 8 0.06,
6620 10 1.0,
6662 7 0.79,
6713 5 0.03,
6737 10 0.48,
6823 10 0.51,
6836 12 1.0,
6925 5 0.7,
6926 18 0.61,
6952 7 0.3,
7036 17 0.09,
7060 9 0.53,
7081 2 0.34,
7106 17 0.11,
7161 3 0.25,
7232 14 0.95,
7314 0 0.3,
7332 12 0.37,
7334 15 0.74,
7410 19 0.53,
7472 19 0.39,
7506 0 0.5,
7583 15 0.01,
7644 17 0.89,
7727 16 0.62,
7738 6 0.47,
7802 7 0.74,
7842 11 0.35,
7843 5 0.7,
7916 5 0.09,
7919 11 0.29,
7925 1 0.72,
7932 2 0.56,
8016 9 0.5,
8067 13 0.29,
8105 7 0.41,
8148 6 0.98,
8236 11 0.64,
8266 18 0.55,
8281 15 0.37,
8361 4 0.9,
8419 12 0.7,
8479 2 0.28,
8510 3 0.82,
8579 13 0.63,
8665 12 0.18,
8686 7 0.84,
8739 5 0.14,
8826 3 0.59,
8891 4 0.33,
8937 19 0.39,
8982 3 0.88,
9065 7 0.9,
9127 17 0.71,
9139 4 0.33,
9199 12 0.23,
9271 2 0.94,
9318 6 0.97,
9318 8 0.62,
9371 14 0.66,
9444 0 0.94,
9529 0 0.11,
9551 11 0.81,
9588 3 0.26,
9595 8 0.32,
9612 8 0.77,
9682 3 0.1,
9721 18 0.58,
9773 5 0.88,
9823 4 0.98,
9870 1 0.43,
9882 18 0.1,
9958 14 0.83,
10013 7 0.58,
10057 3 0.59,
10062 5 0.58,
10110 13 0.06,
10165 7 0.34,
10252 5 1.0,
10259 14 0.45,
10294 12 0.12,
10332 0 0.02,
10398 1 1.0,
10442 10 0.29,
10487 16 0.15,
10556 16 0.4,
10595 14 0.43,
10643 18 0.91,
10711 15 0.14,
10722 3 0.83,
10791 11 0.67,
10793 11 0.3,
10841 7 0.79,
10909 10 0.84,
10914 2 0.18,
10957 4 0.67,
10966 11 0.74,
11023 18 1.0,
11037 7 0.54,
11115 14 0.51,
11164 17 0.88,
11229 0 0.32,
11286 6 0.84,
11338 8 0.93,
11379 0 0.23,
11391 7 0.63,
11405 12 0.26,
11443 5 0.07,
11478 13 0.84,
11496 2 0.14,
11566 0 0.18,
11569 6 0.66,
11617 11 0.41,
11694 7 0.44,
11721 3 0.79,
11769 12 0.4,
11780 11 0.23,
11826 6 0.25,
11879 4 0.27,
11949 14 0.48,
12001 6 0.58,
12001 19 0.44,
12048 7 0.26,
12102 14 0.36,
12174 12 0.74,
12187 2 0.15,
12205 11 0.54,
12281 17 0.55,
12336 10 0.67,
12368 17 0.13,
12449 9 1.0,
12474 11 0.51,
12560 5 0.42,
12597 6 0.15,
12638 9 0.87,
12642 9 0.9,
12671 13 0.45,
12760 10 0.23,
12826 15 0.05,
12836 14 0.04,
12875 3 0.49,
12892 9 0.29,
12932 4 0.1,
12950 12 0.55,
13000 17 0.36,
13007 12 0.9,
13053 12 0.56,
13106 8 0.88,
13145 2 0.37,
13222 11 0.72,
13301 3 0.49,
13351 15 0.27,
13373 6 0.58,
13455 18 0.8,
13470 11 0.81,
13475 14 0.82,
13561 6 0.55,
13612 7 0.38,
13640 13 0.11,
13650 16 0.02,
13658 7 0.3,
13714 6 0.64,
13763 17 0.92,
13840 9 0.04,
13913 3 0.49,
13948 2 0.31,
14025 11 0.11,
14040 3 0.25,
14075 9 0.28,
14164 1 0.93,
14239 5 0.34,
14280 7 0.1,
14368 9 0.74,
14383 2 0.84,
14458 8 0.37,
14465 7 0.58,
14544 9 0.22,
14588 14 0.08,
14655 15 0.76,
14683 5 0.3,
14689 7 0.92,
14689 5 0.74,
14726 19 0.05,
14734 2 0.74,
14767 15 0.48,
14822 19 0.11,
14861 14 0.02,
14872 5 0.1,
14879 13 0.28,
14940 5 0.66,
14971 6 0.88,
15054 0 0.61,
15106 15 0.27,
15173 4 0.68,
15212 9 0.12,
15234 16 0.9,
15294 1 0.9,
15343 16 0.82,
15373 13 0.39,
15388 12 0.75,
15448 2 0.19,
15490 3 0.03,
15506 11 0.46,
15567 10 0.43,
15631 7 0.83,
15682 2 0.64,
15721 2 0.39,
15806 4 0.85,
15890 19 0.85,
15972 12 0.2,
15974 4 0.91,
15974 15 0.5,
16051 4 0.71,
16106 12 0.73,
16173 7 0.19,
16198 5 0.94,
16200 0 0.96,
16243 3 0.56,
16287 18 0.26,
16370 12 0.88,
16397 15 0.68,
16415 0 0.47,
16443 9 0.64,
16447 4 0.32,
16500 15 0.04,
16530 14 0.43,
16570 12 0.26,
16603 2 0.55,
16603 0 0.62,
16628 10 0.08,
16695 1 0.9,
16744 16 0.44,
16748 13 0.73,
16756 11 0.58,
16790 14 0.3,
16830 15 0.7,
16840 6 0.92,
16904 0 0.02,
16924 12 0.41,
16940 1 0.34,
16943 9 0.24,
17017 0 0.55,
17091 2 0.27,
17142 16 0.99,
17173 17 0.51,
17218 14 0.91,
17290 19 0.6,
17336 6 0.34,
17403 6 0.61,
17441 16 0.32,
17519 13 0.34,
17572 8 0.11,
17606 14 0.78,
17616 12 0.48,
17631 10 0.22,
17706 13 0.96,
17716 12 0.55,
17778 8 0.71,
17866 19 0.64,
17931 12 0.76,
18006 1 0.45,
18030 10 0.24,
18059 4 0.42,
18070 0 0.46,
18115 6 0.21,
18185 14 0.49,
18269 14 0.07,
18324 13 0.26,
18338 13 0.86,
18345 9 0.74,
18408 14 0.92,
18480 6 0.36,
18541 17 0.24,
18542 14 0.19,
18565 18 0.69,
18649 4 0.73,
18691 1 0.9,
18731 4 0.73,
18814 7 0.81,
18886 8 0.8,
18958 11 0.73,
19045 3 0.91,
19101 19 0.44,
19119 15 0.4,
19161 4 0.7,
19164 10 0.59,
19167 13 0.92,
19248 7 0.75,
19334 6 0.05,
19377 9 0.81,
19392 0 0.22,
19462 12 0.44,
19513 13 0.95,
19549 18 0.78,
19630 16 0.92,
19648 9 0.23,
19690 16 0.69,
19690 16 0.99,
19741 9 0.46,
19761 3 0.58,
19777 10 0.11,
19853 18 0.19,
19873 19 0.27,
19892 11 0.24,
19975 1 0.56,
20002 10 0.92,
20034 5 0.79,
20082 6 0.15,
20138 5 0.2,
20160 19 0.71,
20189 3 0.9,
20200 11 0.9,
20262 1 0.42,
20319 4 0.68,
20388 4 0.32,
20465 2 0.5,
20479 2 0.82,
20558 9 0.31,
20615 15 0.34,
20616 0 0.14,
20650 19 0.29,
20714 17 0.61,
20745 5 0.86,
20807 8 0.82,
20818 14 0.58,
20907 13 0.48,
20947 2 0.33,
20954 1 0.86,
20997 18 0.13,
21018 6 0.26,
21084 13 0.93,
21157 10 0.91,
21168 6 0.01,
21226 13 0.87,
21275 0 0.5,
21303 10 0.33,
21316 15 0.04,
21374 1 0.54,
21434 0 0.32,
21455 19 0.35,
21531 15 0.85,
21542 5 0.41,
21603 12 0.44,
21606 8 0.44,
21691 19 0.86,
21740 0 0.62,
21821 6 0.78,
21830 8 0.14,
21903 10 0.07,
21972 11 0.28,
22060 5 0.26,
22081 19 0.94,
22159 10 0.85,
22239 4 0.94,
22306 8 0.88,
22329 8 0.76,
22353 4 0.1,
22376 14 0.49,
22449 8 0.6,
22519 13 0.78,
22523 9 0.85,
22590 19 0.36,
22626 10 0.28,
22701 12 0.22,
22782 3 0.23,
22837 2 0.03,
22896 3 0.48,
22963 4 0.2,
23050 4 0.17,
23090 8 0.3,
23101 17 0.85,
23128 11 0.62,
23156 13 0.88,
23176 3 0.69,
23265 0 0.59,
23311 15 0.2,
23321 11 0.91,
23352 14 0.41,
23362 5 0.35,
23411 2 0.1,
23421 0 0.52,
23435 18 0.11,
23462 8 0.98,
23499 9 0.6,
23520 15 0.76,
23559 13 0.18,
23606 18 0.79,
23612 5 0.41,
23636 1 0.28,
23640 10 0.77,
23705 16 0.02,
23708 5 0.66,
23782 2 0.2,
23831 5 0.42,
23839 16 0.52,
23886 19 0.42,
23898 0 0.49,
23953 5 0.67,
24030 6 0.27,
24071 9 0.1,
24115 7 0.77,
24123 8 0.67,
24137 14 0.6,
24209 15 0.18,
24216 13 0.73,
24265 18 0.22,
24333 17 0.63,
24341 15 0.02,
24346 0 0.93,
24370 10 0.72,
24386 17 0.27,
24453 19 0.49,
24525 3 0.28,
24547 19 0.48,
24570 19 0.73,
24642 8 0.83,
24728 16 0.44,
24763 3 0.09,
24849 15 0.35,
24853 13 0.07,
24918 19 0.75,
24987 13 0.66,
24989 11 0.73,
25032 13 0.53,
25034 0 0.53,
25095 5 0.02,
25109 7 0.91,
25182 14 0.73,
25182 7 0.52,
25260 12 0.71,
25262 2 0.74,
25304 4 0.69,
25367 9 0.1,
25434 11 0.25,
25434 19 0.64,
25447 17 0.18,
25453 2 0.28,
25541 18 0.28,
25570 2 0.52,
25585 15 0.01,
25626 6 0.79,
25672 5 0.71,
25757 8 0.67,
25791 7 0.33,
25865 1 0.53,
25923 12 0.42,
25957 11 0.44,
26043 15 0.47,
26111 6 0.76,
26141 13 0.95,
26221 11 0.78,
26225 18 0.3,
26288 18 0.17,
26343 0 0.83,
26362 0 0.54,
26379 4 0.24,
26379 2 0.35,
26441 13 0.89,
26472 8 0.33,
26532 6 0.41,
26575 0 0.32,
26629 19 0.44,
26650 1 0.38,
26734 17 0.97,
26757 7 0.01,
26799 19 0.09,
26826 4 0.27,
26906 1 0.94,
26935 15 0.1,
26994 18 0.7,
27040 4 0.94,
27098 4 0.13,
27151 10 0.24,
27231 14 0.9,
27317 9 0.05,
27367 17 0.35,
27415 12 0.94,
27440 5 0.91,
27505 0 0.74,
27590 0 0.52,
27627 6 0.46,
27681 19 0.92,
27725 13 0.33,
27803 3 0.3,
27810 14 0.68,
27813 11 0.39,
27827 6 1.0,
27860 2 0.06,
27877 2 0.79,
27910 13 0.78,
27957 15 0.82,
28008 14 0.68,
28074 8 0.61,
28091 16 0.23,
28140 12 0.49,
28180 3 0.53,
28212 11 0.51,
28252 18 0.08,
28341 19 0.63,
28419 6 0.45,
28461 0 0.03,
28507 0 0.18,
28553 4 0.38,
28622 2 0.94,
28653 0 0.48,
28714 16 0.1,
28754 12 0.98,
28802 17 0.05,
28830 9 0.2,
28875 4 0.7,
28952 10 0.16,
29021 2 0.5,
29099 8 0.74,
29159 11 0.6,
29178 18 0.04,
29216 15 0.52,
29230 9 0.52,
29272 6 0.24,
29283 6 0.66,
29312 12 0.57,
29332 8 0.29,
29399 0 0.69,
29470 10 0.45,
29492 14 0.87,
29565 12 0.52,
29597 0 0.48,
29602 10 0.49,
29651 14 0.99,
29652 10 0.5,
29708 19 0.75,
29739 4 0.65,
29779 2 0.1,
29819 2 0.95,
29837 11 0.79,
29924 11 0.59,
29945 2 0.62,
29986 11 0.92,
30052 8 0.82,
30090 0 0.03,
30141 14 0.98,
30173 13 0.9,
30220 5 0.37,
30222 1 0.66,
30309 2 0.07,
30358 16 0.19,
30434 19 0.92,
30435 2 0.74,
30453 13 0.56,
30501 2 0.94,
30523 12 0.79,
30525 9 0.64,
30591 11 0.88,
30624 14 0.51,
30656 4 0.25,
30717 12 0.38,
30782 11 0.92,
30831 7 0.61,
30895 4 0.8,
30919 7 0.54,
30967 11 0.73,
31007 12 0.77,
31047 5 0.22,
31079 5 0.13,
31093 17 0.7,
31141 8 0.78,
31148 15 0.7,
31187 2 0.27,
31237 10 0.27,
31245 19 0.29,
31325 19 0.73,
31334 7 0.03,
31335 17 0.35,
31396 7 0.62,
31404 17 0.67,
31457 3 0.34,
31512 2 0.82,
31596 19 0.89,
31617 18 0.23,
31691 7 0.33,
31779 6 0.24,
31799 5 0.39,
31877 7 0.75,
31960 7 0.45,
31967 10 0.98,
31976 3 0.59,
32040 19 0.37,
32107 11 0.18,
32160 19 1.0,
32226 8 0.09,
32277 2 0.46,
32331 14 0.41,
32377 4 0.85,
32453 5 0.27,
32538 3 0.4,
32567 0 0.18,
32610 2 0.7,
32660 6 0.82,
32718 0 0.23,
32800 16 0.98,
32857 4 0.43,
32908 4 0.95,
32956 18 0.48,
33007 2 0.47,
33077 8 0.8,
33121 16 0.29,
33149 15 0.09,
33215 19 0.42,
33252 1 0.39,
33290 6 0.75,
33372 4 0.65,
33395 5 0.29,
33458 13 0.02,
33546 1 0.88,
33587 2 0.34,
33656 18 1.0,
33694 7 0.38,
33702 14 0.51,
33708 18 0.21,
33740 17 0.45,
33781 19 0.48,
33833 4 0.25,
33916 14 0.11,
33935 16 0.6,
33996 14 0.36,
34026 9 0.57,
34032 17 0.54,
34095 6 0.87,
34178 9 0.7,
34212 10 0.25,
34217 17 0.08,
34290 5 0.31,
34349 16 0.82,
34383 6 0.45,
34429 11 0.75,
34493 3 0.23,
34575 18 0.46,
34634 8 0.77,
34715 0 0.67,
34750 7 0.5,
34765 3 0.81,
34796 4 0.23,
34825 10 0.71,
34880 4 0.47,
34951 15 0.59,
35038 16 0.7,
35078 10 0.64,
35116 10 0.91,
35147 5 0.05,
35168 12 0.83,
35203 12 0.3,
35264 11 0.61,
35334 14 0.1,
35367 14 0.22,
35435 14 0.73,
35444 6 0.7,
35521 0 0.69,
35529 0 0.68,
35547 12 0.9,
35564 8 0.08,
35598 3 0.2,
35658 9 0.91,
35658 0 0.86,
35658 11 0.32,
35674 2 0.45,
35717 10 0.35,
35739 7 0.54,
35768 0 0.54,
35814 4 0.27,
35867 9 0.68,
35911 0 0.1,
35949 11 0.05,
35988 7 0.08,
36024 6 0.11,
36112 13 0.16,
36121 8 0.09,
36164 16 0.74,
36214 1 0.28,
36261 2 0.22,
36342 19 0.11,
36359 15 0.55,
36373 4 0.61,
36431 18 0.96,
36431 3 0.01,
36506 12 0.38,
36540 8 0.91,
36591 8 0.77,
36626 15 0.96,
36653 16 0.37,
36734 0 0.99,
36823 17 0.74,
36830 5 0.67,
36888 18 0.58,
36960 17 0.37,
37030 16 0.85,
37053 15 0.22,
37095 17 0.78,
37165 11 0.26,
37172 3 0.67,
37222 11 0.2,
37297 1 0.54,
37317 15 0.55,
37348 18 1.0,
37357 19 0.12,
37395 4 0.98,
37405 0 0.71,
37444 19 0.09,
37466 19 0.99,
37519 11 0.5,
37565 18 0.36,
37649 3 0.06,
37727 15 0.56,
37779 17 0.44,
37849 3 0.61,
37869 6 0.01,
37891 13 0.22,
37979 11 0.35,
37981 16 0.27,
37989 13 0.69,
38069 9 0.23,
38133 4 0.99,
38204 7 0.55,
38240 19 0.57,
38316 5 0.87,
38342 11 0.34,
38362 16 0.15,
38419 10 0.99,
38495 19 0.26,
38507 18 0.37,
38593 17 0.19,
38677 14 0.66,
38729 8 0.99,
38794 19 0.74,
38825 11 0.12,
38847 8 0.55,
38915 15 0.33,
38930 15 0.23,
39000 4 0.21,
39036 19 0.29,
39099 17 0.21,
39140 16 0.49,
39166 9 0.42,
39243 19 0.66,
39280 12 0.34,
39285 0 0.91,
39307 14 0.74,
39375 13 0.63,
39446 18 0.68,
39462 1 0.45,
39495 19 0.74,
39534 3 0.58,
39618 11 0.01,
39670 3 0.44,
39675 13 0.6,
39677 18 0.63,
39681 0 0.93,
39744 8 0.64,
39819 15 0.34,
39853 11 0.18,
39890 5 0.95,
39976 0 0.55,
40013 15 0.12,
40025 14 0.67,
40065 2 0.42,
40084 14 0.57,
40099 16 0.94,
40157 5 0.26,
40222 14 0.16,
40310 1 0.76,
40351 6 0.31,
40371 7 0.86,
40385 15 0.69,
40394 4 0.55,
40454 16 0.32,
40467 5 0.41,
40469 8 0.98,
40485 13 0.73,
40490 2 0.72,
40497 5 0.57,
40538 2 0.47,
40605 5 0.71,
40669 8 0.97,
40689 19 0.14,
40728 10 0.82,
40788 10 0.35,
40824 10 0.27,
40881 8 0.57,
40909 11 0.02,
40948 13 0.99,
41016 2 0.3,
41030 2 0.73,
41040 11 0.43,
41041 15 0.51,
41094 10 0.77,
41147 18 0.88,
41176 5 0.66,
41213 16 0.26,
41221 12 0.24,
41223 19 0.08,
41275 2 0.37,
41278 8 0.34,
41311 11 0.08,
41361 3 0.05,
41412 11 0.33,
41479 10 0.62,
41536 17 0.2,
41563 19 0.27,
41640 3 0.94,
41696 10 0.33,
41739 14 0.06,
41782 19 0.55,
41855 18 0.4,
41889 0 0.21,
41939 1 0.78,
41961 5 0.89,
41978 13 0.85,
42055 1 0.83,
42092 12 0.6,
42092 0 0.51,
42164 16 0.33,
42230 2 0.25,
42262 12 0.76,
42319 1 0.2,
42408 14 0.2,
42410 17 0.57,
42453 19 0.69,
42461 5 0.97,
42535 0 0.78,
42593 2 0.15,
42661 2 0.02,
42716 13 0.69,
42760 19 0.75,
42796 8 0.38,
42833 8 0.12,
42860 19 0.36,
42920 14 0.25,
42957 10 0.84,
42999 15 0.67,
43062 0 0.62,
43086 5 0.48,
43157 15 0.27,
43171 14 0.19,
43189 18 0.92,
43252 2 0.38,
43287 9 0.74,
43356 18 0.43,
43369 5 0.59,
43412 1 0.78,
43424 4 0.4,
43451 13 0.82,
43533 18 0.19,
43600 5 0.52,
43640 1 0.93,
43679 14 0.05,
43701 17 0.35,
43757 1 0.03,
43842 12 0.67,
43875 18 0.6,
43963 16 0.93,
44028 14 0.15,
44105 17 0.45,
44138 4 0.39,
44160 2 0.12,
44162 15 0.16,
44172 17 0.07,
44178 8 0.9,
44245 19 0.91,
44302 3 0.29,
44388 1 0.92,
44399 9 0.19,
44400 15 0.4,
44445 2 0.65,
44484 17 0.85,
44488 15 0.99,
44501 19 0.58,
44506 8 0.95,
44530 7 0.73,
44532 4 0.02,
44575 15 0.97,
44650 12 0.93,
44735 4 0.22,
44807 1 0.83,
44858 14 0.52,
44883 9 0.32,
44971 12 0.63,
45037 3 0.69,
45113 0 0.39,
45197 3 0.1,
45272 11 0.2,
45352 9 0.93,
45354 7 0.13,
45431 19 0.2,
45453 0 0.37,
45473 1 0.15,
45522 6 0.51,
45608 14 0.71,
45663 0 0.68,
45700 5 0.42,
45706 11 0.06,
45716 3 0.8,
45738 11 0.78,
45810 6 0.76,
45895 6 0.52,
45961 0 0.64,
46023 0 0.03,
46069 9 0.4,
46154 16 0.17,
46235 12 0.16,
46267 5 0.45,
46309 15 0.27,
46311 6 0.63,
46323 11 0.56,
46384 9 0.58,
46423 5 0.96,
46424 4 0.24,
46476 18 0.47,
46542 18 0.79,
46602 2 0.11,
46646 12 0.57,
46683 8 0.47,
46771 9 0.97,
46796 15 0.62,
46841 12 0.58,
46864 15 0.35,
46872 13 0.35,
46921 7 0.68,
46947 0 0.27,
47001 7 0.25,
47041 4 0.17,
47086 16 0.09,
47172 14 0.21,
47208 15 0.68,
47259 3 0.41,
47340 7 0.79,
47360 4 0.47,
47389 0 0.3,
47416 17 0.56,
47485 2 0.39,
47497 8 0.46,
47552 17 0.59,
47637 6 0.42,
47692 12 0.49,
47713 7 0.31,
47795 19 0.57,
47840 8 0.56,
47922 17 0.94,
47929 0 0.97,
47946 13 0.81,
48000 19 0.73,
48029 1 0.74,
48082 5 0.86,
48121 14 0.74,
48139 14 0.54,
48218 2 0.23,
48272 13 0.47,
48323 2 0.21,
48411 0 0.67,
48453 2 0.98,
48460 12 0.29,
48470 4 0.16,
48484 11 1.0,
48565 18 0.83,
48618 5 0.97,
48701 3 0.58,
48735 18 0.99,
48736 10 0.29,
48805 10 0.22,
48834 9 0.93,
48842 2 0.41,
48886 17 0.15,
48949 2 0.03,
48997 4 0.76,
49040 19 0.12,
49092 16 0.74,
49098 17 0.27,
49181 9 0.3,
49213 4 0.04,
49293 9 0.23,
49322 19 0.37,
49378 15 0.7,
49452 12 0.82,
49515 7 0.29,
49534 18 1.0,
49614 8 0.95,
49657 10 0.7,
49740 17 0.2,
49741 9 0.99,
49806 9 0.06,
49817 18 0.22,
49853 15 0.09,
49875 8 0.63,
49902 16 0.26,
49942 3 0.26,
49993 17 0.45,
50063 13 0.46,
50150 15 0.48,
50171 14 0.24,
50204 1 0.27,
50220 16 0.34,
50238 6 0.38,
50300 17 0.41,
50366 17 0.55,
50436 12 0.18,
50497 12 0.64,
50508 6 0.9,
50548 12 0.38,
50550 17 0.03,
50638 15 0.63,
50667 0 0.9,
50747 9 0.44,
50784 18 0.69,
50800 7 0.68,
50806 12 0.06,
50821 19 0.22,
50881 9 0.75,
50888 6 0.79,
50965 15 0.28,
51013 19 0.47,
51088 14 0.35,
51165 17 0.54,
51167 12 0.62,
51217 3 0.6,
51305 16 0.25,
51346 18 0.13,
51400 1 0.99,
51480 15 0.32,
51518 19 0.94,
51578 13 0.43,
51666 12 0.09,
51705 9 0.38,
51745 18 0.4,
51823 3 0.3,
51870 14 0.14,
51873 3 0.8,
51936 19 0.08,
52008 18 0.52,
52048 6 0.17,
52137 13 0.75,
52169 18 0.28,
52254 13 0.43,
52260 7 0.46,
52305 6 0.13,
52365 15 0.42,
52374 11 0.33,
52437 3 0.76,
52457 4 0.61,
52490 4 0.39,
52567 11 0.01,
52607 0 0.15,
52611 17 0.27,
52671 1 0.06,
52709 5 0.6,
52741 19 0.44,
52806 4 0.58,
52875 2 0.16,
52934 2 0.52,
52949 3 0.73,
52954 9 0.2,
52971 15 0.68,
52988 13 0.59,
53004 8 0.5,
53073 10 0.86,
53154 6 0.6,
53238 3 0.69,
53240 11 0.1,
53317 6 0.39,
53332 14 0.25,
53395 2 0.07,
53438 8 0.85,
53488 17 0.14,
53548 16 0.14,
53563 18 0.05,
53629 16 0.24,
53709 13 0.8,
53784 17 0.35,
53862 5 0.44,
53903 12 0.56,
53948 1 0.15,
54028 15 0.53,
54113 13 0.1,
54191 15 0.53,
54232 3 0.16,
54232 8 0.51,
54291 15 0.73,
54300 6 0.84,
54334 14 0.62,
54335 8 0.66,
54345 8 0.15,
54421 14 0.45,
54474 2 0.39,
54514 0 0.02,
54535 1 0.48,
54614 8 0.6,
54622 9 0.67,
54664 8 0.68,
54681 7 0.74,
54693 7 0.08,
54710 6 0.31,
54786 8 0.14,
54849 1 0.7,
54850 10 0.01,
54876 0 0.02,
54935 13 0.53,
55017 15 0.29,
55098 17 0.87,
55136 5 0.15,
55153 8 0.75,
55227 5 0.39,
55240 6 0.68,
55325 9 0.42,
55356 18 0.03,
55414 2 0.2,
55489 14 0.48,
55510 2 0.41,
55581 7 0.75,
55598 8 0.39,
55681 8 0.32,
55763 0 0.18,
55849 12 0.99,
55929 6 0.64,
55992 10 0.53,
56014 3 0.11,
56053 4 0.77,
56119 1 0.5,
56163 11 0.07,
56229 14 0.9,
56237 7 0.99,
56271 6 0.85,
56273 6 0.85,
56316 6 0.47,
56317 8 0.12,
56359 6 0.1,
56360 1 0.86,
56404 18 0.52,
56416 1 0.95,
56443 11 0.44,
56526 3 0.37,
56590 13 0.56,
56663 9 0.86,
56663 14 0.78,
56737 17 0.41,
56772 4 0.42,
56855 5 0.37,
56913 18 0.28,
56999 14 0.69,
57027 13 0.49,
57065 9 0.49,
57065 3 0.72,
57139 13 0.8,
57160 10 0.23,
57233 18 0.11,
57312 1 0.82,
57358 1 0.2,
57358 2 0.11,
57424 16 0.8,
57500 4 0.69,
57501 13 0.74,
57517 10 0.43,
57557 19 0.96,
57574 17 0.94,
57580 19 0.06,
57646 16 0.39,
57701 17 0.62,
57706 3 0.1,
57747 8 0.87,
57780 19 0.14,
57808 15 0.34,
57832 12 0.7,
57874 16 0.55,
57940 8 0.89,
57954 14 0.61,
57974 17 0.38,
57980 9 0.84,
57998 11 0.41,
58070 11 0.08,
58089 13 0.59,
58173 11 0.53,
58209 14 0.95,
58272 19 0.44,
58319 5 0.52,
58320 16 0.94,
58368 2 0.05,
58384 10 0.8,
58468 3 0.14,
58514 6 0.04,
58557 19 0.56,
58636 0 0.86,
58651 5 0.8,
58695 2 0.47,
58780 0 0.87,
58864 0 0.67,
58911 0 0.98,
58918 2 0.34,
59005 15 0.14,
59047 14 0.51,
59063 18 0.77,
59092 10 0.25,
59171 7 0.73,
59202 7 0.38,
59289 5 0.73,
59313 2 0.74,
59347 9 0.42,
59426 0 0.64,
59468 15 0.19,
59518 15 0.88,
59548 12 0.87,
59562 14 0.51,
59606 12 0.29,
59680 9 0.27,
59720 8 0.43,
59752 7 0.86,
59763 7 0.43,
59766 8 0.67,
59800 14 0.35,
59861 8 0.94,
59895 1 0.45,
59916 3 0.9,
59958 11 0.21,
59991 7 0.74,
60009 4 0.47,
60072 11 0.28,
60137 12 0.66,
60215 8 0.78,
60303 12 0.82,
60375 9 0.76,
60445 7 0.54,
60518 11 0.84,
60583 12 0.69,
60659 11 0.61,
60748 7 0.69,
60754 3 0.83,
60780 6 0.57,
60801 10 0.8,
60806 17 0.16,
60882 18 0.47,
60924 11 0.91,
61004 15 0.5,
61051 12 0.82,
61101 14 0.88,
61119 4 0.43,
61182 2 0.69,
61222 19 0.05,
61271 18 0.3,
61332 10 0.39,
61350 1 0.02,
61437 11 0.62,
61517 9 0.14,
61572 4 0.99,
61640 15 0.93,
61709 8 0.69,
61781 10 0.6,
61788 8 0.83,
61796 1 0.7,
61858 7 0.52,
61943 8 0.62,
61997 12 0.23,
62051 15 0.46,
62078 13 0.59,
62078 3 0.71,
62129 18 0.59,
62133 12 0.92,
62135 3 0.48,
62141 17 0.32,
62199 12 0.7,
62261 12 0.26,
62327 8 0.31,
62371 5 0.02,
62415 15 0.53,
62475 17 0.21,
62549 15 0.35,
62595 0 0.52,
62640 12 0.06,
62685 19 0.76,
62725 13 0.87,
62798 10 0.68,
62847 2 0.36,
62861 10 0.16,
62923 4 0.7,
62965 1 0.52,
62976 4 0.61,
62980 12 0.93,
63008 17 0.22,
63037 19 0.55,
63086 6 0.23,
63086 5 0.4,
63101 0 0.13,
63190 18 0.62,
63273 0 0.17,
63317 3 0.53,
63347 0 0.17,
63394 8 0.42,
63446 16 0.14,
63485 6 0.65,
63522 5 0.3,
63604 12 0.24,
63616 19 0.46,
63700 13 0.86,
63708 1 0.05,
63738 9 0.35,
63786 2 0.27,
63862 9 0.8,
63886 19 0.41,
63919 5 0.36,
63927 17 0.7,
63936 10 0.73,
64011 14 0.8,
64026 0 0.57,
64091 18 0.26,
64165 6 0.74,
64251 0 0.66,
64299 9 0.79,
64357 8 0.25,
64416 4 0.95,
64453 0 0.42,
64479 5 0.56,
64493 1 0.27,
64501 3 0.08,
64542 15 0.97,
64620 6 0.93,
64635 15 0.39,
64663 16 0.22,
64725 16 0.98,
64745 14 0.95,
64831 11 0.06,
64842 2 0.23,
64890 3 0.11,
64955 0 0.97,
65023 3 0.62,
65024 5 0.18,
65026 4 0.52,
65101 13 0.58,
65157 6 0.66,
65176 11 0.39,
65262 3 0.85,
65292 18 0.73,
65346 15 0.03,
65410 6 0.42,
65482 7 0.63,
65521 5 0.75,
65538 14 0.19,
65584 7 0.4,
65602 0 0.87,
65637 17 0.6,
65691 12 0.73,
65750 13 0.16,
65788 12 0.51,
65810 11 0.5,
65879 13 0.05,
65884 16 0.54,
65970 14 0.54,
66034 9 0.29,
66104 5 0.2,
66129 15 0.25,
66211 14 0.71,
66287 7 0.57,
66349 14 0.45,
66437 16 0.72,
66524 2 0.79,
66606 2 0.3,
66608 11 0.23,
66680 5 0.7,
66705 4 0.06,
66740 8 0.19,
66773 3 1.0,
66804 14 0.58,
66821 10 0.67,
66898 8 0.33,
66919 13 0.75,
66959 12 0.67,
66976 14 0.33,
67058 16 0.97,
67118 0 0.88,
67147 2 0.6,
67167 15 0.37,
67197 10 0.08,
67270 2 0.65,
67343 0 0.85,
67390 10 0.61,
67396 4 0.55,
67420 3 0.71,
67471 7 0.11,
67518 8 0.76,
67556 15 0.2,
67572 17 0.52,
67630 18 0.55,
67641 17 0.51,
67707 7 0.78,
67743 6 0.34,
67761 15 0.77,
67839 7 0.66,
67860 15 0.17,
67930 8 0.8,
67954 16 0.92,
67999 9 0.75,
68061 7 0.45,
68142 1 0.98,
68193 5 0.05,
68196 6 0.58,
68213 10 0.53,
68269 16 0.82,
68287 16 0.19,
68326 11 0.65,
68349 1 0.01,
68389 16 0.38,
68455 14 0.71,
68520 13 0.44,
68600 1 0.69,
68635 16 0.72,
68717 4 0.88,
68791 17 0.42,
68826 13 0.78,
68873 4 0.19,
68915 9 0.22,
68925 13 0.59,
68955 14 0.26,
69023 11 0.19,
69087 9 0.12,
69102 9 0.66,
69177 4 0.47,
69209 16 0.56,
69215 5 0.76,
69275 4 0.21,
69281 17 0.57,
69303 18 0.58,
69304 18 0.89,
69335 10 0.15,
69359 6 0.18,
69438 13 0.54,
69469 16 0.23,
69472 17 0.81,
69495 17 0.84,
69582 11 0.85,
69649 17 0.57,
69728 16 0.88,
69777 18 0.98,
69829 3 0.05,
69879 10 0.26,
69886 6 0.49,
69900 6 0.27,
69900 16 0.17,
69951 18 0.16,
70013 5 0.1,
70041 13 0.98,
70095 18 0.25,
70114 13 0.3,
70166 8 0.98,
70187 12 0.85,
70198 5 0.49,
70203 12 0.19,
70204 14 0.52,
70289 9 0.35,
70357 9 0.78,
70441 3 0.28,
70528 2 1.0,
70609 9 0.77,
70640 5 0.24,
70647 19 0.89,
70648 3 0.26,
70674 10 0.7,
70757 12 0.08,
70829 13 0.32,
70843 9 0.09,
70908 17 0.72,
70947 6 0.77,
70954 1 0.51,
70980 12 0.99,
71040 10 0.86,
71065 4 0.74,
71067 17 0.52,
71106 9 0.08,
71149 19 0.38,
71171 5 0.53,
71173 2 0.59,
71201 9 0.35,
71232 14 0.82,
71257 12 0.75,
71310 10 0.88,
71388 4 0.04,
71433 8 0.98,
71489 17 0.01,
71490 3 0.6,
71526 15 0.73,
71549 18 0.6,
71571 19 0.89,
71616 17 0.76,
71685 0 0.97,
71699 10 0.76,
71724 5 0.68,
71811 15 0.42,
71893 11 0.86,
71950 7 0.1,
71961 0 0.77,
72017 4 0.54,
72028 19 0.95,
72059 13 0.54,
72125 3 0.78,
72130 16 0.42,
72186 10 0.89,
72275 12 0.26,
72328 5 0.25,
72344 3 0.35,
72431 14 0.37,
72462 16 0.86,
72494 2 0.63,
72528 3 0.06,
72578 15 0.85,
72628 13 0.16,
72691 9 0.13,
72749 6 0.99,
72775 14 0.39,
72833 2 0.46,
72841 18 0.61,
72875 15 0.48,
72942 0 0.61,
73031 12 0.79,
73097 3 0.54,
73127 4 0.44,
73202 14 0.86,
73220 6 0.95,
73250 8 0.17,
73338 13 0.39,
73394 13 0.92,
73407 0 0.67,
73493 8 0.29,
73495 12 0.61,
73566 9 0.29,
73614 13 0.87,
73618 8 0.52,
73635 1 0.13,
73635 14 0.02,
73649 11 0.51,
73677 11 0.04,
73725 18 0.18,
73767 18 0.62,
73818 5 0.66,
73833 10 0.79,
73921 1 0.85,
73922 8 0.83,
73922 15 0.68,
73960 17 0.22,
74041 13 0.76,
74061 7 0.87,
74147 0 0.26,
74221 10 0.79,
74261 5 0.15,
74283 18 0.9,
74328 10 0.07,
74367 5 0.99,
74421 1 0.57,
74457 7 0.94,
74510 17 0.11,
74593 7 0.72,
74655 15 0.59,
74664 13 0.41,
74691 9 0.67,
74721 15 0.64,
74737 14 0.52,
74825 4 0.13,
74845 16 0.98,
74856 12 0.48,
74929 15 0.97,
74935 3 0.13,
74959 9 0.92,
74968 12 0.19,
75054 8 0.39,
75063 13 0.1,
75118 14 0.94,
75143 7 0.34,
75151 4 0.21,
75184 12 0.01,
75225 12 0.7,
75278 0 0.25,
75349 17 0.26,
75430 13 0.43,
75478 11 0.15,
75556 5 0.2,
75571 6 0.25,
75598 7 0.67,
75640 0 0.56,
75648 3 0.19,
75660 18 0.76,
75670 12 0.99,
75729 18 0.58,
75814 12 0.68,
75884 19 0.41,
75896 6 0.29,
75976 18 0.29,
75976 7 0.31,
76041 7 0.51,
76077 12 0.64,
76164 14 0.63,
76226 14 0.67,
76261 9 0.01,
76298 1 0.41,
76316 8 0.32,
76401 11 0.6,
76469 9 0.8,
76515 0 0.15,
76544 15 0.33,
76592 18 0.35,
76667 17 0.16,
76753 4 0.65,
76780 19 0.34,
76816 7 0.1,
76848 17 0.7,
76900 5 0.31,
76940 6 0.59,
76987 9 0.47,
77049 2 0.15,
77065 6 0.53,
77100 7 0.01,
77150 17 0.1,
77204 11 0.78,
77217 0 0.52,
77237 11 0.7,
77267 4 0.58,
77275 10 0.8,
77283 6 0.77,
77298 8 0.89,
77304 12 0.72,
77357 10 0.29,
77438 17 0.46,
77458 12 0.02,
77460 8 0.58,
77475 5 0.59,
77511 8 0.75,
77537 2 0.9,
77607 17 0.46,
77619 7 0.54,
77624 5 0.56,
77695 3 0.55,
77752 17 0.62,
77781 6 0.62,
77837 5 1.0,
77901 19 0.83,
77979 8 0.84,
77998 6 0.71,
78074 9 0.41,
78094 18 0.87,
78099 0 0.22,
78103 12 0.63,
78179 13 0.05,
78212 6 0.75,
78266 12 0.29,
78277 10 0.38,
78340 14 0.22,
78401 19 0.53,
78477 0 0.28,
78556 7 0.48,
78626 13 0.79,
78636 7 0.46,
78717 18 0.78,
78726 10 0.6,
78726 11 0.18,
78815 13 0.11,
78897 1 0.32,
78985 5 0.11,
79001 5 0.32,
79011 16 0.17,
79050 8 0.91,
79120 3 0.09,
79156 10 0.14,
79202 3 0.25,
79217 9 0.9,
79228 5 0.75,
79296 3 0.9,
79307 7 0.11,
79375 13 0.48,
79439 13 0.02,
79464 5 0.97,
79513 18 0.48,
79580 16 0.39,
79593 16 0.72,
79609 1 0.45,
79614 3 0.85,
79694 15 0.76,
79779 5 0.56,
79834 19 0.73,
79854 11 0.8,
79869 18 0.33,
79904 11 0.41,
79972 6 0.79,
79972 17 0.39,
79992 19 0.85,
80017 6 0.88,
80066 9 0.18,
80125 11 0.11,
80186 6 0.05,
80220 17 0.06,
80303 9 0.39,
80367 9 0.32,
80433 13 0.06,
80502 1 0.54,
80531 18 0.56,
80600 6 0.03,
80668 4 0.42,
80744 5 0.49,
80803 19 0.65,
80880 13 0.72,
80952 2 0.01,
80991 2 0.31,
81017 4 0.51,
81039 5 0.78,
81049 2 0.8,
81052 7 0.92,
81080 11 0.59,
81161 19 0.5,
81186 3 0.01,
81230 16 0.93,
81261 15 0.55,
81298 18 0.08,
81315 13 0.54,
81373 17 0.51,
81438 18 0.7,
81458 16 0.39,
81498 16 0.87,
81537 6 0.32,
81608 19 0.63,
81612 8 0.21,
81673 9 0.66,
81761 8 0.28,
81797 13 0.42,
81875 19 0.74,
81962 0 0.15,
82024 7 0.22,
82090 10 0.48,
82119 5 0.79,
82161 10 0.57,
82174 8 0.45,
82183 15 0.13,
82194 8 0.88,
82214 8 0.64,
82291 1 0.34,
82314 13 0.93,
82357 2 0.84,
82397 14 0.92,
82424 10 0.54,
82450 17 0.07,
82514 1 0.72,
82550 15 0.38,
82606 14 0.47,
82613 12 0.32,
82695 16 0.25,
82751 10 0.9,
82791 10 0.61,
82814 5 0.23,
82843 12 0.77,
82865 0 0.71,
82950 5 0.09,
82999 3 0.78,
83069 15 0.66,
83141 0 0.72,
83148 8 0.48,
83210 9 0.31,
83280 16 0.81,
83327 14 0.04,
83332 7 0.46,
83419 1 0.88,
83445 18 0.31,
83496 11 0.94,
83571 12 1.0,
83588 11 0.23,
83599 18 0.86,
83635 0 0.36,
83663 8 0.3,
83736 9 0.96,
83757 9 0.6,
83802 10 0.92,
83883 18 0.41,
83972 11 0.75,
83999 18 0.26,
84032 9 0.67,
84045 0 0.39,
84065 15 0.26,
84115 7 0.2,
84184 11 0.64,
84248 15 0.67,
84314 4 0.33,
84341 17 0.9,
84381 19 0.89,
84416 11 0.81,
84481 15 0.51,
84558 17 0.95,
84598 19 0.61,
84643 10 0.07,
84662 16 0.03,
84746 18 0.93,
84817 11 0.88,
84898 11 0.67,
84933 10 0.65,
84957 17 0.08,
84996 17 0.52,
85026 13 0.55,
85063 2 0.41,
85114 6 0.56,
85193 19 0.65,
85211 15 0.44,
85263 13 0.81,
85264 4 0.27,
85317 6 1.0,
85322 6 0.73,
85342 15 0.42,
85394 15 0.77,
85473 4 0.88,
85524 16 0.35,
85526 6 0.89,
85580 15 0.76,
85634 17 0.64,
85637 18 0.24,
85689 17 0.95,
85708 8 0.94,
85718 11 0.39,
85794 8 0.33,
85800 17 0.09,
85847 10 0.39,
85903 3 0.97,
85964 2 0.09,
85966 16 0.41,
85982 16 0.84,
86012 7 0.09,
86075 6 0.62,
86088 4 0.42,
86159 18 0.33,
86224 8 0.2,
86252 17 0.22,
86341 8 0.61,
86367 12 0.39,
86416 6 0.56,
86451 0 0.97,
86534 11 0.08,
86604 19 0.93,
86672 0 0.92,
86719 0 0.26,
86734 15 0.71,
86799 4 0.2,
86842 4 0.4,
86852 17 0.9,
86901 4 1.0,
86923 15 0.92,
86931 7 0.99,
86966 4 0.18,
87029 18 0.05,
87112 15 0.83,
87189 4 0.88,
87227 16 0.71,
87237 6 0.22,
87264 10 0.83,
87290 6 0.36,
87296 1 0.59,
87323 12 0.2,
87337 1 0.15,
87363 7 0.56,
87407 7 0.04,
87428 19 0.72,
87512 4 0.41,
87587 11 0.51,
87642 15 0.62,
87681 0 0.39,
87699 1 0.36,
87713 8 0.93,
87801 3 0.1,
87810 0 0.9,
87832 2 0.45,
87859 12 0.79,
87866 13 0.68,
87952 6 0.32,
88014 11 0.49,
88019 16 0.24,
88106 5 0.13,
88176 13 0.9,
88215 0 0.27,
88282 8 0.91,
88307 11 0.62,
88324 5 0.89,
88341 8 0.48,
88385 15 0.02,
88400 7 0.48,
88441 18 0.33,
88477 1 0.68,
88481 5 0.23,
88543 11 0.08,
88558 12 0.4,
88636 13 0.11,
88638 16 0.11,
88661 2 0.39,
88731 11 0.25,
88754 1 0.32,
88809 2 0.61,
88847 5 0.95,
88883 19 0.3,
88927 1 0.44,
88931 4 0.95,
88949 8 0.52,
89008 18 0.39,
89029 18 0.6,
89080 2 0.14,
89099 7 0.28,
89156 16 0.43,
89158 12 0.5,
89219 0 0.68,
89293 17 0.64,
89306 10 0.87,
89383 0 0.68,
89424 6 0.81,
89509 18 0.19,
89535 0 0.45,
89623 19 0.31,
89697 4 0.19,
89702 8 0.09,
89722 2 0.11,
89745 17 0.18,
89832 19 0.01,
89834 10 0.36,
89890 16 0.8,
89942 2 0.69,
89947 0 0.18,
89998 11 0.93,
90053 9 0.54,
90135 13 0.55,
90157 10 0.53,
90219 18 0.35,
90290 12 0.47,
90294 15 0.17,
90297 9 0.9,
90353 10 0.92,
90442 2 0.24,
90486 2 0.46,
90567 1 0.22,
90581 2 0.86,
90607 18 0.42,
90673 10 0.12,
90729 15 0.09,
90782 7 0.69,
90790 13 0.87,
90813 19 0.28,
90861 3 0.69,
90946 10 0.44,
91001 9 0.26,
91003 17 0.95,
91075 2 0.34,
91109 13 0.71,
91180 1 0.28,
91212 19 0.88,
91278 4 0.64,
91285 17 0.49,
91365 15 0.83,
91448 7 0.84,
91467 11 0.81,
91508 2 0.04,
91515 0 0.73,
91522 10 0.17,
91568 3 0.64,
91640 6 0.5,
91640 0 0.57,
91651 9 0.49,
91718 19 0.16,
91774 3 0.94,
91794 7 0.7,
91845 6 0.03,
91927 17 0.52,
91933 5 0.86,
91968 8 0.77,
92028 2 0.74,
92083 2 0.97,
92126 4 0.65,
92132 7 0.53,
92213 2 0.65,
92219 0 0.73,
92305 10 0.62,
92353 11 0.36,
92406 17 0.19,
92480 8 0.11,
92504 13 0.19,
92579 14 0.63,
92616 6 0.47,
92617 18 0.14,
92688 8 0.12,
92768 5 0.61,
92794 6 0.05,
92797 15 0.83,
92849 3 0.76,
92851 5 0.75,
92905 6 0.12,
92921 11 0.38,
92963 0 0.42,
93017 10 0.84,
93044 2 0.87,
93046 4 0.52,
93052 1 0.21,
93084 11 0.68,
93093 7 0.13,
93093 15 0.61,
93140 10 0.74,
93184 4 0.3,
93266 10 0.9,
93301 2 0.34,
93317 6 0.7,
93379 6 0.38,
93416 4 0.23,
93454 7 0.16,
93526 2 0.56,
93615 10 0.59,
93668 11 0.26,
93699 0 0.29,
93748 17 0.33,
93792 4 0.31,
93844 19 0.69,
93856 10 0.61,
93908 16 1.0,
93910 13 0.24,
93946 6 0.15,
93984 9 0.33,
94036 2 0.6,
94051 17 0.6,
94131 6 0.8,
94194 16 0.31,
94277 10 0.61,
94287 5 0.54,
94344 13 0.67,
94402 14 0.66,
94425 14 0.79,
94477 10 0.21,
94498 4 0.53,
94507 14 0.17,
94533 19 0.72,
94544 14 0.57,
94594 13 0.21,
94640 5 0.28,
94678 2 0.7,
94694 17 0.3,
94765 10 0.1,
94776 9 0.37,
94840 10 0.98,
94873 16 0.02,
94952 4 0.29,
95018 13 0.41,
95090 16 0.35,
95170 9 0.36,
95184 8 0.69,
95262 10 0.38,
95285 11 0.73,
95304 6 0.41,
95325 3 0.3,
95376 16 0.33,
95439 13 0.62,
95496 9 0.95,
95502 8 0.9,
95517 5 0.25,
95547 10 0.33,
95556 7 0.56,
95568 6 0.71,
95598 16 0.92,
95611 19 0.77,
95690 7 0.04,
95720 10 0.37,
95779 19 0.27,
95799 7 0.57,
95878 8 0.59,
95945 6 0.51,
95977 0 0.78,
96043 2 0.45,
96130 19 0.24,
96188 8 0.82,
96268 10 0.29,
96353 5 0.87,
96419 1 0.81,
96487 13 0.03,
96518 0 0.64,
96581 10 0.66,
96661 7 0.49,
96692 4 0.48,
96751 15 0.43,
96758 16 0.83,
96767 5 0.2,
96779 1 0.37,
96788 13 0.8,
96854 6 0.7,
96917 19 0.04,
96951 3 0.45,
96995 16 0.87,
97034 11 0.24,
97079 4 0.28,
97114 10 0.16,
97199 2 0.36,
97265 10 0.12,
97352 1 0.6,
97440 7 0.72,
97522 6 0.96,
97573 15 0.83,
97652 12 0.75,
97728 10 0.29,
97765 14 0.79,
97804 10 0.07,
97870 3 0.21,
97939 2 0.73,
98023 10 0.97,
98066 5 0.25,
98092 14 0.12,
98168 17 0.83,
98251 4 0.97,
98300 4 0.82,
98305 11 0.14,
98339 15 0.69,
98422 6 0.07,
98434 17 0.96,
98495 3 0.11,
98507 2 0.41,
98553 18 0.79,
98564 1 0.13,
98648 8 0.72,
98724 4 0.18,
98800 15 0.33,
98847 14 0.22,
98864 17 0.71,
98914 9 0.63,
99000 14 0.98,
99078 12 0.82,
99107 5 0.14,
99121 4 0.54,
99156 5 0.04,
99194 9 0.22,
99228 12 0.02,
99316 16 0.35,
99390 8 0.6,
99471 18 0.72,
99515 6 0.51,
99594 13 0.33,
99643 0 0.47,
99657 6 0.13,
99664 9 0.4,
99676 3 0.88,
99686 6 0.55,
99700 5 0.83,
99779 5 0.72,
99858 6 0.64,
99923 18 0.86,
100007 4 0.53,
100092 9 0.44,
100150 16 0.45,
100220 4 0.95,
100248 8 0.4,
100286 0 0.82,
100301 17 0.05,
100333 11 0.35,
100379 12 0.44,
100457 18 0.89,
100503 14 0.51,
100520 7 0.26,
100527 5 0.24,
100580 5 0.12,
100644 1 0.79,
100703 10 0.13,
100741 19 0.23,
100799 0 0.41,
100869 2 0.75,
100882 15 0.39,
100891 12 0.49,
100892 12 0.17,
100954 8 0.02,
101038 3 0.96,
101119 8 0.7,
101202 4 0.9,
101223 6 0.7,
101257 10 0.37,
101335 8 0.58,
101363 11 0.18,
101397 8 0.51,
101454 16 0.79,
101479 13 0.37,
101568 1 0.8,
101591 19 0.57,
101621 2 0.21,
101661 15 0.26,
101691 2 0.76,
101769 5 0.12,
101774 9 0.4,
101816 14 0.75,
101821 8 0.45,
101846 4 0.61,
101913 2 0.92,
101989 10 0.76,
102006 6 0.92,
102016 17 0.79,
102045 0 0.96,
102115 7 0.08,
102129 4 0.59,
102163 15 0.91,
102201 18 0.06,
102229 17 0.62,
102282 3 0.68,
102293 4 0.02,
102315 3 0.06,
102339 5 0.83,
102399 5 0.4,
102400 7 0.83,
102405 17 0.16,
102486 1 0.65,
102526 11 0.77,
102545 9 0.94,
102623 12 0.7,
102653 1 0.85,
102675 12 0.95,
102758 18 0.2,
102771 0 0.71,
102790 15 0.03,
102858 0 0.37,
102918 1 0.58,
102921 13 0.19,
102938 1 0.2,
102984 4 0.59,
103049 5 0.97,
103077 19 0.95,
103080 18 0.61,
103095 2 0.7,
103127 7 0.9,
103154 17 0.91,
103198 0 0.85,
103281 6 0.91,
103336 10 0.11,
103377 19 0.34,
103391 12 0.9,
103469 5 0.98,
103550 9 0.57,
103631 0 0.52,
103658 15 0.74,
103712 12 0.26,
103741 3 0.86,
103807 2 0.49,
103890 5 0.24,
103940 11 0.1,
103994 11 0.72,
104052 9 0.98,
104054 15 0.11,
104143 18 0.86,
104169 13 0.61,
104187 17 0.08,
104187 1 0.16,
104249 8 0.99,
104267 7 0.1,
104350 4 0.41,
104364 13 0.94,
104431 8 0.12,
104476 4 0.01,
104522 1 0.89,
104573 11 0.05,
104600 16 0.57,
104617 0 0.38,
104642 12 0.81,
104713 6 0.86,
104731 3 0.55,
104784 8 0.09,
104812 10 0.08,
104892 6 0.39,
104896 11 0.66,
104920 19 0.41,
104934 2 0.99,
104976 18 1.0,
104993 12 0.6,
105005 14 0.62,
105080 18 0.21,
105159 4 0.46,
105186 7 0.39,
105274 9 0.84,
105350 9 0.44,
105405 12 0.59,
105418 14 0.03,
105447 14 0.75,
105457 14 0.79,
105481 8 0.05,
105519 12 0.84,
105596 14 0.39,
105648 18 0.76,
105711 18 0.27,
105791 0 0.86,
105809 0 0.84,
105878 14 0.3,
105915 16 0.67,
105960 15 0.01,
106018 1 0.51,
106064 18 0.03,
106148 15 0.37,
106178 13 0.98,
106210 1 0.01,
106222 12 0.84,
106298 1 0.33,
106328 19 0.47,
106334 5 0.44,
106418 9 0.23,
106423 4 0.74,
106512 18 0.86,
106584 19 0.66,
106624 6 0.07,
106628 18 0.82,
106647 17 0.06,
106699 1 0.76,
106775 9 0.54,
106826 7 0.83,
106851 8 0.05,
106868 15 0.26,
106874 15 0.97,
106891 17 0.08,
106979 10 0.59,
107067 15 0.04,
107067 14 0.11,
107105 13 0.99,
107175 6 0.3,
107248 0 0.92,
107259 3 0.58,
107328 19 0.07,
107363 2 0.54,
107420 3 0.03,
107494 2 0.72,
107505 7 0.43,
107588 7 0.61,
107676 0 0.58,
107692 14 0.76,
107715 19 0.32,
107767 2 0.99,
107854 2 0.68,
107931 5 0.39,
107989 16 0.1,
108072 9 0.54,
108127 3 0.02,
108167 3 0.61,
108201 7 0.96,
108242 4 0.45,
108269 18 0.89,
108331 15 0.78,
108388 1 0.44,
108467 14 0.42,
108500 18 0.8,
108585 10 0.28,
108634 4 0.92,
108636 7 0.25,
108656 13 0.56,
108703 2 0.05,
108779 16 0.01,
108801 13 0.45,
108837 7 0.84,
108892 5 0.98,
108934 12 0.68,
108947 18 0.59,
108948 19 0.71,
109022 12 0.4,
109091 4 0.08,
109109 5 0.79,
109171 16 0.52,
109178 19 0.59,
109198 16 0.76,
109219 18 0.62,
109221 8 0.49,
109275 5 0.66,
109360 5 0.93,
109420 2 0.2,
109476 13 0.18,
109550 6 0.34,
109557 3 0.65,
109628 16 0.88,
109696 1 0.34,
109736 10 0.41,
109759 11 0.46,
109836 9 0.62,
109837 0 0.54,
109906 5 0.16,
109981 19 0.11,
110056 5 0.18,
110075 1 0.74,
110102 16 0.6,
110132 0 0.14,
110198 7 0.97,
110199 6 0.5,
110253 10 0.82,
110321 10 0.93,
110381 10 0.71,
110450 4 0.28,
110489 0 0.76,
110575 9 0.7,
110639 0 0.96,
110683 10 0.18,
110718 19 0.06,
110719 16 0.52,
110765 9 0.82,
110804 17 0.99,
110843 13 0.14,
110913 9 0.81,
110947 19 0.69,
111010 19 0.26,
111037 9 0.07,
111071 13 0.04,
111146 16 0.95,
111203 3 0.98,
111279 3 0.3,
111288 16 0.8,
111317 0 0.41,
111371 5 1.0,
111401 18 0.25,
111465 0 0.86,
111523 3 0.54,
111568 7 0.21,
111650 17 0.19,
111677 18 0.25,
111690 5 0.55,
111772 18 0.41,
111825 6 0.09,
111842 13 0.57,
111924 1 0.93,
111963 13 0.57,
112022 11 0.68,
112038 1 0.7,
112052 18 0.08,
112122 8 0.49,
112156 12 0.43,
112204 1 0.91,
112274 1 0.57,
112327 13 0.75,
112331 9 0.92,
112372 14 0.19,
112434 11 0.69,
112508 3 0.57,
112521 16 0.6,
112583 3 0.17,
112629 13 0.06,
112655 13 0.69,
112668 17 0.17,
112757 18 0.09,
112814 10 0.4,
112883 0 0.08,
112895 15 0.14,
112944 2 0.1,
112960 7 0.82,
113016 15 0.25,
113053 18 0.94,
113103 4 0.52,
113180 15 0.55,
113266 16 0.34,
113282 10 0.14,
113355 11 0.34,
113398 1 0.46,
113478 0 0.84,
113526 4 0.56,
113555 11 0.42,
113608 17 0.38,
113649 0 0.14,
113654 0 0.36,
113665 8 0.81,
113692 11 0.09,
113722 15 0.79,
113775 10 0.48,
113796 6 0.92,
113873 16 0.46,
113933 3 0.28,
113961 11 0.62,
114038 0 0.67,
114113 4 0.19,
114164 13 0.81,
114187 14 0.98,
114270 11 0.66,
114325 13 0.87,
114366 2 0.33,
114412 16 0.31,
114445 9 0.79,
114484 11 0.7,
114538 7 0.89,
114575 11 0.08,
114576 6 0.11,
114586 2 0.86,
114613 16 0.11,
114636 3 0.75,
114697 17 0.79,
114744 17 0.56,
114766 2 0.5,
114807 10 0.84,
114888 6 0.25,
114956 0 0.22,
114965 7 0.93,
115005 17 0.92,
115054 12 0.14,
115064 2 0.81,
115107 12 0.73,
115111 6 0.28,
115126 1 0.92,
115148 9 0.8,
115182 19 0.43,
115250 18 0.82,
115318 16 0.8,
115396 13 0.94,
115479 8 0.97,
115492 16 0.62,
115538 18 0.82,
115547 16 0.85,
115570 17 0.5,
115576 4 0.32,
115576 4 0.47,
115646 18 0.16,
115691 13 0.21,
115746 5 0.76,
115802 2 0.96,
115856 18 0.03,
115890 14 0.76,
115932 11 0.39,
115974 2 0.44,
116049 10 0.73,
116058 4 0.9,
116113 18 0.85,
116156 14 0.06,
116225 16 0.34,
116269 9 0.51,
116282 4 0.03,
116304 16 0.54,
116323 18 0.59,
116378 9 0.25,
116443 19 0.61,
116454 1 0.16,
116457 12 0.36,
116516 3 0.13,
116519 3 0.31,
116532 18 0.69,
116618 2 0.82,
116682 12 0.1,
116721 14 0.85,
116768 8 0.41,
116832 18 0.4,
116838 1 0.36,
116867 0 0.27,
116904 10 0.1,
116922 19 0.82,
116959 19 0.92,
116997 1 0.98,
117041 19 0.88,
117063 18 0.66,
117150 12 0.88,
117150 12 0.7,
117194 17 0.14,
117211 11 0.13,
117300 2 0.57,
117370 8 0.79,
117416 16 0.85,
117416 6 0.3,
117446 0 0.27,
117452 1 0.92,
117531 17 0.28,
117618 5 0.19,
117625 4 0.79,
117636 1 0.76,
117643 5 0.88,
117660 17 0.1,
117664 16 0.09,
117678 2 0.23,
117739 16 0.79,
117762 5 0.76,
117837 16 0.62,
117864 19 0.43,
117935 1 0.55,
118013 0 0.22,
118096 12 0.7,
118152 2 0.53,
118185 1 0.07,
118264 14 0.54,
118313 13 0.17,
118398 6 0.85,
118428 1 0.89,
118455 18 0.03,
118524 5 0.21,
118568 4 0.31,
118645 18 0.66,
118647 16 0.18,
118658 11 0.5,
118685 6 0.11,
118704 3 0.63,
118725 18 0.12,
118750 6 0.51,
118799 15 0.06,
118805 15 0.45,
118880 1 0.03,
118908 7 0.51,
118997 5 0.3,
119056 9 0.03,
119112 3 0.07,
119157 8 0.3,
119218 13 0.69,
119245 12 0.69,
119281 4 0.95,
119329 14 0.04,
119380 7 0.57,
119403 17 0.7,
119406 4 0.42,
119418 12 0.67,
119446 7 0.67,
119476 4 0.55,
119476 5 0.24,
119534 16 0.67,
119546 12 0.08,
119560 15 0.81,
119625 4 0.94,
119712 14 0.49,
119734 1 0.85,
119821 1 0.6,
119839 5 0.54,
119866 0 0.87,
119899 4 0.97,
119976 0 0.61,
119978 18 0.27,
119993 13 0.82,
120041 18 0.18,
120076 19 0.43,
120097 6 0.08,
120126 7 0.46,
120184 15 0.75,
120268 4 0.02,
120330 7 0.39,
120348 4 0.03,
120355 16 0.88,
120423 13 0.03,
120473 15 0.78,
120517 5 0.65,
120531 15 0.63,
120564 12 0.9,
120590 4 0.61,
120650 17 0.26,
120662 4 0.67,
120715 18 0.01,
120785 10 0.04,
120847 4 0.96,
120874 0 0.71,
120885 15 0.12,
120949 18 0.9,
120969 8 0.58,
121039 15 0.18,
121050 14 0.52,
121070 10 0.23,
121085 12 0.86,
121130 10 0.12,
121149 9 0.55,
121182 17 0.84,
121225 16 0.81,
121243 7 0.64,
121303 14 0.51,
121369 19 0.18,
121411 1 0.07,
121455 6 0.42,
121497 12 0.65,
121575 17 0.53,
121629 17 0.06,
121656 17 0.49,
121695 8 0.84,
121749 14 0.23,
121764 10 0.58,
121821 16 1.0,
121880 18 0.31,
121883 17 0.23,
121951 9 0.16,
122028 7 0.4,
122083 16 0.06,
122152 19 0.57,
122216 8 1.0,
122278 14 0.12,
122344 13 0.01,
122390 16 0.47,
122466 1 0.79,
122506 0 0.94,
122559 19 0.23,
122606 5 0.02,
122667 7 0.85,
122693 13 0.91,
122720 5 0.45,
122774 15 0.98,
122787 12 1.0,
122849 18 0.98,
122891 16 0.87,
122938 2 0.43,
122984 11 0.81,
123065 3 0.55,
123118 11 0.34,
123186 6 0.78,
123250 0 0.16,
123307 11 0.32,
123350 15 0.93,
123412 11 0.33,
123451 4 0.03,
123462 9 0.31,
123520 4 1.0,
123524 9 0.07,
123591 11 0.74,
123615 12 0.28,
123682 5 0.5,
123718 6 0.61,
123807 1 1.0,
123855 8 0.22,
123883 13 0.75,
123937 7 0.86,
123957 8 0.53,
124002 3 0.33,
124064 1 0.53,
124073 1 0.15,
124143 9 0.74,
124181 6 0.59,
124215 9 0.44,
124263 11 0.6,
124307 1 0.96,
124323 5 0.76,
124400 2 0.75,
124401 4 0.95,
124481 1 0.15,
124503 13 0.62,
124591 1 0.6,
124611 0 0.03,
124675 13 0.8,
124748 1 0.19,
124751 8 0.73,
124832 8 0.98,
124861 3 0.79,
124901 18 0.82,
124979 8 0.95,
125048 6 0.12,
125073 11 0.39,
125093 4 0.3,
125097 1 0.61,
125173 12 0.87,
125217 15 0.51,
125233 17 0.98,
125283 16 0.25,
125362 18 0.89,
125409 11 0.11,
125430 0 0.09,
125459 17 0.95,
125493 8 0.19,
125530 6 0.66,
125616 3 0.87,
125629 15 0.94,
125703 1 0.31,
125750 10 0.76,
125759 9 0.66,
125796 3 0.87,
125869 15 0.85,
125888 8 0.77,
125907 11 0.01,
125941 18 0.74,
126022 2 0.77,
126087 3 0.18,
126118 12 0.09,
126200 12 0.23,
126226 5 0.96,
126244 2 0.01,
126288 18 0.15,
126314 10 0.34,
126382 0 0.66,
126434 7 0.05,
126448 6 0.14,
126486 1 0.73,
126571 0 0.15,
126611 15 0.7,
126661 9 0.16,
126710 18 0.95,
126744 6 0.02,
126795 6 0.88,
126842 17 0.81,
126898 13 1.0,
126929 1 0.22,
126989 2 0.77,
127057 6 0.72,
127078 10 0.04,
127136 0 0.59,
127171 4 0.64,
127239 13 0.78,
127283 3 0.12,
127363 6 0.45,
127369 5 0.99,
127403 6 0.85,
127468 13 0.8,
127548 5 0.33,
127626 17 0.39,
127637 15 0.57,
127667 19 0.24,
127675 5 0.23,
127680 18 0.2,
127753 1 0.12,
127835 14 0.1,
127882 6 0.49,
127894 4 0.96,
127954 11 0.73,
127959 3 0.04,
128016 19 0.67,
128041 2 0.97,
128116 10 0.27,
128195 12 0.84,
128195 11 0.83,
128204 17 0.57,
128248 14 0.4,
128332 5 0.42,
128410 9 0.21,
128440 6 0.49,
128467 14 0.42,
128552 15 0.17,
128606 8 0.24,
128617 19 0.9,
128622 13 0.26,
128689 17 0.51,
128689 4 0.74,
128692 5 0.49,
128693 13 0.12,
128728 16 0.83,
128791 12 0.38,
128842 19 0.95,
128866 16 0.39,
128870 16 0.87,
128889 8 0.48,
128899 15 0.48,
128948 10 0.03,
128999 9 0.64,
129046 16 0.6,
129097 6 0.78,
129140 4 0.87,
129141 13 0.66,
129178 7 0.62,
129249 3 0.74,
129285 1 0.85,
129293 8 0.85,
129352 18 0.54,
129366 14 0.91,
129413 15 0.93,
129413 6 0.9,
129443 15 0.74,
129492 2 0.8,
129553 5 0.83,
129570 11 0.99,
129644 1 0.11,
129705 5 0.09,
129754 2 0.06,
129832 4 0.33,
129864 6 0.13,
129950 13 0.23,
129965 10 0.01,
130030 1 0.3,
130072 15 0.7,
130085 13 0.5,
130105 10 0.38,
130162 9 0.33,
130162 11 0.87,
130222 17 0.12,
130271 19 0.98,
130280 3 0.9,
130317 10 0.91,
130380 2 0.8,
130430 5 0.21,
130440 15 0.9,
130456 15 0.1,
130504 3 0.58,
130507 17 0.92,
130534 14 0.43,
130586 1 0.98,
130653 17 0.46,
130695 6 0.57,
130730 18 0.87,
130777 10 0.83,
>)