sequence with 100 event types 
(120,269032,
<120 42 0.59,
131 95 0.3,
160 3 0.77,
167 99 0.85,
211 4 0.45,
260 35 0.8,
316 89 0.45,
349 2 0.71,
359 8 0.57,
414 87 0.12,
438 80 0.64,
494 6 0.9,
557 35 0.18,
604 83 0.47,
665 83 0.74,
707 99 0.88,
716 88 0.6,
728 51 0.45,
748 17 0.56,
775 85 0.95,
855 75 0.67,
918 88 0.01,
931 7 0.25,
944 30 0.45,
970 52 0.21,
974 70 0.77,
1001 94 0.71,
1003 85 0.36,
1091 56 0.38,
1128 9 0.05,
1183 67 0.51,
1193 8 0.46,
1257 37 0.04,
1278 2 0.05,
1287 95 0.64,
1373 30 0.4,
1447 67 0.43,
1473 60 0.1,
1554 7 0.35,
1633 85 0.79,
1672 33 0.2,
1746 66 1.0,
1799 73 0.38,
1870 26 0.45,
1900 31 0.49,
1989 97 0.96,
2037 52 0.42,
2090 28 0.65,
2139 89 0.77,
2172 57 0.56,
2193 11 0.38,
2258 52 0.15,
2344 29 0.55,
2347 96 0.71,
2378 15 0.86,
2390 51 0.57,
2405 5 0.1,
2458 44 0.3,
2529 96 0.03,
2599 15 0.36,
2621 31 0.65,
2685 49 0.81,
2741 44 0.08,
2777 21 0.44,
2827 14 0.59,
2856 42 0.79,
2901 29 0.34,
2928 99 0.23,
2992 95 0.13,
3069 6 0.69,
3154 95 0.97,
3187 31 0.48,
3215 91 0.36,
3230 49 0.89,
3300 49 0.64,
3340 12 0.89,
3342 14 0.14,
3361 46 0.62,
3399 66 0.16,
3444 22 0.24,
3462 22 0.89,
3548 95 0.45,
3596 34 0.55,
3613 42 0.26,
3656 39 0.46,
3709 59 0.93,
3734 26 0.17,
3767 3 0.86,
3801 42 0.46,
3827 41 0.09,
3886 4 0.74,
3906 53 0.25,
3911 15 0.69,
3999 67 0.83,
4059 18 0.3,
4130 88 0.38,
4196 5 0.14,
4234 27 0.96,
4272 49 0.93,
4319 81 0.3,
4383 89 0.62,
4430 21 0.36,
4469 32 0.83,
4525 60 0.7,
4593 53 0.55,
4625 62 0.61,
4703 47 0.33,
4765 35 0.89,
4819 86 0.18,
4885 40 0.25,
4896 65 0.93,
4914 21 0.51,
4931 8 0.65,
4941 89 0.3,
4960 59 0.52,
4989 91 0.63,
5021 65 0.26,
5069 97 0.72,
5092 21 0.16,
5095 98 0.34,
5116 79 0.25,
5144 92 0.65,
5149 98 0.27,
5229 32 0.96,
5295 6 0.38,
5300 58 0.53,
5304 15 0.52,
5304 7 0.45,
5327 81 0.14,
5379 3 0.15,
5458 18 0.96,
5540 90 0.69,
5554 71 0.01,
5561 21 0.69,
5631 87 0.48,
5685 97 0.38,
5696 1 0.88,
5743 45 0.09,
5747 79 0.62,
5797 84 0.76,
5882 53 0.97,
5945 29 0.77,
6001 32 0.54,
6057 23 0.08,
6113 51 0.64,
6123 7 0.97,
6149 67 0.62,
6215 51 0.02,
6247 11 0.14,
6306 41 0.7,
6361 15 0.97,
6399 34 0.32,
6464 0 0.83,
6545 46 0.29,
6593 81 0.57,
6638 26 0.91,
6704 44 0.62,
6716 89 0.45,
6718 21 0.97,
6786 57 0.56,
6822 75 0.15,
6850 56 0.46,
6890 28 0.07,
6910 21 0.41,
6928 61 0.84,
6955 55 0.03,
6999 47 0.55,
7059 9 0.39,
7105 72 0.45,
7184 48 0.09,
7269 68 0.26,
7344 89 0.48,
7429 33 0.42,
7496 46 0.58,
7534 59 0.5,
7539 2 0.6,
7620 17 0.58,
7649 40 0.95,
7723 17 0.26,
7744 0 0.97,
7821 63 0.7,
7862 48 0.72,
7926 52 0.49,
8002 89 0.07,
8050 60 0.95,
8113 34 0.41,
8200 86 0.14,
8241 38 0.76,
8253 83 0.24,
8279 95 0.22,
8339 99 0.21,
8420 68 0.21,
8471 9 0.6,
8482 56 0.09,
8571 28 0.86,
8609 19 0.46,
8623 78 0.82,
8696 75 0.71,
8771 62 0.95,
8777 67 0.82,
8827 24 0.95,
8883 53 0.03,
8903 13 0.31,
8924 80 0.1,
8977 90 0.53,
8981 59 0.1,
9065 16 0.06,
9154 53 0.27,
9175 29 0.64,
9210 0 0.59,
9234 41 0.47,
9255 78 0.51,
9321 57 0.19,
9377 42 0.75,
9396 8 0.28,
9455 47 0.56,
9498 20 0.95,
9525 48 1.0,
9590 1 0.32,
9642 16 0.36,
9681 88 0.07,
9694 2 0.73,
9778 31 0.78,
9853 39 0.71,
9897 64 0.81,
9936 15 0.18,
10001 90 0.96,
10074 82 0.12,
10077 73 0.67,
10165 42 0.6,
10233 19 0.4,
10291 31 0.33,
10326 31 0.46,
10339 14 0.19,
10370 75 0.03,
10433 58 0.36,
10466 95 0.09,
10524 64 0.56,
10543 66 0.56,
10556 55 0.56,
10598 96 0.09,
10665 50 0.6,
10676 67 0.59,
10719 42 0.06,
10774 70 0.15,
10824 81 0.98,
10877 30 0.7,
10937 46 0.6,
10940 98 0.17,
11027 47 0.48,
11038 18 0.83,
11050 91 0.02,
11096 53 0.36,
11169 75 0.59,
11256 88 0.18,
11269 57 0.49,
11325 64 0.28,
11382 81 0.9,
11415 83 0.38,
11441 73 0.5,
11476 77 0.4,
11500 59 0.81,
11588 42 0.2,
11658 62 0.93,
11732 4 0.58,
11768 27 0.1,
11824 99 0.03,
11832 0 0.5,
11911 5 0.68,
11916 89 0.09,
11998 85 0.97,
12063 71 0.29,
12069 59 0.28,
12101 49 0.71,
12168 60 0.21,
12254 52 0.59,
12276 33 0.13,
12311 48 0.2,
12397 97 0.24,
12456 54 0.15,
12477 57 0.76,
12546 90 0.66,
12552 12 0.54,
12555 42 0.98,
12638 56 0.34,
12651 91 0.78,
12716 19 0.08,
12765 60 0.81,
12837 89 0.18,
12881 47 0.8,
12944 86 0.13,
13030 75 0.3,
13066 82 0.66,
13129 19 0.71,
13169 11 0.24,
13228 59 0.91,
13306 31 0.69,
13364 29 0.21,
13414 43 0.7,
13417 86 0.44,
13483 81 0.92,
13488 31 0.03,
13532 22 0.72,
13618 58 0.87,
13660 71 0.66,
13721 33 0.68,
13766 96 0.47,
13771 78 0.09,
13797 74 0.81,
13798 67 0.42,
13887 7 0.22,
13915 69 0.85,
13984 4 0.54,
14061 93 0.08,
14063 43 0.52,
14098 88 0.13,
14131 20 0.13,
14142 33 0.62,
14212 68 0.7,
14300 15 0.59,
14314 11 0.15,
14378 90 0.41,
14404 20 0.09,
14485 54 0.93,
14499 43 0.46,
14559 87 0.2,
14644 17 0.24,
14707 22 0.02,
14748 48 0.62,
14773 12 0.76,
14805 48 0.88,
14808 51 0.05,
14871 13 0.96,
14941 19 0.48,
15002 79 0.79,
15084 17 0.77,
15135 93 0.3,
15216 12 0.51,
15227 55 0.48,
15234 33 0.17,
15248 83 0.27,
15295 45 0.78,
15323 84 0.63,
15343 37 0.94,
15369 26 0.27,
15455 12 0.5,
15470 82 0.34,
15490 1 0.02,
15535 20 0.84,
15589 18 0.96,
15630 18 0.57,
15639 21 0.59,
15666 60 0.31,
15741 36 0.06,
15780 4 0.04,
15804 61 0.72,
15824 6 0.09,
15904 3 0.14,
15905 29 0.24,
15930 35 0.96,
15967 33 0.43,
15973 70 0.98,
16041 25 0.76,
16121 63 0.85,
16124 88 0.2,
16127 93 0.12,
16146 12 1.0,
16186 56 0.37,
16234 18 0.46,
16273 98 0.89,
16304 40 0.07,
16380 35 0.04,
16408 0 0.54,
16486 39 0.6,
16568 18 0.29,
16594 9 0.25,
16601 45 0.1,
16622 47 0.7,
16694 59 0.59,
16737 45 0.07,
16815 98 0.93,
16839 40 0.57,
16849 57 0.45,
16926 44 0.77,
16991 9 0.54,
17020 44 0.99,
17063 38 0.08,
17113 49 0.53,
17160 61 0.28,
17226 13 0.2,
17233 96 0.4,
17297 83 0.05,
17355 20 0.52,
17407 68 0.46,
17415 71 0.02,
17439 24 0.79,
17454 66 0.32,
17536 19 0.26,
17600 63 0.58,
17651 86 0.9,
17724 25 0.5,
17781 53 0.94,
17846 27 0.76,
17908 87 0.67,
17962 35 0.43,
18025 44 0.84,
18114 23 0.18,
18142 11 0.57,
18217 97 0.26,
18242 77 0.51,
18249 45 0.69,
18273 42 0.06,
18294 13 0.84,
18366 47 0.87,
18432 71 0.52,
18471 67 0.95,
18509 85 0.99,
18593 25 0.68,
18618 14 0.21,
18638 23 0.53,
18666 22 0.67,
18729 19 0.76,
18808 69 0.97,
18850 81 0.19,
18912 50 0.95,
18983 37 0.83,
19031 4 0.31,
19086 99 0.41,
19135 95 0.48,
19186 24 0.15,
19275 16 0.01,
19359 34 0.74,
19403 51 0.07,
19474 70 0.18,
19546 29 0.97,
19600 84 0.16,
19606 3 0.55,
19656 14 0.66,
19743 23 0.15,
19813 43 0.23,
19886 43 0.03,
19929 14 0.08,
20009 48 0.89,
20044 62 0.88,
20047 10 0.85,
20080 32 0.85,
20152 60 0.83,
20186 77 0.7,
20267 9 0.87,
20295 75 0.47,
20374 43 0.16,
20413 5 0.22,
20465 24 0.43,
20481 58 0.22,
20486 51 0.59,
20542 44 0.07,
20574 35 0.04,
20580 94 0.65,
20647 32 0.83,
20667 65 0.18,
20739 45 0.85,
20769 52 0.58,
20811 71 0.09,
20867 93 0.92,
20932 91 0.44,
20965 66 0.7,
21006 98 0.52,
21071 52 0.49,
21141 96 0.64,
21159 98 0.3,
21225 67 0.73,
21228 2 0.9,
21243 94 0.97,
21285 89 0.41,
21292 46 0.6,
21296 35 0.47,
21310 20 0.18,
21335 63 0.28,
21366 78 0.98,
21371 62 0.47,
21393 58 0.46,
21469 41 0.37,
21525 19 0.52,
21541 37 0.75,
21595 61 0.26,
21640 11 0.48,
21650 66 0.73,
21703 68 0.64,
21774 52 0.18,
21802 82 0.56,
21856 38 0.31,
21920 94 0.12,
21928 63 0.31,
21931 54 0.64,
22010 57 0.23,
22025 85 0.9,
22082 24 0.21,
22126 13 0.69,
22171 39 0.35,
22258 2 0.39,
22270 69 0.12,
22298 14 0.27,
22314 58 0.29,
22365 36 0.7,
22415 72 0.35,
22415 54 0.14,
22489 32 0.9,
22567 96 0.12,
22654 80 0.38,
22655 25 0.1,
22680 7 0.09,
22703 49 0.99,
22753 50 0.39,
22826 10 0.17,
22853 97 0.07,
22902 97 0.46,
22964 28 0.5,
22978 26 0.7,
23028 64 0.52,
23036 44 0.77,
23091 61 0.95,
23125 47 0.71,
23149 94 0.15,
23198 47 0.61,
23268 62 0.49,
23317 95 0.81,
23336 54 0.04,
23412 53 0.59,
23436 64 0.17,
23493 90 0.14,
23544 58 0.49,
23632 17 0.51,
23649 56 0.89,
23679 30 0.62,
23768 20 0.45,
23824 15 0.49,
23911 89 0.87,
23997 17 0.6,
24029 93 0.34,
24040 44 0.89,
24087 81 0.95,
24117 96 0.15,
24118 42 0.97,
24130 56 0.88,
24191 61 0.14,
24252 18 0.77,
24311 2 0.38,
24338 46 0.7,
24373 7 0.59,
24403 75 0.27,
24423 38 0.7,
24455 93 0.21,
24496 53 0.43,
24564 24 0.39,
24611 4 0.81,
24697 9 0.58,
24719 27 0.95,
24779 88 0.25,
24867 51 0.16,
24885 85 0.57,
24970 30 0.45,
25032 52 0.78,
25053 33 0.28,
25085 55 0.87,
25128 10 0.36,
25188 89 0.65,
25243 79 0.66,
25247 26 0.49,
25322 53 0.63,
25382 0 0.02,
25462 13 0.99,
25488 37 0.36,
25497 37 0.17,
25570 42 0.07,
25592 10 0.6,
25621 73 0.58,
25623 56 0.85,
25690 92 0.79,
25705 62 0.68,
25768 2 0.82,
25827 68 0.78,
25890 30 0.11,
25893 76 0.91,
25949 30 0.83,
26009 12 0.78,
26053 65 0.96,
26078 63 0.51,
26083 38 0.79,
26093 53 0.74,
26106 58 0.41,
26162 26 0.3,
26238 49 0.66,
26303 51 0.95,
26312 38 0.33,
26344 7 0.86,
26346 90 0.51,
26423 74 0.81,
26511 46 0.75,
26566 77 0.11,
26599 6 0.08,
26636 1 0.33,
26674 18 0.15,
26742 98 0.69,
26809 1 0.67,
26897 84 0.26,
26939 42 0.53,
26948 14 0.78,
26982 65 0.48,
27051 59 0.32,
27054 13 0.42,
27143 67 0.96,
27192 31 0.52,
27240 94 0.99,
27275 72 0.1,
27347 34 0.17,
27420 48 0.05,
27446 15 0.11,
27475 76 0.98,
27513 50 0.11,
27533 41 0.51,
27582 98 0.09,
27585 24 0.77,
27609 49 0.58,
27650 67 0.66,
27674 90 0.92,
27713 93 0.94,
27778 12 0.87,
27867 62 0.4,
27932 62 0.88,
28014 37 0.52,
28026 8 0.87,
28041 85 0.86,
28072 53 0.74,
28100 87 0.97,
28179 26 0.62,
28247 75 0.65,
28281 4 0.71,
28351 33 0.64,
28389 0 0.08,
28428 6 0.29,
28455 34 0.28,
28484 2 0.46,
28506 49 0.27,
28552 71 0.35,
28636 39 0.05,
28659 14 0.9,
28697 32 0.69,
28745 30 0.51,
28770 47 0.51,
28786 90 0.61,
28861 38 0.32,
28927 79 0.31,
29010 76 0.41,
29034 10 0.97,
29090 11 0.11,
29095 3 0.35,
29171 92 0.96,
29176 17 0.93,
29255 8 0.47,
29274 69 0.66,
29319 85 0.41,
29405 67 0.14,
29464 77 0.24,
29521 59 0.04,
29567 94 0.38,
29586 55 0.77,
29625 27 0.1,
29695 74 0.38,
29768 66 0.94,
29845 85 0.61,
29878 46 0.08,
29885 34 0.68,
29960 99 0.91,
30010 34 0.75,
30052 93 0.41,
30111 79 0.57,
30174 1 0.09,
30214 57 0.89,
30238 81 0.8,
30264 89 0.08,
30353 44 0.45,
30421 63 0.32,
30485 38 0.06,
30537 92 0.2,
30602 57 0.56,
30646 81 0.08,
30668 83 0.78,
30722 86 0.79,
30775 60 0.04,
30787 46 0.77,
30813 60 0.52,
30889 70 0.92,
30916 81 0.51,
30968 30 0.03,
30977 85 0.42,
31016 96 0.94,
31031 81 0.54,
31046 64 0.38,
31117 82 0.57,
31201 76 0.93,
31245 3 0.1,
31323 96 0.76,
31345 82 0.76,
31392 28 0.21,
31422 68 0.64,
31461 79 0.67,
31494 65 0.69,
31522 0 0.13,
31605 29 0.23,
31614 70 0.47,
31689 27 0.26,
31772 26 0.02,
31851 65 0.31,
31898 88 0.72,
31910 56 0.15,
31970 52 0.02,
32027 9 0.3,
32038 1 0.16,
32127 91 0.35,
32187 49 0.79,
32197 54 0.03,
32276 47 0.24,
32337 29 0.08,
32394 19 0.02,
32470 90 0.82,
32525 45 0.68,
32527 44 0.37,
32598 51 0.86,
32621 72 0.42,
32696 24 0.76,
32755 48 0.95,
32821 41 0.27,
32836 5 0.25,
32910 18 0.62,
32966 31 0.22,
32967 17 0.42,
33032 5 0.13,
33058 60 0.04,
33133 76 0.09,
33140 64 0.99,
33189 49 0.53,
33225 94 0.51,
33281 30 0.76,
33314 16 0.45,
33361 83 0.23,
33436 47 0.78,
33510 91 0.21,
33522 42 0.98,
33606 52 0.07,
33667 19 0.11,
33730 21 0.74,
33781 99 0.73,
33799 18 0.24,
33801 48 0.97,
33858 93 0.13,
33914 25 0.94,
33978 39 0.08,
34058 29 0.79,
34072 9 0.95,
34147 24 0.18,
34147 83 0.62,
34179 26 0.72,
34229 14 0.13,
34239 49 0.59,
34247 43 0.69,
34284 1 0.45,
34340 77 0.65,
34383 7 0.24,
34402 20 0.6,
34419 46 0.21,
34430 59 0.59,
34445 4 0.67,
34455 18 0.14,
34530 68 0.15,
34557 57 0.67,
34612 23 0.05,
34685 4 0.23,
34718 73 0.18,
34740 40 0.85,
34743 53 0.57,
34757 45 0.94,
34790 80 0.68,
34805 51 0.66,
34859 6 0.51,
34944 28 0.37,
34992 86 0.11,
35037 93 0.55,
35045 35 0.96,
35112 58 0.96,
35127 83 0.67,
35145 40 0.27,
35162 27 0.61,
35236 73 0.89,
35271 71 0.99,
35313 74 0.78,
35373 64 0.71,
35397 18 0.6,
35425 66 0.84,
35472 54 0.44,
35511 41 0.64,
35514 75 0.27,
35538 61 0.39,
35578 79 0.76,
35665 8 0.06,
35749 0 0.73,
35811 85 0.75,
35821 7 0.05,
35900 35 0.01,
35937 13 0.49,
36008 48 0.01,
36087 43 0.05,
36099 20 0.65,
36183 94 0.89,
36267 58 0.82,
36301 5 0.37,
36350 29 0.87,
36435 69 0.65,
36491 84 0.31,
36534 3 0.33,
36599 44 0.06,
36667 23 0.06,
36688 13 0.8,
36763 89 0.38,
36838 89 0.86,
36870 43 0.01,
36903 29 0.5,
36972 28 0.37,
36985 24 0.87,
36985 27 0.88,
37038 8 0.73,
37093 69 0.74,
37108 74 0.51,
37138 25 0.23,
37170 26 0.21,
37225 67 0.65,
37300 84 0.44,
37329 74 0.18,
37404 71 0.16,
37448 60 0.88,
37461 25 0.23,
37510 37 0.97,
37575 25 0.67,
37647 45 0.86,
37654 64 0.83,
37668 89 0.3,
37730 19 0.25,
37814 29 0.77,
37859 48 0.89,
37941 30 0.24,
38028 51 0.94,
38028 23 0.08,
38033 24 0.63,
38074 19 0.28,
38101 64 0.79,
38101 7 0.12,
38115 73 0.39,
38192 74 0.06,
38200 17 0.88,
38238 13 0.47,
38257 56 0.68,
38312 63 0.29,
38346 9 0.54,
38366 37 0.05,
38374 84 0.78,
38403 78 0.36,
38481 21 0.65,
38486 76 0.85,
38500 60 0.78,
38518 53 0.54,
38585 86 0.24,
38673 52 0.61,
38747 39 0.77,
38827 47 0.24,
38904 66 0.98,
38945 83 0.27,
39017 77 0.03,
39048 59 0.63,
39124 3 0.2,
39193 2 0.73,
39273 43 0.73,
39312 35 0.88,
39331 8 0.56,
39362 5 0.7,
39378 88 0.38,
39441 31 0.33,
39499 96 0.42,
39533 87 0.24,
39564 35 0.55,
39635 76 0.88,
39680 12 0.27,
39715 48 0.3,
39753 18 0.36,
39795 37 0.8,
39875 95 0.63,
39887 55 0.23,
39925 96 0.86,
39988 85 0.71,
40063 71 0.04,
40072 64 0.83,
40134 5 0.29,
40218 49 0.12,
40285 57 0.58,
40321 68 0.91,
40389 4 0.56,
40470 68 0.54,
40502 17 0.64,
40570 5 0.39,
40576 23 0.4,
40600 58 0.51,
40613 36 0.56,
40623 59 0.65,
40686 77 0.67,
40774 91 0.75,
40835 39 0.64,
40880 91 0.42,
40938 70 0.49,
41015 61 0.52,
41061 66 0.08,
41083 16 0.8,
41166 86 0.84,
41225 78 0.72,
41288 79 0.33,
41316 14 0.49,
41361 58 0.23,
41382 27 0.21,
41434 0 0.98,
41445 88 0.67,
41455 44 0.22,
41484 50 0.93,
41516 62 0.46,
41555 1 0.6,
41565 69 0.24,
41596 40 0.01,
41642 31 0.49,
41659 73 0.65,
41695 72 0.36,
41711 29 0.17,
41768 0 0.86,
41796 2 0.9,
41833 59 0.37,
41909 77 0.9,
41966 65 0.15,
42032 50 0.25,
42041 21 0.36,
42064 60 0.67,
42094 66 0.51,
42117 88 0.97,
42178 33 0.04,
42228 67 0.87,
42250 52 0.36,
42286 69 0.78,
42346 4 0.55,
42357 27 0.29,
42387 26 0.56,
42428 58 0.13,
42501 10 0.45,
42533 44 0.01,
42588 73 0.12,
42656 89 0.73,
42742 46 0.32,
42751 70 0.08,
42762 78 0.32,
42838 5 0.5,
42908 63 0.95,
42916 79 0.72,
42998 49 0.31,
43008 52 0.15,
43037 73 0.93,
43061 29 0.02,
43075 33 0.28,
43081 81 0.64,
43102 98 0.05,
43126 75 0.61,
43193 16 0.27,
43223 19 0.72,
43237 94 0.36,
43299 61 0.47,
43306 51 0.6,
43364 62 0.09,
43417 7 0.7,
43472 30 0.35,
43533 87 0.91,
43580 14 0.02,
43636 47 0.55,
43668 20 0.88,
43669 91 0.75,
43747 15 0.09,
43760 6 0.98,
43838 32 0.54,
43886 91 0.35,
43938 43 0.45,
43940 12 0.75,
43955 95 0.68,
43984 63 0.17,
44001 95 0.35,
44081 48 0.16,
44101 22 0.1,
44182 55 0.82,
44192 90 0.75,
44275 7 0.53,
44332 31 0.43,
44392 74 0.08,
44396 43 0.6,
44413 76 0.81,
44448 37 0.05,
44509 82 0.55,
44538 7 0.94,
44616 29 0.86,
44636 97 0.66,
44653 18 0.89,
44694 57 0.24,
44739 41 0.63,
44761 43 0.5,
44829 34 0.62,
44886 51 0.27,
44932 9 0.39,
44991 66 0.89,
45011 46 0.86,
45086 60 0.5,
45146 14 0.83,
45177 93 0.28,
45203 14 0.11,
45234 31 0.49,
45264 75 0.58,
45292 15 0.93,
45361 12 0.86,
45424 77 0.76,
45487 60 0.49,
45573 77 0.54,
45652 24 0.05,
45696 67 0.51,
45728 55 0.57,
45803 80 0.27,
45859 91 0.46,
45898 6 0.02,
45970 60 0.18,
46002 63 0.2,
46081 32 0.95,
46146 82 0.12,
46187 71 0.75,
46221 1 0.27,
46227 9 0.65,
46244 43 0.59,
46264 93 0.65,
46308 26 0.16,
46349 67 0.92,
46429 70 0.62,
46452 92 0.6,
46473 58 0.51,
46500 28 0.97,
46545 87 0.57,
46566 6 0.54,
46584 26 0.52,
46616 53 0.75,
46675 21 0.3,
46740 43 0.06,
46795 75 0.26,
46812 81 0.82,
46848 51 0.75,
46861 53 0.32,
46933 88 0.38,
46951 15 0.3,
46976 82 0.2,
47049 14 0.59,
47053 47 0.27,
47128 57 0.23,
47206 41 0.85,
47236 75 0.9,
47277 75 0.89,
47363 44 0.15,
47401 94 0.6,
47483 90 0.84,
47532 14 0.08,
47549 57 0.38,
47559 82 0.22,
47603 33 0.67,
47682 68 0.59,
47764 98 0.48,
47820 42 0.15,
47901 3 0.29,
47935 87 0.66,
48003 99 0.6,
48083 8 0.63,
48154 46 0.91,
48171 7 0.22,
48190 69 0.4,
48261 91 0.62,
48262 84 0.44,
48294 12 0.12,
48374 30 0.67,
48456 43 0.6,
48513 74 0.77,
48590 33 0.6,
48669 48 0.29,
48751 2 0.64,
48836 60 0.48,
48904 99 0.62,
48939 67 0.75,
48940 35 0.37,
49023 52 0.32,
49052 50 0.24,
49118 67 0.05,
49173 55 0.9,
49242 26 0.39,
49284 82 0.94,
49320 86 0.06,
49379 29 0.63,
49414 81 0.37,
49455 95 0.74,
49527 10 0.03,
49578 23 0.75,
49636 83 0.97,
49709 70 0.25,
49782 25 0.23,
49782 83 0.42,
49804 6 1.0,
49815 80 0.12,
49823 97 0.18,
49894 63 0.1,
49932 28 0.18,
49953 15 0.95,
50008 80 0.1,
50043 63 0.93,
50050 54 0.05,
50083 54 0.75,
50142 11 0.78,
50150 34 0.12,
50202 34 0.89,
50273 92 0.79,
50349 85 0.07,
50378 79 0.15,
50462 12 0.02,
50483 80 0.43,
50532 8 0.6,
50577 44 0.07,
50585 57 0.88,
50593 84 0.47,
50624 36 0.57,
50628 46 0.44,
50631 62 0.11,
50713 54 0.79,
50802 26 0.48,
50843 95 0.31,
50861 52 0.62,
50882 6 0.59,
50900 86 0.09,
50924 65 0.62,
50958 3 0.34,
51040 82 0.09,
51116 90 0.64,
51186 78 0.31,
51206 98 0.29,
51269 13 0.52,
51322 3 0.89,
51394 88 0.11,
51417 32 0.94,
51469 8 0.12,
51490 87 0.23,
51576 24 0.2,
51641 53 0.96,
51682 89 0.63,
51738 13 0.34,
51751 87 0.18,
51807 61 0.6,
51879 58 0.69,
51955 38 0.88,
51980 34 0.24,
52053 89 0.01,
52105 80 0.95,
52126 19 0.45,
52137 51 0.36,
52182 90 0.08,
52184 34 0.99,
52221 2 0.36,
52284 26 0.08,
52321 83 0.03,
52339 55 0.13,
52359 2 0.17,
52381 85 0.62,
52389 67 0.42,
52465 89 0.78,
52486 97 0.46,
52535 83 0.9,
52592 67 0.98,
52654 91 0.39,
52743 41 0.33,
52780 70 0.77,
52813 2 0.67,
52882 51 0.18,
52956 9 0.83,
53000 83 0.73,
53067 50 0.29,
53075 1 0.68,
53139 83 0.47,
53226 28 0.28,
53314 25 0.87,
53389 85 0.55,
53392 30 0.38,
53422 50 0.44,
53443 81 0.99,
53495 86 0.43,
53568 87 0.88,
53611 88 0.46,
53612 80 0.76,
53647 4 0.71,
53667 42 0.35,
53711 54 0.28,
53715 7 0.37,
53738 52 0.42,
53739 0 0.52,
53788 45 0.61,
53876 28 0.44,
53880 85 0.46,
53908 55 0.34,
53947 48 0.04,
54036 35 0.58,
54078 22 0.71,
54119 36 0.76,
54164 68 0.74,
54235 82 0.9,
54286 34 0.24,
54366 37 0.77,
54381 30 0.05,
54460 29 0.07,
54528 63 0.79,
54578 81 0.03,
54582 97 0.79,
54657 93 0.16,
54700 4 0.3,
54748 16 0.58,
54809 46 0.67,
54884 79 0.02,
54957 76 0.18,
55009 39 0.84,
55086 21 0.57,
55123 77 0.57,
55155 80 0.69,
55172 40 0.24,
55175 98 0.04,
55260 27 0.02,
55280 27 0.3,
55289 84 0.77,
55376 50 0.81,
55377 33 0.27,
55399 64 0.15,
55415 14 0.24,
55445 13 0.15,
55457 38 0.62,
55536 34 0.27,
55623 96 0.44,
55659 7 0.09,
55678 9 0.02,
55728 34 0.42,
55740 63 0.69,
55811 68 0.56,
55890 58 0.62,
55910 21 0.91,
55931 86 0.41,
55942 96 0.48,
55968 4 0.95,
56018 64 0.77,
56025 76 0.77,
56088 10 0.22,
56110 91 0.09,
56183 2 0.3,
56209 42 0.61,
56272 55 0.08,
56344 17 0.79,
56362 15 0.68,
56390 43 1.0,
56397 97 0.45,
56426 77 0.64,
56504 70 0.38,
56526 52 0.92,
56526 59 0.04,
56575 85 0.69,
56648 47 0.96,
56728 86 0.79,
56738 49 0.81,
56746 78 0.29,
56807 94 0.72,
56896 88 0.63,
56956 57 0.51,
57035 63 0.74,
57043 8 0.75,
57117 40 0.5,
57183 85 0.43,
57189 79 0.03,
57205 52 0.24,
57285 45 0.21,
57334 58 0.67,
57361 41 0.7,
57386 97 0.28,
57417 46 0.08,
57426 95 0.27,
57477 73 0.98,
57565 50 0.62,
57629 85 0.52,
57638 80 0.89,
57681 10 0.74,
57733 14 0.17,
57798 47 0.18,
57859 67 0.03,
57894 90 0.5,
57955 10 0.74,
57991 22 0.34,
58030 59 0.51,
58082 7 0.9,
58170 32 0.75,
58231 14 0.97,
58241 52 0.95,
58326 74 0.01,
58346 24 0.11,
58420 42 0.92,
58479 48 0.89,
58500 11 0.84,
58527 69 0.7,
58552 36 0.28,
58576 73 0.66,
58620 42 0.16,
58685 11 0.47,
58721 63 0.91,
58772 76 0.7,
58820 64 1.0,
58825 33 0.92,
58893 53 0.83,
58904 74 0.64,
58988 56 0.5,
59068 10 0.88,
59117 54 0.85,
59191 45 0.61,
59208 48 0.18,
59228 74 0.47,
59304 12 0.51,
59326 88 0.29,
59340 99 0.07,
59344 17 0.89,
59352 91 0.09,
59380 67 0.84,
59405 33 0.2,
59439 64 0.95,
59477 72 0.06,
59482 65 0.34,
59483 49 0.39,
59521 34 0.7,
59535 98 0.87,
59552 93 0.19,
59609 78 0.24,
59656 90 0.77,
59710 11 0.64,
59731 78 0.26,
59769 69 0.79,
59777 94 0.48,
59804 24 0.79,
59879 73 0.55,
59930 59 0.9,
59989 32 0.03,
60039 75 0.07,
60127 15 0.93,
60147 79 0.06,
60218 80 0.09,
60283 33 0.11,
60351 46 0.07,
60392 38 1.0,
60474 51 0.03,
60542 99 0.81,
60614 17 0.65,
60666 63 0.83,
60715 38 0.97,
60796 16 0.45,
60809 59 0.37,
60870 20 0.03,
60939 33 0.74,
60968 90 0.83,
60977 12 0.22,
61000 29 0.31,
61076 88 0.93,
61076 65 0.79,
61130 55 0.54,
61174 46 0.31,
61242 34 0.48,
61309 22 0.13,
61395 75 0.82,
61401 41 0.12,
61457 38 0.07,
61542 36 0.04,
61568 90 0.79,
61582 17 0.51,
61635 43 0.91,
61648 25 0.39,
61701 92 0.81,
61711 65 0.37,
61748 86 0.2,
61825 26 0.47,
61869 55 0.02,
61904 65 0.17,
61959 51 0.98,
62035 45 0.06,
62077 19 0.56,
62153 11 0.35,
62205 54 0.25,
62232 24 0.65,
62257 18 0.67,
62321 93 0.17,
62326 93 0.32,
62404 95 0.96,
62418 71 0.31,
62501 79 0.33,
62515 89 0.71,
62583 8 0.88,
62666 24 0.56,
62715 69 0.36,
62765 3 0.51,
62832 53 0.03,
62864 64 0.27,
62911 8 0.42,
62999 35 0.11,
63083 0 0.22,
63094 99 0.7,
63181 35 0.88,
63248 89 0.87,
63306 66 0.98,
63354 10 0.55,
63390 8 0.51,
63394 36 0.97,
63480 13 0.49,
63493 58 0.12,
63538 67 0.83,
63625 44 0.91,
63685 44 0.85,
63713 35 0.89,
63714 24 0.63,
63732 54 0.78,
63794 39 0.96,
63849 14 0.35,
63889 4 0.21,
63941 14 0.63,
63943 88 0.74,
63991 64 0.96,
64033 55 0.35,
64104 94 0.96,
64156 63 0.56,
64196 25 0.02,
64234 24 0.49,
64241 18 0.15,
64264 68 0.36,
64297 93 0.82,
64297 27 0.05,
64355 76 0.85,
64424 4 0.86,
64439 40 0.74,
64471 44 0.12,
64492 77 0.41,
64558 38 0.97,
64580 61 0.94,
64623 94 0.17,
64690 95 0.16,
64731 22 0.08,
64783 29 0.19,
64783 51 0.78,
64871 2 0.96,
64883 72 0.92,
64912 61 0.55,
64987 25 0.66,
65009 48 0.4,
65069 43 0.92,
65116 3 0.1,
65170 24 0.33,
65219 48 0.14,
65281 43 1.0,
65342 73 0.58,
65402 82 0.47,
65478 48 0.37,
65565 77 0.06,
65601 55 0.63,
65644 82 0.62,
65680 22 0.97,
65705 88 0.09,
65757 11 0.3,
65785 21 0.61,
65843 23 0.53,
65916 43 0.42,
65952 91 0.14,
66003 60 0.71,
66057 31 0.75,
66122 26 0.94,
66167 5 0.24,
66180 44 0.15,
66265 81 0.89,
66304 33 0.74,
66363 25 0.61,
66375 24 0.14,
66459 73 0.12,
66539 24 0.11,
66599 62 0.38,
66676 10 0.26,
66735 98 0.94,
66791 56 0.93,
66794 53 0.96,
66817 61 0.26,
66895 29 0.99,
66934 26 0.31,
66965 84 0.41,
66973 68 0.15,
66996 51 0.42,
67057 67 0.24,
67145 36 0.15,
67219 0 0.79,
67225 11 0.75,
67245 97 0.67,
67259 33 0.59,
67310 69 0.4,
67353 0 0.15,
67389 65 0.4,
67455 51 0.89,
67461 64 0.17,
67470 50 0.57,
67549 40 0.78,
67560 70 0.59,
67615 80 0.15,
67632 94 0.31,
67638 98 0.01,
67723 5 0.15,
67809 51 0.25,
67864 61 0.77,
67946 79 0.42,
67970 7 0.28,
68036 94 0.16,
68043 70 0.65,
68087 42 0.96,
68109 99 0.89,
68192 93 0.49,
68203 96 0.38,
68237 43 0.38,
68318 54 0.39,
68380 25 0.59,
68399 40 0.64,
68468 12 0.74,
68518 98 0.81,
68577 45 0.69,
68664 81 0.65,
68677 71 0.77,
68761 48 0.46,
68774 18 0.14,
68811 9 0.65,
68841 35 0.77,
68853 56 0.85,
68868 1 0.85,
68906 97 0.99,
68908 26 0.73,
68989 89 0.55,
69063 20 0.78,
69081 64 0.49,
69117 0 0.17,
69165 74 0.83,
69184 38 0.85,
69252 49 0.47,
69292 96 0.43,
69339 32 0.59,
69418 86 0.29,
69486 16 0.94,
69560 45 0.63,
69562 13 0.5,
69625 39 0.79,
69696 35 0.16,
69738 14 0.79,
69820 3 0.36,
69888 28 0.37,
69960 5 0.16,
70049 63 0.26,
70067 92 0.79,
70140 41 0.46,
70172 9 0.67,
70196 29 0.28,
70276 34 0.48,
70358 14 0.91,
70439 81 0.17,
70483 36 0.62,
70559 20 0.17,
70641 10 0.11,
70689 3 0.78,
70719 3 0.68,
70798 48 0.89,
70883 93 0.82,
70901 25 0.56,
70929 20 0.26,
70943 57 0.26,
70991 43 0.49,
71056 36 0.04,
71068 28 0.91,
71099 23 0.73,
71119 90 0.43,
71169 84 0.33,
71174 40 0.48,
71256 14 0.15,
71333 46 0.92,
71409 56 0.69,
71489 72 0.92,
71576 29 0.57,
71580 98 0.34,
71667 27 0.48,
71705 84 0.2,
71743 16 0.18,
71796 38 0.75,
71812 60 0.3,
71877 15 0.55,
71942 13 0.37,
72004 71 0.35,
72037 39 0.66,
72106 85 0.06,
72107 94 0.98,
72126 74 0.63,
72198 3 0.94,
72235 21 0.78,
72300 68 0.7,
72315 85 0.73,
72347 18 0.12,
72414 43 0.24,
72464 92 0.02,
72544 7 0.25,
72585 6 0.88,
72619 60 0.67,
72659 27 0.06,
72696 24 0.95,
72731 46 0.67,
72740 21 0.49,
72770 87 0.22,
72817 4 0.63,
72854 87 0.99,
72922 81 0.1,
72990 52 0.29,
73006 2 0.75,
73059 36 0.45,
73082 13 0.46,
73093 76 0.04,
73165 7 0.01,
73225 6 0.43,
73280 1 0.91,
73349 17 0.44,
73437 52 0.12,
73447 91 0.71,
73471 78 0.39,
73510 62 0.26,
73527 0 0.01,
73561 99 0.34,
73619 48 0.18,
73663 11 0.71,
73729 6 0.41,
73788 13 0.87,
73806 84 0.5,
73818 49 0.45,
73842 12 0.59,
73900 13 0.45,
73902 80 0.73,
73980 91 0.05,
73985 73 0.97,
74057 53 0.58,
74065 5 0.86,
74065 39 0.61,
74131 84 0.87,
74206 95 0.06,
74217 88 0.09,
74258 82 0.81,
74288 90 0.69,
74289 4 0.61,
74376 51 0.59,
74456 69 0.72,
74463 63 0.03,
74473 89 0.59,
74494 14 0.39,
74511 96 0.39,
74594 83 0.59,
74646 54 0.67,
74707 58 0.48,
74766 47 0.07,
74840 16 0.69,
74917 38 0.77,
74986 75 0.14,
75041 6 0.81,
75059 80 0.26,
75140 59 0.53,
75182 35 0.55,
75252 79 0.6,
75305 68 0.57,
75325 2 0.17,
75345 70 0.66,
75407 18 0.62,
75440 64 0.61,
75508 20 0.18,
75550 61 0.06,
75602 73 0.59,
75658 6 0.31,
75742 37 0.54,
75751 92 0.73,
75774 9 0.61,
75784 44 0.64,
75836 54 0.65,
75895 77 0.07,
75935 89 0.5,
75977 12 0.74,
76066 92 0.33,
76122 92 0.76,
76149 31 0.29,
76196 89 0.82,
76272 91 0.91,
76273 12 0.46,
76293 58 0.89,
76367 5 0.99,
76380 25 0.18,
76441 61 0.33,
76441 9 0.92,
76442 68 0.35,
76444 62 0.99,
76499 43 1.0,
76587 78 0.45,
76673 18 0.25,
76676 46 0.39,
76726 20 0.2,
76741 58 0.79,
76742 62 0.64,
76818 30 0.04,
76839 73 0.09,
76899 91 0.78,
76899 28 0.03,
76939 25 0.55,
76974 45 0.91,
76994 20 0.81,
77057 60 0.45,
77117 96 0.23,
77176 84 0.95,
77212 62 0.44,
77228 19 0.24,
77249 43 0.89,
77275 62 0.72,
77300 91 0.83,
77309 58 0.72,
77336 86 0.49,
77374 91 0.58,
77400 46 0.32,
77466 54 0.5,
77516 57 0.15,
77563 81 0.41,
77621 76 0.06,
77641 7 0.06,
77694 80 0.66,
77710 12 0.8,
77730 90 0.4,
77819 74 0.37,
77886 12 0.76,
77928 68 0.16,
78006 15 0.58,
78021 97 0.25,
78069 63 0.38,
78119 17 0.01,
78203 18 0.5,
78204 59 0.53,
78285 30 0.81,
78370 73 0.74,
78405 45 0.89,
78433 59 0.4,
78500 95 0.95,
78534 39 0.65,
78558 3 0.47,
78623 5 0.15,
78698 48 0.19,
78720 44 0.46,
78724 99 0.87,
78728 22 0.53,
78787 33 0.94,
78832 49 0.4,
78869 0 0.98,
78900 28 0.7,
78923 82 0.64,
78927 21 0.79,
78945 73 0.62,
78997 78 0.72,
79052 54 0.18,
79117 25 0.64,
79170 21 0.98,
79225 74 0.26,
79235 54 0.72,
79314 72 0.54,
79343 85 0.1,
79423 10 0.16,
79497 57 0.56,
79544 71 0.74,
79594 59 0.24,
79613 99 0.98,
79657 99 0.02,
79739 20 0.97,
79745 18 0.58,
79816 7 0.68,
79895 53 0.69,
79934 81 0.12,
79994 96 0.72,
80008 71 0.07,
80066 37 0.94,
80091 78 0.37,
80125 38 0.15,
80192 77 0.53,
80208 56 0.35,
80262 20 0.21,
80312 57 0.71,
80336 79 0.79,
80413 83 0.97,
80424 82 0.75,
80426 3 0.98,
80496 2 0.72,
80549 51 0.27,
80596 98 0.76,
80652 86 0.85,
80737 63 0.04,
80769 26 0.38,
80774 96 0.87,
80835 13 0.98,
80897 30 0.94,
80905 85 0.76,
80920 47 0.07,
80999 68 0.49,
81068 5 0.65,
81108 3 0.46,
81185 29 0.72,
81225 73 0.09,
81274 82 0.92,
81302 22 0.08,
81391 22 0.09,
81466 5 0.15,
81526 38 0.46,
81565 48 0.1,
81607 82 0.05,
81638 67 0.32,
81710 9 0.97,
81721 55 0.73,
81770 6 0.63,
81810 40 0.92,
81886 68 0.82,
81912 88 0.11,
81968 18 0.71,
82001 62 0.3,
82088 53 0.73,
82158 43 0.92,
82207 54 0.85,
82247 82 0.98,
82290 9 1.0,
82371 23 0.48,
82444 29 0.89,
82520 86 0.97,
82559 71 0.56,
82576 63 0.94,
82650 42 0.94,
82686 55 0.78,
82774 81 0.68,
82816 9 0.86,
82836 31 0.38,
82874 62 0.56,
82936 43 0.19,
82977 47 0.28,
83013 96 0.76,
83046 6 0.42,
83085 24 0.63,
83108 25 0.58,
83190 26 0.57,
83276 74 0.2,
83325 66 0.28,
83371 69 0.56,
83419 0 0.56,
83430 28 0.32,
83455 19 0.04,
83541 3 0.08,
83583 95 0.83,
83655 15 0.62,
83709 6 0.2,
83775 10 0.73,
83838 25 0.27,
83850 78 0.2,
83897 29 0.3,
83924 48 0.79,
83999 23 0.37,
84056 38 0.82,
84085 59 0.28,
84155 80 0.09,
84212 30 0.99,
84292 10 0.94,
84294 92 0.09,
84339 78 0.52,
84339 72 0.79,
84404 93 0.74,
84448 45 0.07,
84535 18 0.03,
84535 15 0.56,
84555 44 0.91,
84608 37 0.05,
84694 50 0.11,
84765 39 0.94,
84768 47 0.27,
84832 39 0.52,
84838 77 0.68,
84870 29 0.31,
84934 36 0.76,
85021 98 0.49,
85032 71 0.79,
85118 76 0.77,
85207 7 0.14,
85242 1 0.18,
85253 56 0.63,
85282 77 0.56,
85311 40 0.85,
85392 51 0.87,
85429 0 0.59,
85459 66 0.26,
85497 87 0.43,
85528 77 0.65,
85614 57 0.63,
85646 61 0.33,
85723 57 0.68,
85808 3 0.95,
85876 83 0.68,
85939 60 0.73,
85952 2 0.93,
86038 63 0.03,
86062 70 0.9,
86089 59 0.3,
86173 16 0.17,
86230 95 0.92,
86235 94 0.47,
86290 36 0.91,
86324 76 0.45,
86361 73 0.09,
86401 12 0.3,
86467 24 0.04,
86513 37 0.48,
86529 10 0.91,
86575 60 0.97,
86609 32 0.8,
86661 86 0.81,
86718 39 0.27,
86783 67 0.71,
86864 58 0.14,
86869 73 0.78,
86950 96 0.6,
87030 90 0.51,
87119 66 0.08,
87190 96 0.23,
87264 43 0.89,
87270 24 0.17,
87305 95 0.57,
87322 27 0.34,
87405 44 0.89,
87493 60 0.12,
87545 38 0.52,
87569 40 0.19,
87641 52 0.15,
87648 84 0.79,
87671 91 0.47,
87682 79 0.45,
87763 75 0.93,
87831 97 0.92,
87895 73 0.9,
87908 70 0.06,
87942 6 0.69,
88009 3 0.4,
88017 15 0.37,
88040 97 0.43,
88118 32 0.8,
88139 67 0.42,
88210 76 0.08,
88253 63 0.15,
88318 97 0.95,
88385 84 0.4,
88389 80 0.24,
88475 94 0.62,
88512 88 0.76,
88589 86 0.58,
88589 72 0.49,
88646 60 0.79,
88668 7 0.47,
88746 29 0.45,
88755 61 0.07,
88767 60 0.92,
88835 1 0.88,
88916 79 0.04,
88917 78 0.06,
88932 95 0.77,
88980 22 0.91,
89022 32 0.77,
89109 94 0.88,
89127 82 0.57,
89168 81 0.33,
89194 66 0.84,
89199 27 0.31,
89247 11 0.16,
89283 32 0.48,
89299 49 0.28,
89334 50 0.33,
89398 39 0.01,
89474 64 0.78,
89551 56 0.52,
89561 22 0.25,
89584 86 0.32,
89668 71 0.03,
89700 98 0.88,
89769 12 0.18,
89818 25 0.18,
89854 88 0.65,
89927 71 0.53,
89979 11 0.24,
90016 16 0.74,
90051 74 0.89,
90124 69 0.55,
90156 35 0.53,
90194 34 0.43,
90249 30 0.12,
90253 38 0.18,
90281 9 0.94,
90334 30 0.82,
90420 48 0.4,
90501 35 0.03,
90541 34 0.47,
90581 25 0.04,
90591 44 0.21,
90638 11 0.68,
90656 97 0.99,
90713 26 0.97,
90718 83 0.6,
90728 9 0.41,
90757 37 0.46,
90800 33 0.95,
90814 2 0.23,
90892 17 0.96,
90935 74 0.22,
91015 51 0.44,
91057 48 0.45,
91099 83 0.7,
91180 14 0.79,
91256 13 0.23,
91310 49 0.54,
91391 40 0.34,
91433 61 0.23,
91492 79 0.84,
91548 58 0.81,
91609 45 0.33,
91637 53 0.74,
91706 16 0.37,
91708 97 0.37,
91774 88 0.18,
91826 62 0.87,
91848 54 0.31,
91915 0 0.68,
91981 54 0.2,
92053 48 0.39,
92067 40 0.38,
92133 37 0.07,
92197 90 0.15,
92252 33 0.99,
92308 83 0.67,
92368 43 0.79,
92387 21 0.5,
92456 17 0.29,
92456 10 0.47,
92515 47 0.14,
92534 47 0.73,
92605 32 0.22,
92669 26 0.15,
92733 92 0.31,
92801 40 0.68,
92882 79 0.15,
92910 77 0.46,
92947 3 0.85,
92972 13 0.04,
93057 36 0.9,
93126 3 0.45,
93174 50 0.33,
93214 45 0.2,
93257 35 0.58,
93297 36 0.52,
93312 40 0.36,
93339 76 0.18,
93423 39 0.46,
93458 8 0.26,
93490 95 0.44,
93564 0 0.85,
93614 57 0.39,
93630 0 0.76,
93704 28 0.58,
93758 93 0.63,
93770 91 0.57,
93781 16 0.41,
93832 87 0.42,
93832 48 0.86,
93872 59 0.91,
93953 0 0.69,
94035 27 0.18,
94060 64 0.35,
94107 29 0.14,
94163 8 0.43,
94231 69 0.1,
94231 73 0.09,
94299 15 0.56,
94379 78 0.7,
94392 68 0.53,
94469 73 0.78,
94550 5 0.89,
94551 65 0.08,
94622 21 0.62,
94652 45 0.01,
94741 49 0.37,
94769 89 0.02,
94796 66 0.57,
94856 22 0.72,
94858 19 0.03,
94920 91 0.14,
94941 80 0.84,
94983 70 0.27,
95006 5 0.36,
95065 51 0.8,
95094 43 0.67,
95161 41 0.85,
95232 14 0.44,
95310 75 0.55,
95354 39 0.65,
95401 43 0.95,
95472 74 0.95,
95523 98 0.32,
95556 49 0.11,
95639 38 0.39,
95717 91 0.09,
95767 5 0.68,
95787 85 0.22,
95837 90 0.99,
95863 44 0.73,
95900 13 0.41,
95934 82 0.78,
95955 36 0.12,
95977 32 0.85,
96049 79 0.31,
96063 45 0.69,
96082 49 0.31,
96097 90 0.33,
96183 65 0.61,
96237 56 0.18,
96240 13 0.83,
96297 71 0.9,
96320 93 0.6,
96336 37 0.74,
96387 14 0.49,
96418 22 0.22,
96507 72 0.7,
96568 71 0.78,
96577 16 0.85,
96647 32 0.25,
96699 97 0.18,
96730 59 0.89,
96763 44 0.26,
96781 65 0.7,
96859 49 0.53,
96915 83 0.36,
96999 50 0.19,
97087 20 0.19,
97103 34 0.04,
97126 56 0.77,
97145 27 0.95,
97198 26 0.29,
97213 34 0.38,
97280 62 0.94,
97362 40 0.59,
97408 45 0.63,
97430 29 0.92,
97512 48 0.53,
97529 38 0.76,
97556 85 0.39,
97564 97 0.21,
97569 12 0.33,
97651 22 0.41,
97714 9 0.77,
97719 69 0.4,
97719 15 0.97,
97720 18 0.55,
97745 13 0.98,
97757 53 0.61,
97769 78 0.43,
97841 16 0.1,
97907 92 0.37,
97922 3 0.87,
97937 58 0.49,
98013 95 0.34,
98050 95 0.5,
98077 66 0.17,
98092 54 0.89,
98149 80 0.85,
98204 8 0.63,
98281 59 0.94,
98354 0 0.55,
98368 0 0.87,
98440 12 0.47,
98517 99 0.73,
98586 85 0.67,
98646 60 0.49,
98721 25 0.61,
98798 32 0.27,
98835 83 0.36,
98872 52 0.91,
98937 29 0.25,
98962 36 0.68,
99035 20 0.58,
99069 60 0.82,
99115 60 0.43,
99151 27 0.62,
99190 81 0.1,
99225 19 0.03,
99300 69 0.08,
99301 7 0.18,
99330 56 0.03,
99350 26 0.99,
99374 11 0.85,
99379 27 0.67,
99410 31 0.73,
99455 87 0.18,
99468 79 0.44,
99489 68 0.13,
99503 78 0.32,
99571 13 0.49,
99656 69 0.04,
99733 37 0.95,
99750 55 0.31,
99780 77 0.2,
99782 19 0.1,
99838 34 0.13,
99849 99 0.37,
99880 46 0.95,
99967 21 0.34,
100026 23 0.93,
100109 28 0.27,
100130 99 0.09,
100138 39 0.6,
100214 58 0.86,
100270 37 0.68,
100326 43 0.79,
100337 65 0.67,
100416 47 0.07,
100442 4 0.2,
100520 42 0.83,
100590 7 0.03,
100619 0 0.45,
100624 91 0.89,
100657 31 0.46,
100719 59 0.71,
100800 58 0.38,
100805 19 0.97,
100880 27 0.79,
100890 5 0.22,
100933 42 0.02,
100988 11 0.25,
101040 72 0.71,
101094 99 0.94,
101167 4 0.81,
101241 22 0.28,
101324 79 0.28,
101381 29 0.79,
101421 35 0.28,
101423 58 0.85,
101488 95 0.22,
101560 98 0.41,
101595 65 0.55,
101661 9 0.04,
101710 85 0.68,
101791 38 0.69,
101796 86 0.87,
101848 11 0.51,
101903 95 0.51,
101911 99 0.51,
101945 21 0.01,
102023 59 0.11,
102054 60 0.15,
102118 31 0.19,
102165 12 0.95,
102200 66 0.56,
102234 36 0.97,
102241 58 0.39,
102279 17 0.05,
102281 98 0.15,
102303 33 1.0,
102310 81 0.33,
102320 34 0.1,
102387 24 0.9,
102415 81 0.37,
102419 63 0.68,
102459 78 0.79,
102485 34 0.93,
102500 4 0.01,
102565 18 0.43,
102635 86 0.6,
102721 74 0.26,
102788 36 0.24,
102869 92 0.57,
102875 86 0.02,
102919 54 0.19,
102949 68 0.5,
102979 57 0.11,
103027 42 0.64,
103042 15 0.34,
103060 61 0.99,
103097 18 0.59,
103134 23 0.1,
103188 60 0.7,
103271 86 0.83,
103283 25 0.9,
103285 16 0.03,
103370 74 0.31,
103403 22 0.64,
103446 11 0.55,
103500 55 0.75,
103543 88 0.45,
103571 51 0.59,
103606 0 0.46,
103650 63 0.43,
103703 10 0.95,
103769 49 0.55,
103780 4 0.39,
103826 87 0.23,
103880 47 0.01,
103916 81 0.78,
103990 2 0.91,
104026 1 0.27,
104076 8 0.23,
104164 45 0.43,
104204 13 0.12,
104269 39 0.84,
104341 61 0.32,
104396 43 0.6,
104421 76 0.81,
104509 26 0.71,
104552 15 0.29,
104580 62 0.69,
104646 35 0.9,
104715 0 0.58,
104803 10 0.62,
104846 81 0.81,
104924 59 0.82,
104988 87 0.46,
105030 69 0.02,
105073 23 0.71,
105116 60 0.03,
105121 73 0.55,
105152 92 0.3,
105170 98 0.59,
105219 38 0.14,
105273 59 0.28,
105355 7 0.68,
105359 75 0.8,
105439 78 0.38,
105439 25 0.38,
105506 58 0.77,
105535 39 0.54,
105618 19 0.06,
105663 99 0.39,
105741 74 0.35,
105763 92 0.77,
105795 54 0.52,
105836 90 0.72,
105839 1 0.69,
105877 46 0.17,
105933 72 0.36,
105935 13 0.25,
105998 60 0.11,
106042 63 0.37,
106115 13 0.69,
106141 88 0.71,
106201 86 0.12,
106261 93 0.94,
106317 35 0.51,
106381 37 0.32,
106436 33 0.13,
106459 33 0.19,
106544 61 0.13,
106605 76 0.8,
106672 54 0.5,
106714 36 0.89,
106732 71 0.65,
106783 26 0.79,
106808 52 0.27,
106813 87 0.64,
106876 13 0.62,
106932 31 0.44,
106972 49 0.5,
107022 12 0.28,
107081 22 0.87,
107091 99 0.5,
107155 75 0.78,
107213 0 0.05,
107274 34 0.26,
107338 23 0.51,
107382 41 0.04,
107407 83 0.74,
107480 6 0.54,
107524 84 0.36,
107605 96 0.1,
107660 69 0.24,
107676 94 0.64,
107764 55 0.47,
107850 43 0.21,
107853 21 0.98,
107930 43 0.29,
107960 70 0.03,
107964 78 1.0,
107975 27 0.83,
107976 88 0.07,
108027 43 0.62,
108089 52 0.75,
108176 58 0.06,
108202 21 0.16,
108245 33 0.9,
108290 59 0.47,
108336 0 0.28,
108384 96 0.64,
108430 93 0.91,
108448 56 0.28,
108485 58 0.62,
108561 12 0.01,
108621 35 0.29,
108658 58 0.2,
108721 36 0.49,
108744 66 0.02,
108812 85 0.31,
108871 93 0.69,
108934 90 0.68,
108989 27 0.05,
109058 77 0.59,
109147 4 0.41,
109232 48 0.29,
109244 38 0.34,
109272 67 0.54,
109306 43 0.08,
109344 0 0.9,
109424 55 0.32,
109456 63 0.78,
109523 60 0.43,
109551 20 0.25,
109589 64 0.79,
109601 24 0.68,
109608 1 0.3,
109619 12 0.44,
109661 23 0.19,
109703 29 0.5,
109718 19 0.43,
109785 97 0.65,
109835 84 0.52,
109849 79 0.17,
109901 59 0.03,
109987 17 0.74,
110003 85 0.47,
110082 7 0.58,
110147 2 0.98,
110220 32 0.5,
110270 46 0.96,
110315 39 0.85,
110393 89 0.83,
110404 13 0.89,
110424 8 0.6,
110471 58 0.77,
110560 68 0.45,
110594 78 0.92,
110677 3 0.94,
110755 83 0.41,
110814 14 0.68,
110876 13 0.37,
110903 35 0.93,
110948 80 0.08,
110996 30 0.46,
111070 45 0.4,
111156 14 0.9,
111204 67 0.19,
111283 97 0.94,
111315 43 0.46,
111382 25 0.18,
111467 77 0.83,
111521 31 0.79,
111571 43 0.6,
111657 34 0.21,
111716 92 0.23,
111781 99 0.74,
111807 79 0.51,
111828 6 0.57,
111908 49 0.52,
111909 23 0.59,
111995 20 0.72,
112075 71 0.47,
112121 53 0.13,
112130 78 0.12,
112213 13 0.75,
112257 98 0.13,
112310 30 1.0,
112360 63 0.7,
112443 20 0.81,
112463 39 0.13,
112473 68 0.91,
112546 25 0.65,
112595 33 0.55,
112636 76 0.24,
112647 99 0.62,
112729 4 0.42,
112804 49 0.24,
112826 42 0.97,
112853 64 0.14,
112910 76 0.18,
112988 60 0.27,
113031 99 0.49,
113051 23 0.19,
113136 49 0.08,
113170 18 0.41,
113174 69 0.14,
113186 47 0.88,
113199 27 0.99,
113203 86 0.89,
113262 15 0.2,
113315 22 0.11,
113376 8 0.29,
113432 99 0.4,
113496 80 0.91,
113518 10 0.28,
113529 52 0.53,
113605 98 0.34,
113653 7 0.4,
113671 54 0.98,
113730 69 0.64,
113774 12 0.03,
113844 11 0.26,
113890 40 0.87,
113944 96 0.45,
114014 80 0.13,
114054 68 1.0,
114083 71 0.37,
114097 56 0.21,
114117 30 0.64,
114188 36 0.98,
114209 24 0.85,
114220 98 0.69,
114272 34 0.51,
114314 95 0.46,
114341 84 0.79,
114389 64 0.29,
114442 74 0.53,
114491 58 0.99,
114535 78 0.97,
114603 66 0.72,
114626 59 0.58,
114692 47 0.24,
114717 39 0.9,
114799 77 0.03,
114801 25 0.86,
114833 18 0.84,
114890 45 0.72,
114958 96 0.39,
115007 79 0.93,
115050 13 0.74,
115082 5 0.49,
115141 13 1.0,
115219 91 0.41,
115257 48 0.83,
115337 31 0.04,
115350 27 0.77,
115407 11 0.56,
115420 81 0.67,
115425 5 0.95,
115474 45 0.89,
115508 85 0.6,
115525 0 0.13,
115574 72 0.7,
115609 65 0.03,
115641 12 0.45,
115680 2 0.91,
115760 58 0.97,
115808 4 0.77,
115826 21 0.58,
115842 31 0.75,
115871 66 0.98,
115883 5 0.25,
115910 44 0.94,
115913 86 0.3,
115956 6 0.96,
116003 62 0.63,
116050 31 0.36,
116126 32 0.33,
116198 6 0.54,
116249 59 0.72,
116291 50 0.61,
116337 92 0.07,
116388 42 0.26,
116432 30 0.23,
116432 42 0.16,
116455 12 0.17,
116540 84 0.34,
116619 53 0.13,
116663 32 0.6,
116716 82 0.76,
116779 73 0.19,
116868 53 0.41,
116895 88 0.63,
116956 0 0.79,
116982 73 0.12,
117067 49 0.59,
117114 63 0.3,
117172 46 0.7,
117238 69 0.58,
117311 62 0.28,
117377 37 0.57,
117423 10 0.05,
117439 95 0.85,
117445 19 0.53,
117471 91 0.08,
117512 40 0.69,
117522 94 0.12,
117540 15 0.21,
117570 61 0.1,
117577 82 0.62,
117587 37 0.11,
117642 55 0.82,
117729 98 0.35,
117750 78 0.22,
117814 17 0.93,
117834 58 0.29,
117880 70 0.71,
117887 0 0.36,
117900 70 0.26,
117960 23 0.79,
118030 35 0.09,
118081 71 0.43,
118153 44 0.04,
118229 65 0.7,
118312 95 0.49,
118393 52 0.78,
118481 80 0.89,
118500 63 0.81,
118546 47 0.8,
118624 13 0.73,
118640 27 0.64,
118644 47 0.42,
118673 1 0.41,
118675 72 0.71,
118763 31 0.05,
118795 9 0.68,
118841 51 0.31,
118878 42 0.64,
118952 35 0.44,
119039 48 0.85,
119081 39 0.6,
119098 87 0.97,
119138 92 0.98,
119191 89 0.11,
119246 29 0.12,
119258 40 0.4,
119285 96 0.39,
119352 48 0.53,
119388 93 0.88,
119399 65 0.41,
119472 25 0.55,
119490 8 0.9,
119500 61 0.98,
119546 44 0.33,
119546 41 0.6,
119628 55 0.97,
119685 73 0.05,
119767 19 0.83,
119810 8 0.61,
119832 39 0.58,
119914 8 0.04,
119961 86 1.0,
120048 17 0.28,
120059 63 0.16,
120070 52 0.63,
120108 30 0.57,
120175 25 0.86,
120246 73 0.72,
120270 2 0.79,
120303 75 0.75,
120356 40 0.93,
120425 85 0.5,
120509 59 0.16,
120527 88 0.8,
120592 69 0.98,
120609 2 0.17,
120681 28 0.41,
120719 94 0.04,
120791 12 0.29,
120866 6 0.04,
120877 66 0.19,
120964 60 0.73,
121000 23 0.2,
121063 30 0.87,
121131 88 0.58,
121184 83 0.71,
121216 26 0.54,
121289 18 0.22,
121303 47 0.52,
121344 42 0.37,
121361 28 0.49,
121427 46 1.0,
121489 90 0.59,
121499 20 0.11,
121523 15 0.87,
121589 10 0.77,
121672 75 0.41,
121693 48 0.52,
121742 47 0.02,
121784 97 0.61,
121868 98 0.37,
121915 22 0.74,
121972 45 0.54,
122019 47 0.18,
122034 1 0.75,
122119 40 0.04,
122178 73 0.68,
122236 48 0.09,
122293 37 0.92,
122297 32 0.8,
122336 44 0.85,
122367 59 0.03,
122438 32 0.51,
122509 17 0.79,
122523 66 0.62,
122594 18 0.03,
122615 42 0.1,
122618 68 0.73,
122688 3 0.64,
122736 6 0.08,
122787 85 0.87,
122826 96 0.53,
122862 98 0.3,
122879 23 0.31,
122932 87 0.77,
123014 35 0.83,
123015 26 0.47,
123039 10 0.88,
123044 8 0.77,
123101 73 0.83,
123166 34 0.47,
123194 72 0.51,
123209 47 0.8,
123282 44 0.37,
123328 85 0.37,
123348 62 0.38,
123413 71 0.99,
123425 31 0.81,
123494 98 0.92,
123547 92 0.04,
123636 66 0.52,
123641 82 0.81,
123729 13 0.86,
123795 39 0.65,
123859 84 0.91,
123928 38 0.06,
124008 1 0.06,
124065 88 0.49,
124090 34 0.42,
124162 15 0.08,
124233 56 0.68,
124252 5 0.82,
124310 99 0.49,
124376 66 0.35,
124463 5 0.7,
124499 43 0.07,
124586 4 0.28,
124660 34 0.08,
124699 46 0.46,
124784 65 0.87,
124828 79 0.11,
124872 97 0.73,
124903 75 0.46,
124980 39 0.29,
125030 6 0.1,
125045 79 0.72,
125086 81 0.16,
125125 98 0.73,
125147 66 0.52,
125220 19 0.21,
125285 43 0.76,
125301 36 0.13,
125382 19 0.45,
125388 86 0.28,
125395 14 0.02,
125467 7 0.9,
125479 72 0.79,
125554 24 0.2,
125563 59 0.35,
125598 46 0.32,
125685 25 0.11,
125721 39 0.82,
125766 4 0.54,
125786 30 0.67,
125826 69 0.11,
125846 50 0.31,
125864 40 0.69,
125881 98 0.67,
125941 59 0.03,
125997 49 0.02,
126077 57 0.47,
126093 25 0.46,
126115 62 0.92,
126183 38 0.18,
126267 16 0.86,
126293 55 0.3,
126320 10 0.2,
126406 67 0.6,
126410 68 0.98,
126493 22 0.93,
126551 66 0.5,
126637 1 0.53,
126707 43 0.61,
126742 64 0.41,
126753 51 0.81,
126761 7 0.2,
126810 66 0.44,
126873 84 0.92,
126896 18 0.23,
126947 18 0.51,
126974 29 0.8,
127048 25 0.91,
127062 11 0.69,
127062 44 0.45,
127143 84 0.52,
127187 44 0.34,
127195 2 0.04,
127282 92 0.06,
127283 97 0.4,
127315 10 0.96,
127344 93 0.22,
127376 11 0.49,
127454 31 0.55,
127469 0 0.56,
127470 65 0.78,
127558 56 0.96,
127591 84 0.73,
127652 89 0.38,
127681 19 0.87,
127747 3 0.29,
127748 37 0.28,
127805 81 0.92,
127853 48 0.44,
127889 5 0.55,
127941 31 0.56,
127999 22 0.28,
127999 54 0.22,
128053 65 0.43,
128064 84 0.44,
128082 21 0.44,
128125 65 0.61,
128165 77 0.57,
128217 43 0.41,
128239 31 0.6,
128253 37 0.19,
128324 35 0.28,
128349 57 0.96,
128351 6 0.85,
128428 6 0.53,
128502 31 0.45,
128530 98 0.09,
128612 69 0.26,
128682 21 0.67,
128771 43 0.68,
128802 80 0.56,
128876 79 0.4,
128879 35 0.61,
128893 83 0.97,
128909 46 0.13,
128962 33 0.11,
129008 95 0.81,
129030 10 0.51,
129066 6 0.02,
129146 12 0.29,
129231 27 0.27,
129315 3 0.23,
129334 28 0.08,
129391 10 0.03,
129444 55 0.83,
129516 93 0.94,
129553 87 0.6,
129565 85 0.53,
129647 52 0.5,
129671 74 0.25,
129713 99 0.35,
129769 33 0.61,
129822 31 0.88,
129878 55 0.01,
129880 45 0.11,
129951 41 0.54,
129996 95 0.47,
130010 84 0.75,
130069 38 0.37,
130115 96 0.52,
130193 94 0.39,
130223 79 0.99,
130251 12 0.84,
130330 89 0.88,
130351 98 0.12,
130425 87 0.82,
130508 89 0.23,
130579 56 0.37,
130606 3 0.12,
130662 43 0.67,
130745 14 0.24,
130814 78 0.97,
130835 23 0.59,
130901 55 0.53,
130941 48 0.84,
130980 13 0.66,
131067 57 0.51,
131083 13 0.37,
131083 22 0.01,
131101 80 0.58,
131114 2 0.74,
131194 17 0.83,
131195 97 0.58,
131198 61 0.16,
131254 73 0.3,
131326 48 0.57,
131377 86 0.2,
131438 37 0.39,
131512 16 0.33,
131587 46 0.15,
131599 60 0.77,
131619 25 0.82,
131648 0 0.47,
131671 11 0.23,
131722 22 0.15,
131744 66 0.18,
131799 11 0.64,
131833 53 0.58,
131920 22 0.56,
131947 58 0.06,
131985 30 0.89,
132066 10 0.25,
132118 41 0.7,
132194 21 0.14,
132224 49 0.29,
132311 75 0.56,
132332 37 0.89,
132406 47 0.97,
132482 84 0.32,
132509 50 0.79,
132592 13 0.87,
132676 78 0.51,
132698 54 0.83,
132710 96 0.46,
132721 12 0.85,
132747 39 0.83,
132776 75 0.58,
132799 53 0.23,
132860 14 0.79,
132942 65 0.58,
132984 3 0.35,
133033 23 0.52,
133083 52 0.46,
133121 21 0.01,
133126 77 0.1,
133130 54 0.99,
133202 9 0.79,
133259 61 0.61,
133336 52 1.0,
133393 96 0.91,
133428 7 0.63,
133492 77 0.12,
133579 44 0.11,
133645 28 0.61,
133690 56 0.92,
133699 52 0.39,
133713 27 0.28,
133777 23 0.95,
133827 34 0.03,
133907 31 0.88,
133947 73 0.17,
134024 64 0.74,
134054 40 0.22,
134141 91 0.3,
134230 5 0.54,
134231 61 0.87,
134243 82 0.91,
134320 43 0.25,
134352 99 0.88,
134429 7 0.91,
134509 73 0.39,
134558 25 0.22,
134560 53 0.93,
134585 82 0.42,
134657 75 0.25,
134668 10 0.74,
134723 57 0.95,
134733 47 0.33,
134812 10 0.05,
134854 70 0.73,
134874 29 0.86,
134935 96 0.32,
134956 13 0.75,
135015 95 0.83,
135073 59 0.85,
135107 94 0.91,
135114 83 0.38,
135124 54 0.16,
135149 32 0.64,
135154 18 0.49,
135187 53 0.4,
135265 90 0.02,
135317 72 0.86,
135404 98 0.5,
135445 41 0.99,
135491 58 0.67,
135529 78 0.77,
135546 11 0.27,
135602 28 0.87,
135602 77 0.96,
135683 91 0.24,
135689 93 0.82,
135717 45 0.32,
135743 16 0.49,
135773 32 0.34,
135783 31 0.31,
135825 3 0.87,
135854 45 0.57,
135935 39 0.72,
136018 66 0.64,
136055 70 0.85,
136141 78 0.7,
136206 9 0.16,
136287 56 0.78,
136370 96 0.07,
136427 90 0.27,
136460 43 0.6,
136545 90 0.35,
136578 2 0.98,
136624 19 0.4,
136708 52 0.81,
136757 84 0.96,
136839 1 0.43,
136859 78 0.55,
136859 76 0.23,
136925 73 0.63,
136990 37 0.32,
137002 58 0.13,
137054 28 0.68,
137114 25 0.55,
137165 93 0.01,
137184 80 0.54,
137253 45 0.56,
137320 97 0.24,
137370 9 0.77,
137423 37 0.86,
137426 0 0.62,
137443 24 0.1,
137518 6 0.46,
137589 93 0.51,
137605 77 0.01,
137618 71 0.85,
137665 24 0.67,
137711 45 0.89,
137749 84 0.86,
137784 89 0.47,
137787 5 0.92,
137788 96 0.14,
137877 39 0.99,
137953 5 0.59,
138009 63 0.81,
138065 3 0.49,
138078 83 0.24,
138148 11 0.31,
138171 8 0.92,
138174 24 0.21,
138263 80 0.66,
138352 83 0.77,
138373 83 0.06,
138439 54 0.13,
138481 53 0.05,
138547 3 0.73,
138602 13 0.61,
138676 58 0.04,
138754 89 0.88,
138782 99 0.67,
138784 24 0.19,
138867 1 0.66,
138906 67 0.82,
138909 88 0.84,
138992 40 0.34,
138994 42 0.65,
139015 3 0.39,
139021 77 0.78,
139105 16 0.7,
139135 0 0.75,
139145 52 0.95,
139187 28 0.9,
139205 9 0.37,
139236 2 0.73,
139269 15 0.6,
139319 87 0.55,
139341 36 0.06,
139383 14 0.43,
139405 43 0.15,
139431 53 0.98,
139520 89 0.45,
139567 12 0.72,
139589 64 0.72,
139625 34 0.61,
139662 46 0.6,
139734 54 0.62,
139771 52 0.89,
139788 42 0.62,
139849 3 0.23,
139934 36 0.58,
140010 1 0.9,
140015 85 0.17,
140050 36 0.86,
140083 85 0.89,
140129 67 0.34,
140130 80 0.8,
140215 76 0.99,
140257 43 0.18,
140340 69 0.71,
140366 46 0.85,
140392 36 0.26,
140422 78 0.88,
140442 26 0.68,
140489 60 0.19,
140518 52 0.07,
140595 67 0.21,
140656 39 0.21,
140710 19 0.3,
140787 76 0.32,
140866 18 0.23,
140910 10 0.58,
140977 37 0.58,
141009 32 0.99,
141095 76 0.26,
141181 93 0.22,
141247 0 0.23,
141335 6 0.86,
141418 1 0.74,
141459 87 0.29,
141528 35 0.78,
141599 82 0.12,
141656 43 0.26,
141656 41 0.77,
141725 85 0.89,
141752 13 0.76,
141788 0 0.25,
141817 67 0.68,
141829 59 0.62,
141914 44 0.34,
142002 68 0.52,
142079 15 0.74,
142136 7 0.94,
142195 87 0.44,
142212 63 0.46,
142293 67 0.04,
142299 85 0.63,
142307 35 0.29,
142329 65 0.15,
142408 82 0.08,
142478 21 0.31,
142537 25 1.0,
142626 70 0.6,
142631 93 0.7,
142655 10 0.7,
142694 4 0.81,
142756 22 0.37,
142769 56 0.32,
142805 3 0.62,
142810 82 0.59,
142855 92 0.82,
142872 85 0.6,
142951 89 0.71,
142967 9 0.9,
142990 14 0.29,
143030 18 0.09,
143086 38 0.99,
143125 98 0.67,
143211 90 0.44,
143252 90 0.34,
143257 0 0.89,
143319 12 0.28,
143365 99 0.84,
143398 65 0.95,
143427 2 0.55,
143458 67 0.07,
143530 69 0.77,
143566 49 0.53,
143576 6 0.51,
143630 18 0.24,
143694 48 0.25,
143747 37 0.72,
143804 71 0.94,
143811 27 0.09,
143892 79 0.87,
143911 18 0.39,
143920 2 0.09,
143983 94 0.57,
144034 83 0.02,
144059 14 0.07,
144084 21 0.42,
144145 84 0.96,
144217 11 0.58,
144282 58 0.71,
144329 75 0.25,
144384 51 0.53,
144398 18 0.37,
144446 75 0.2,
144467 78 0.69,
144529 97 0.52,
144600 46 0.72,
144687 68 0.99,
144720 13 0.86,
144793 78 0.36,
144807 36 0.72,
144878 41 0.62,
144911 53 0.26,
145000 90 0.82,
145076 44 0.12,
145145 36 0.14,
145209 32 0.17,
145246 50 0.69,
145268 45 0.38,
145272 74 0.68,
145290 63 0.11,
145347 76 0.09,
145403 84 0.16,
145473 45 0.98,
145520 19 0.01,
145591 69 0.75,
145632 91 0.88,
145645 90 0.1,
145710 19 0.02,
145746 90 0.27,
145759 0 0.68,
145846 53 0.74,
145890 2 0.31,
145975 80 0.51,
146028 22 0.38,
146071 2 0.68,
146075 49 0.62,
146137 84 0.97,
146224 60 0.66,
146257 23 0.94,
146261 2 0.46,
146279 96 0.88,
146304 40 0.11,
146383 12 0.2,
146410 59 0.3,
146484 23 0.65,
146546 96 0.93,
146605 95 0.56,
146675 19 0.32,
146736 26 0.7,
146750 77 0.87,
146790 13 0.78,
146879 74 0.3,
146879 82 0.3,
146900 70 0.79,
146973 8 0.39,
147058 58 0.86,
147107 58 0.25,
147117 72 0.98,
147199 65 0.52,
147279 8 0.75,
147303 44 0.04,
147345 44 0.4,
147356 17 0.86,
147433 13 0.78,
147434 81 0.28,
147512 61 0.2,
147542 73 0.16,
147628 40 0.42,
147676 32 0.3,
147741 90 0.26,
147741 70 0.75,
147767 45 0.52,
147830 27 0.07,
147836 88 0.54,
147884 61 0.82,
147887 12 0.52,
147911 47 0.45,
147955 42 0.09,
147998 33 0.71,
148016 27 0.57,
148075 61 0.79,
148149 97 0.97,
148191 23 0.44,
148211 74 0.77,
148250 74 0.23,
148284 94 0.96,
148333 83 0.36,
148363 50 0.04,
148384 68 0.28,
148410 75 0.47,
148453 19 0.24,
148475 26 0.49,
148475 88 0.29,
148476 90 0.63,
148515 2 0.43,
148573 6 0.72,
148633 4 0.97,
148697 50 0.9,
148707 10 0.3,
148719 53 0.56,
148790 77 0.47,
148834 59 0.17,
148883 41 0.24,
148928 92 0.29,
149011 9 0.64,
149027 63 0.56,
149102 75 0.22,
149108 47 0.52,
149168 50 0.99,
149221 91 0.55,
149295 50 0.48,
149307 6 0.3,
149342 3 0.19,
149411 64 0.64,
149417 50 0.39,
149446 43 0.01,
149479 12 0.4,
149559 48 0.69,
149614 75 0.04,
149690 25 0.09,
149703 19 0.49,
149708 22 0.73,
149720 81 0.33,
149759 43 0.42,
149794 9 0.04,
149827 82 0.11,
149846 80 0.34,
149917 84 0.81,
149928 24 0.31,
150017 15 0.09,
150035 69 0.09,
150049 89 0.49,
150114 92 0.5,
150135 76 0.29,
150216 43 0.6,
150263 99 0.19,
150307 54 0.54,
150373 64 0.46,
150392 69 0.76,
150473 4 0.06,
150512 39 0.03,
150524 41 0.23,
150529 26 0.7,
150582 6 0.66,
150643 55 0.4,
150726 32 0.58,
150769 64 0.51,
150824 28 0.46,
150849 36 0.22,
150917 44 0.96,
150955 34 0.77,
151016 4 0.05,
151041 0 0.36,
151078 75 0.7,
151107 10 0.77,
151127 95 0.06,
151127 18 0.17,
151189 30 0.94,
151195 93 0.67,
151226 28 0.03,
151278 37 0.82,
151330 42 0.61,
151332 51 0.36,
151364 57 0.9,
151436 1 0.05,
151439 79 0.53,
151460 32 0.84,
151481 81 0.81,
151510 77 0.94,
151560 46 0.21,
151645 26 0.79,
151708 30 0.71,
151732 78 0.8,
151816 10 0.05,
151831 35 0.38,
151856 11 0.92,
151882 32 0.1,
151892 68 0.48,
151942 32 0.03,
151972 14 0.5,
152043 38 0.31,
152071 18 0.13,
152157 99 0.17,
152182 15 0.11,
152223 59 0.83,
152232 44 0.42,
152306 6 0.43,
152387 42 0.5,
152393 49 0.4,
152415 98 0.26,
152457 26 0.51,
152540 93 0.57,
152540 73 0.29,
152585 63 0.38,
152673 42 0.57,
152713 20 0.38,
152748 12 0.28,
152823 11 0.89,
152846 19 0.5,
152867 90 0.13,
152904 39 0.5,
152959 78 0.66,
153036 69 0.23,
153056 91 0.77,
153124 54 0.58,
153180 87 0.39,
153269 70 0.23,
153328 1 0.02,
153366 44 0.1,
153450 95 0.51,
153475 24 0.89,
153552 31 0.62,
153558 53 0.92,
153618 66 0.63,
153672 59 0.42,
153731 33 0.44,
153777 15 0.17,
153844 4 0.92,
153848 36 0.25,
153915 47 0.02,
153982 90 0.58,
153991 18 0.27,
154029 99 0.1,
154067 29 0.08,
154087 45 0.43,
154121 60 0.55,
154173 77 0.8,
154204 53 0.23,
154279 69 0.96,
154330 11 0.73,
154408 95 0.54,
154486 17 0.07,
154541 23 0.89,
154607 30 1.0,
154638 49 0.4,
154726 24 0.39,
154743 65 0.7,
154829 8 0.59,
154874 11 0.37,
154898 37 0.39,
154934 94 0.75,
154996 61 0.15,
155044 34 0.38,
155062 71 0.96,
155096 82 0.66,
155130 2 0.9,
155168 48 0.81,
155177 49 0.38,
155255 89 0.12,
155268 49 0.22,
155326 93 0.7,
155403 85 0.78,
155444 27 0.27,
155458 31 0.46,
155506 95 0.21,
155591 32 0.02,
155619 7 0.85,
155622 96 0.89,
155700 20 0.06,
155729 32 0.57,
155783 40 0.81,
155821 39 0.31,
155905 89 0.53,
155955 24 0.2,
156029 30 0.52,
156084 86 0.45,
156135 71 0.12,
156195 0 0.04,
156247 35 0.62,
156296 60 0.9,
156341 3 0.36,
156372 67 0.99,
156431 13 0.46,
156496 31 0.14,
156514 29 0.1,
156580 46 0.96,
156585 39 0.49,
156623 41 0.5,
156678 57 0.55,
156678 60 0.74,
156703 70 0.28,
156784 63 0.74,
156820 78 0.51,
156838 74 0.93,
156892 30 0.49,
156927 51 0.08,
156951 2 0.72,
156954 15 0.43,
156964 54 0.23,
157003 68 0.43,
157011 85 0.79,
157041 47 0.67,
157118 25 0.08,
157157 20 0.63,
157187 40 0.09,
157208 96 0.74,
157246 7 0.58,
157332 81 0.25,
157414 31 0.02,
157490 23 0.09,
157576 51 0.43,
157633 6 0.52,
157675 70 0.37,
157728 68 0.64,
157810 14 0.55,
157892 4 0.76,
157925 26 0.03,
157937 61 0.36,
157982 14 0.96,
158012 11 0.59,
158021 74 0.81,
158025 83 0.46,
158103 97 0.72,
158124 21 0.82,
158149 1 0.61,
158230 32 0.81,
158277 46 0.76,
158311 57 0.9,
158349 86 0.5,
158356 6 0.81,
158364 35 0.79,
158442 89 0.35,
158496 68 0.62,
158553 42 0.55,
158564 83 0.46,
158588 13 0.41,
158618 4 0.54,
158631 21 0.84,
158709 89 0.26,
158711 60 0.79,
158781 90 0.13,
158856 47 0.78,
158943 28 0.43,
158966 41 1.0,
159031 46 0.76,
159056 98 0.59,
159116 68 0.31,
159161 60 0.37,
159245 92 0.96,
159308 14 0.41,
159366 77 0.63,
159427 79 0.55,
159480 55 0.08,
159529 2 0.5,
159567 72 0.88,
159576 11 0.53,
159647 19 0.36,
159716 60 0.57,
159772 29 0.42,
159860 1 0.15,
159941 88 0.56,
159948 69 0.34,
159990 97 0.94,
160013 93 0.12,
160015 12 0.44,
160073 76 0.81,
160105 96 0.11,
160133 12 0.45,
160142 79 0.86,
160220 93 0.03,
160276 78 0.27,
160304 68 0.14,
160345 62 0.74,
160426 21 0.3,
160485 98 0.1,
160544 66 0.83,
160613 36 0.76,
160667 90 0.29,
160748 12 0.28,
160755 21 0.16,
160788 67 0.18,
160857 22 0.35,
160902 93 0.86,
160970 18 0.97,
161033 7 0.63,
161046 28 0.94,
161122 96 0.7,
161170 87 0.84,
161226 87 1.0,
161238 46 0.86,
161313 93 0.12,
161351 58 0.8,
161417 49 0.35,
161466 53 0.29,
161507 51 0.29,
161590 67 0.9,
161650 93 0.61,
161655 13 0.74,
161666 50 0.06,
161754 64 0.13,
161807 64 0.88,
161858 40 0.02,
161881 38 0.64,
161929 60 0.69,
161970 40 0.46,
162031 57 0.3,
162077 23 0.24,
162151 90 0.32,
162235 99 0.48,
162253 54 0.51,
162255 80 0.89,
162334 50 0.16,
162399 16 0.28,
162439 73 0.11,
162443 69 0.75,
162485 86 0.74,
162526 10 0.41,
162586 95 0.36,
162588 26 0.01,
162608 38 0.84,
162647 42 0.33,
162724 3 0.93,
162749 85 0.67,
162791 82 0.01,
162817 49 0.44,
162882 64 0.73,
162968 62 0.78,
163006 4 0.16,
163024 31 0.53,
163039 34 0.66,
163048 39 0.78,
163070 13 0.24,
163117 30 0.64,
163162 78 0.68,
163245 20 0.64,
163317 36 0.15,
163399 31 0.56,
163475 28 0.45,
163545 38 0.39,
163585 62 0.68,
163612 58 0.14,
163615 16 0.6,
163622 50 0.22,
163652 66 0.5,
163652 1 0.4,
163710 1 0.28,
163744 21 0.37,
163794 33 0.52,
163875 53 0.02,
163897 73 0.46,
163964 68 0.14,
163994 91 0.39,
163997 8 0.74,
164055 18 0.86,
164074 89 0.99,
164163 99 0.87,
164240 87 0.36,
164244 65 0.44,
164270 71 0.15,
164335 83 0.57,
164384 34 0.4,
164432 75 0.5,
164510 3 0.06,
164553 75 0.98,
164625 25 0.15,
164697 93 0.27,
164781 8 0.11,
164795 5 0.72,
164825 33 0.57,
164826 84 0.38,
164826 9 0.47,
164914 15 0.38,
164983 36 0.6,
165022 78 0.08,
165042 34 0.12,
165114 86 0.94,
165168 86 0.55,
165192 86 0.36,
165194 76 0.24,
165200 38 0.43,
165212 3 0.07,
165280 12 0.94,
165287 80 0.8,
165348 35 0.89,
165405 27 0.36,
165458 39 0.13,
165474 53 0.5,
165532 24 0.41,
165561 73 0.7,
165635 92 0.14,
165669 33 0.66,
165724 79 0.17,
165728 50 0.24,
165799 90 0.66,
165872 83 0.08,
165919 32 0.32,
165919 6 0.26,
165962 41 0.95,
166024 96 0.95,
166043 72 0.57,
166096 22 0.09,
166182 0 0.86,
166258 26 0.74,
166263 52 0.79,
166307 10 0.04,
166347 2 0.45,
166387 74 0.47,
166444 97 0.62,
166458 56 0.32,
166523 79 0.16,
166576 85 0.06,
166661 67 0.89,
166702 92 0.73,
166741 6 0.63,
166813 15 0.25,
166901 66 0.44,
166949 16 0.54,
167037 83 0.39,
167079 38 0.59,
167162 95 0.8,
167183 52 0.51,
167203 11 0.88,
167204 87 0.99,
167234 87 0.71,
167313 64 0.14,
167383 42 0.09,
167425 3 0.8,
167513 54 0.49,
167535 87 0.89,
167598 76 0.56,
167672 83 0.86,
167689 45 0.5,
167698 75 0.9,
167786 38 0.17,
167799 14 0.93,
167808 43 0.01,
167849 2 0.02,
167884 22 0.25,
167927 76 0.81,
167970 44 0.09,
168022 71 0.72,
168078 55 0.59,
168132 73 0.66,
168138 54 0.89,
168211 36 0.5,
168278 86 0.84,
168299 74 0.63,
168342 68 0.06,
168427 47 0.54,
168453 63 0.47,
168522 94 0.41,
168559 45 0.83,
168561 47 0.88,
168600 83 0.74,
168639 45 0.47,
168687 81 0.34,
168755 5 0.84,
168836 13 0.62,
168918 80 0.51,
168985 42 0.8,
169006 19 0.39,
169032 10 0.56,
169085 98 0.34,
169095 80 0.93,
169127 12 0.25,
169180 53 0.75,
169197 77 0.64,
169215 52 0.98,
169253 85 0.65,
169315 75 0.34,
169322 63 0.1,
169389 51 0.56,
169417 39 0.37,
169489 88 0.6,
169549 6 0.28,
169581 12 0.33,
169625 75 0.28,
169675 35 0.03,
169698 2 0.64,
169771 5 0.36,
169776 54 0.54,
169827 48 0.67,
169839 66 0.94,
169859 86 0.69,
169907 38 0.84,
169920 62 0.78,
169941 11 0.48,
169973 96 0.47,
170041 85 0.44,
170106 42 0.6,
170158 55 0.72,
170239 3 0.68,
170292 95 0.3,
170337 84 0.33,
170386 48 1.0,
170409 34 0.11,
170466 64 0.52,
170508 2 0.16,
170535 56 0.05,
170554 93 0.86,
170554 15 0.13,
170641 67 0.51,
170678 58 0.85,
170718 61 0.42,
170800 16 0.87,
170847 51 0.36,
170918 90 0.97,
170943 65 0.75,
170951 33 0.7,
170995 32 0.62,
171044 87 0.39,
171053 50 0.32,
171091 64 0.81,
171172 48 0.3,
171181 17 0.28,
171254 26 0.9,
171322 50 0.45,
171344 24 0.22,
171378 25 0.21,
171461 28 0.92,
171513 62 0.45,
171589 92 0.69,
171610 51 0.24,
171673 43 0.99,
171711 73 0.22,
171711 78 0.66,
171744 92 0.99,
171823 55 0.51,
171907 68 1.0,
171959 94 0.17,
172015 22 0.78,
172031 4 0.59,
172039 94 0.49,
172073 52 0.28,
172147 81 0.39,
172163 9 0.02,
172234 33 0.46,
172234 40 0.8,
172235 86 0.38,
172278 7 0.2,
172339 18 0.63,
172395 13 0.18,
172405 5 0.55,
172427 32 0.36,
172480 54 0.16,
172503 12 0.46,
172519 77 0.14,
172604 8 0.57,
172683 83 0.19,
172751 6 0.87,
172801 24 0.54,
172881 69 0.3,
172961 25 0.07,
173050 32 0.99,
173065 56 0.55,
173148 91 0.54,
173160 36 0.99,
173178 36 0.46,
173189 38 0.83,
173205 98 0.6,
173227 85 0.96,
173285 56 0.2,
173301 88 0.09,
173382 49 0.83,
173423 54 0.56,
173434 46 0.94,
173502 87 0.46,
173542 8 0.65,
173567 43 0.93,
173573 29 0.27,
173599 60 0.72,
173665 87 0.46,
173689 29 0.01,
173716 69 0.74,
173725 79 0.71,
173775 10 0.72,
173853 31 0.7,
173899 70 0.07,
173943 28 0.67,
174028 76 0.89,
174072 51 0.55,
174079 86 0.83,
174149 40 0.28,
174192 63 0.66,
174193 10 0.7,
174228 57 0.35,
174295 32 0.37,
174332 42 0.91,
174377 62 0.16,
174441 22 0.82,
174489 67 0.35,
174539 53 0.76,
174539 43 0.05,
174608 32 0.97,
174624 49 0.3,
174701 49 0.97,
174758 64 0.22,
174791 61 0.86,
174880 15 0.04,
174894 74 0.84,
174978 97 0.74,
175000 42 0.53,
175053 53 0.95,
175068 13 0.42,
175111 3 0.91,
175141 57 0.48,
175212 62 0.03,
175266 75 0.96,
175310 36 0.73,
175377 84 0.12,
175442 94 0.48,
175462 63 0.83,
175472 62 0.92,
175505 75 0.42,
175524 17 0.59,
175570 80 0.38,
175645 33 0.72,
175679 22 0.99,
175691 44 0.55,
175772 28 0.49,
175772 34 0.65,
175783 97 0.2,
175848 82 0.02,
175850 14 0.47,
175926 8 0.82,
175961 98 0.4,
176013 46 0.39,
176040 30 0.58,
176047 65 0.88,
176068 64 0.09,
176077 71 0.39,
176116 63 0.84,
176119 44 0.44,
176199 55 0.97,
176222 70 0.31,
176279 93 0.78,
176325 75 0.8,
176358 43 0.55,
176435 48 0.13,
176460 69 0.86,
176547 80 0.03,
176617 31 0.25,
176643 78 0.96,
176732 8 0.18,
176819 6 0.69,
176847 43 0.34,
176868 48 0.67,
176947 29 0.3,
177035 59 0.51,
177055 5 0.35,
177079 22 0.13,
177083 18 0.75,
177114 65 0.63,
177118 25 0.97,
177124 80 0.38,
177209 61 0.8,
177256 73 0.61,
177296 9 0.79,
177373 52 1.0,
177432 2 0.95,
177479 31 0.25,
177497 65 0.14,
177508 29 0.41,
177564 42 0.43,
177598 57 0.31,
177664 22 0.08,
177721 10 0.01,
177761 85 0.95,
177791 72 0.15,
177838 69 0.22,
177919 11 0.2,
177935 38 0.46,
177993 97 0.25,
177995 10 0.51,
178063 7 0.77,
178085 95 0.71,
178170 86 0.62,
178176 65 0.17,
178250 47 0.74,
178269 84 0.11,
178289 81 0.72,
178316 98 0.13,
178327 41 0.73,
178400 34 0.83,
178431 50 0.8,
178461 99 0.16,
178492 52 0.85,
178493 74 0.09,
178512 84 0.57,
178582 68 0.17,
178591 93 0.54,
178600 62 0.97,
178655 51 0.31,
178712 22 0.03,
178765 65 0.16,
178816 81 0.9,
178849 81 0.24,
178903 25 0.15,
178988 2 0.21,
179016 87 0.24,
179026 28 0.2,
179051 45 0.26,
179074 65 0.38,
179087 6 0.37,
179140 27 0.65,
179179 76 0.35,
179228 10 0.65,
179237 14 0.72,
179320 56 0.47,
179358 94 0.97,
179366 38 0.18,
179431 41 0.02,
179442 38 0.79,
179476 17 0.69,
179494 29 0.12,
179577 99 0.32,
179664 47 0.7,
179720 98 0.41,
179735 3 0.73,
179777 70 0.9,
179858 75 0.07,
179932 19 0.03,
179959 79 0.59,
180004 19 0.28,
180075 40 0.55,
180131 82 0.64,
180191 8 0.72,
180206 70 0.31,
180228 9 0.91,
180262 49 0.24,
180296 82 0.25,
180340 42 0.25,
180423 24 0.01,
180480 63 0.52,
180565 47 0.43,
180580 73 0.41,
180642 20 0.07,
180723 93 0.97,
180799 21 0.48,
180815 57 0.75,
180834 99 0.84,
180859 60 0.31,
180871 76 0.02,
180907 96 0.59,
180995 53 0.71,
181020 44 0.64,
181040 2 0.08,
181111 11 0.27,
181168 76 0.5,
181178 63 0.29,
181230 6 0.43,
181280 63 0.21,
181297 44 0.22,
181345 67 0.14,
181423 72 0.62,
181465 50 0.55,
181505 73 0.46,
181511 36 0.24,
181570 20 0.25,
181581 65 0.02,
181637 82 0.16,
181662 85 0.43,
181706 83 0.12,
181727 73 0.58,
181789 54 0.79,
181830 39 0.87,
181830 30 0.55,
181868 39 0.35,
181956 67 0.13,
182020 20 0.8,
182091 3 0.51,
182130 29 0.53,
182161 22 0.3,
182194 87 0.39,
182207 83 0.62,
182248 54 0.92,
182334 91 0.11,
182398 84 0.62,
182416 18 0.5,
182458 32 0.54,
182530 51 0.85,
182578 2 0.73,
182667 71 1.0,
182687 51 0.91,
182707 42 0.74,
182754 25 0.78,
182801 76 0.85,
182872 74 0.15,
182896 42 0.31,
182985 9 0.32,
183049 3 0.29,
183049 52 0.48,
183078 12 0.67,
183104 55 0.26,
183174 60 0.22,
183221 40 0.74,
183253 14 0.44,
183267 81 0.29,
183267 60 0.58,
183325 52 0.07,
183348 59 0.67,
183387 14 0.32,
183467 2 0.98,
183480 88 0.27,
183488 74 0.78,
183502 50 0.49,
183565 21 0.61,
183644 57 0.03,
183692 50 0.42,
183727 61 0.48,
183783 63 0.74,
183787 17 0.32,
183858 31 0.09,
183898 20 0.83,
183923 42 0.9,
183935 28 0.42,
184017 94 0.05,
184063 81 0.12,
184084 47 0.44,
184086 53 0.99,
184165 44 0.06,
184177 63 0.64,
184244 26 0.34,
184289 43 0.19,
184324 36 0.81,
184409 60 0.42,
184463 32 0.26,
184548 27 0.28,
184583 21 0.35,
184637 78 0.22,
184706 15 0.32,
184771 85 0.85,
184857 66 0.5,
184935 67 0.03,
184998 22 0.84,
185009 10 0.1,
185069 1 0.14,
185079 37 0.68,
185113 82 0.09,
185152 40 0.49,
185163 72 0.49,
185199 24 0.55,
185286 56 0.23,
185301 54 0.92,
185378 99 0.68,
185446 70 0.81,
185471 27 0.95,
185549 20 0.75,
185589 42 0.57,
185589 90 0.86,
185647 36 0.89,
185681 25 0.62,
185750 88 0.69,
185820 41 0.56,
185883 83 0.71,
185970 90 0.99,
186003 87 0.83,
186027 59 0.81,
186048 52 0.58,
186129 44 0.28,
186164 48 0.48,
186179 18 0.23,
186224 89 0.22,
186272 36 0.92,
186289 44 0.32,
186327 56 0.8,
186397 26 0.8,
186419 80 0.84,
186447 9 0.06,
186456 56 0.73,
186510 2 0.05,
186578 10 0.3,
186581 81 0.32,
186651 92 0.28,
186689 85 0.29,
186766 38 0.82,
186809 63 0.87,
186851 36 0.3,
186880 38 0.65,
186912 49 0.61,
187001 12 0.35,
187016 1 0.13,
187062 50 0.72,
187136 50 0.59,
187166 29 0.63,
187239 19 0.55,
187328 66 0.53,
187345 32 0.6,
187420 94 0.23,
187423 68 0.63,
187449 5 0.55,
187452 69 0.97,
187464 96 0.59,
187485 28 0.86,
187568 9 0.2,
187570 45 0.34,
187584 65 0.96,
187638 31 0.36,
187714 63 0.65,
187731 4 0.95,
187819 67 0.17,
187828 51 0.3,
187889 10 0.11,
187962 54 0.07,
188016 45 0.09,
188051 10 0.05,
188133 61 0.28,
188184 64 0.98,
188271 86 0.63,
188333 30 0.79,
188350 70 0.67,
188410 16 0.9,
188470 12 0.86,
188475 92 0.69,
188529 45 0.36,
188575 91 0.09,
188606 29 0.53,
188610 97 0.09,
188627 77 0.11,
188667 62 0.34,
188689 10 0.43,
188711 87 0.98,
188737 26 0.32,
188823 99 0.66,
188883 80 0.91,
188948 43 0.77,
189030 64 0.84,
189082 51 0.05,
189146 74 0.83,
189221 21 0.06,
189238 21 0.77,
189278 53 0.76,
189313 26 0.38,
189329 52 0.4,
189346 87 0.43,
189389 68 0.35,
189443 64 0.42,
189448 44 0.3,
189474 4 0.9,
189520 55 0.37,
189544 39 0.83,
189628 29 0.43,
189653 0 0.58,
189733 14 0.43,
189804 46 0.1,
189804 47 0.29,
189865 34 0.34,
189895 17 0.75,
189942 39 0.25,
190018 4 0.63,
190018 53 0.52,
190084 18 0.18,
190162 60 0.65,
190238 47 0.46,
190289 45 0.82,
190300 38 0.92,
190375 45 0.83,
190383 93 0.1,
190402 70 0.72,
190454 63 0.19,
190475 71 0.62,
190523 63 0.97,
190559 1 0.93,
190610 22 0.01,
190633 65 0.55,
190694 49 0.06,
190743 65 0.91,
190791 12 0.33,
190874 81 0.91,
190951 87 0.84,
191030 47 0.85,
191049 97 0.77,
191050 78 0.69,
191104 23 1.0,
191189 5 0.88,
191226 66 0.83,
191255 59 0.96,
191282 47 0.36,
191359 30 0.68,
191435 24 0.8,
191478 10 0.07,
191558 36 0.98,
191602 23 0.38,
191636 1 0.98,
191653 16 0.07,
191720 92 0.22,
191753 59 0.94,
191759 3 0.02,
191840 9 0.03,
191874 23 0.08,
191916 54 0.07,
191941 58 0.7,
192005 15 0.27,
192036 60 0.09,
192058 20 0.32,
192114 26 0.5,
192188 66 0.3,
192247 85 0.25,
192320 40 0.65,
192388 91 0.68,
192432 20 0.91,
192506 5 0.45,
192523 74 0.61,
192551 22 0.82,
192629 49 0.41,
192694 96 0.17,
192712 14 0.26,
192747 87 0.79,
192802 9 0.75,
192810 89 0.87,
192821 11 0.56,
192854 95 0.4,
192922 28 0.24,
192949 19 0.85,
192996 86 0.91,
193060 21 0.02,
193092 95 0.2,
193093 74 0.14,
193111 26 0.06,
193184 59 0.54,
193236 25 0.73,
193294 31 0.93,
193341 67 0.67,
193422 7 0.13,
193432 57 0.18,
193497 66 0.92,
193575 36 0.84,
193578 9 0.15,
193631 7 0.14,
193686 85 0.09,
193760 14 0.63,
193791 59 0.73,
193827 50 0.53,
193891 95 0.72,
193972 72 0.59,
194029 94 0.31,
194038 11 0.15,
194043 30 1.0,
194095 82 0.09,
194133 66 0.49,
194166 53 0.05,
194218 33 0.53,
194232 5 0.23,
194266 74 0.26,
194294 71 0.66,
194378 86 0.64,
194419 16 0.33,
194436 61 0.76,
194439 89 0.57,
194473 80 0.32,
194516 84 0.71,
194566 78 0.36,
194579 75 0.31,
194634 40 0.98,
194714 17 0.92,
194797 25 0.72,
194882 97 0.67,
194947 87 0.23,
194968 2 0.65,
195011 88 0.18,
195042 87 0.88,
195079 97 0.28,
195123 66 0.65,
195174 52 0.82,
195205 71 0.94,
195218 74 0.17,
195229 18 0.48,
195276 35 0.73,
195310 96 0.16,
195334 32 0.66,
195359 87 0.2,
195408 83 0.31,
195489 77 0.85,
195529 68 0.17,
195560 8 0.19,
195569 67 0.49,
195575 94 0.91,
195662 95 0.51,
195677 92 0.33,
195736 72 0.86,
195769 7 0.6,
195857 87 0.77,
195891 0 0.62,
195950 19 0.79,
196033 85 0.03,
196080 81 0.01,
196132 32 0.31,
196200 40 0.71,
196214 60 0.68,
196219 21 0.09,
196289 40 0.92,
196308 16 0.63,
196343 70 0.19,
196389 70 0.79,
196425 38 0.53,
196486 41 0.99,
196514 25 0.85,
196514 93 0.56,
196592 85 0.83,
196622 72 0.07,
196698 82 0.27,
196740 90 0.47,
196795 52 0.84,
196837 44 0.78,
196887 26 0.79,
196932 10 0.42,
196947 18 0.59,
196985 71 0.73,
197063 39 0.47,
197132 59 0.72,
197148 52 0.98,
197221 90 0.42,
197254 61 0.75,
197282 30 0.39,
197368 36 0.87,
197433 42 1.0,
197519 61 0.17,
197549 17 0.94,
197556 43 0.96,
197602 98 0.98,
197620 9 0.74,
197653 6 0.13,
197686 43 0.94,
197733 72 0.06,
197740 61 0.5,
197777 49 0.79,
197836 60 0.56,
197844 14 0.8,
197883 36 0.31,
197970 74 0.49,
198043 74 0.89,
198073 5 0.86,
198115 98 0.5,
198117 51 0.14,
198170 96 0.01,
198170 41 0.78,
198214 86 0.85,
198270 18 0.58,
198329 6 0.89,
198418 24 0.48,
198465 69 0.25,
198544 9 0.15,
198560 74 0.71,
198567 82 0.54,
198600 53 0.93,
198644 11 0.2,
198688 47 0.44,
198701 37 0.69,
198701 60 0.25,
198705 81 0.64,
198764 0 0.59,
198775 85 0.79,
198812 73 0.19,
198883 9 0.12,
198923 4 0.32,
198970 76 0.56,
199023 95 0.08,
199053 96 0.84,
199138 83 0.19,
199202 79 0.55,
199219 72 0.73,
199260 77 0.25,
199285 72 0.76,
199348 2 0.45,
199397 52 0.03,
199441 24 0.24,
199518 6 0.9,
199589 38 0.01,
199644 68 0.08,
199724 43 0.8,
199749 97 0.77,
199802 87 0.72,
199825 28 0.27,
199865 78 0.14,
199927 77 0.72,
199980 6 0.04,
200055 11 0.12,
200119 16 0.79,
200132 99 0.86,
200198 83 0.02,
200257 80 0.66,
200290 41 0.08,
200368 2 0.57,
200432 74 0.91,
200485 1 0.62,
200551 29 0.7,
200594 63 0.61,
200600 26 0.97,
200676 69 0.47,
200696 40 0.32,
200776 53 0.99,
200837 99 0.61,
200910 29 0.17,
200967 82 0.93,
201010 38 0.69,
201086 26 0.58,
201140 83 0.4,
201226 10 0.99,
201299 36 0.69,
201327 89 0.65,
201400 31 0.78,
201405 91 0.47,
201490 92 0.3,
201560 41 0.77,
201591 24 0.69,
201656 9 0.54,
201662 56 0.49,
201702 14 0.5,
201741 32 0.31,
201742 73 0.06,
201814 17 0.24,
201874 34 0.77,
201950 72 0.41,
202005 93 0.7,
202035 61 0.37,
202047 4 0.97,
202124 48 0.58,
202210 31 0.44,
202268 86 0.03,
202279 68 0.38,
202360 81 0.03,
202438 51 0.13,
202494 2 0.79,
202516 40 0.08,
202602 51 0.82,
202682 7 0.71,
202769 4 0.71,
202770 74 0.19,
202806 41 0.86,
202852 55 0.23,
202856 28 0.52,
202860 65 0.36,
202902 25 0.76,
202920 23 0.91,
202947 99 0.38,
203014 16 0.4,
203097 36 0.05,
203182 95 0.02,
203245 33 0.59,
203272 63 0.51,
203298 60 0.6,
203318 25 0.16,
203334 53 0.5,
203394 27 0.77,
203441 84 0.21,
203517 79 0.07,
203584 90 0.14,
203662 74 0.95,
203729 75 0.55,
203803 1 0.1,
203868 69 0.53,
203883 81 0.83,
203911 3 0.85,
203949 32 0.61,
204005 61 0.2,
204085 60 0.68,
204139 57 0.8,
204170 45 0.52,
204212 15 0.46,
204216 53 0.43,
204242 86 0.14,
204244 31 0.67,
204328 65 0.79,
204414 24 0.47,
204425 57 0.98,
204481 73 0.22,
204511 3 0.34,
204551 45 0.2,
204570 56 0.76,
204603 34 0.66,
204641 36 0.82,
204649 58 0.22,
204696 84 0.64,
204717 31 0.71,
204734 81 0.8,
204776 10 0.57,
204827 22 0.76,
204849 24 0.68,
204863 8 0.63,
204870 70 0.1,
204921 87 0.17,
205001 31 0.18,
205032 57 0.07,
205118 96 0.32,
205119 80 0.83,
205129 49 0.74,
205202 6 0.25,
205270 7 0.89,
205290 13 0.17,
205357 25 0.81,
205428 82 0.31,
205468 73 0.95,
205537 22 0.32,
205549 34 0.41,
205602 39 0.63,
205625 93 0.4,
205670 92 0.34,
205676 91 0.48,
205689 54 0.92,
205777 40 0.14,
205851 40 0.82,
205908 17 0.69,
205936 5 0.44,
205944 24 0.03,
205949 67 0.24,
205989 88 0.31,
206043 21 0.28,
206083 11 0.33,
206085 49 0.31,
206153 6 0.15,
206199 80 0.3,
206286 12 0.97,
206286 83 0.65,
206345 22 0.69,
206375 5 0.19,
206427 31 0.06,
206447 53 0.08,
206459 70 0.57,
206537 26 0.36,
206568 54 0.34,
206584 14 0.25,
206637 3 0.73,
206644 66 0.69,
206709 70 0.49,
206733 45 0.02,
206786 20 0.67,
206875 52 0.66,
206901 80 0.39,
206965 62 0.8,
206971 12 0.14,
207059 76 0.37,
207077 92 0.49,
207117 96 0.86,
207145 37 0.64,
207195 24 0.81,
207214 97 0.7,
207270 89 0.29,
207319 89 0.2,
207396 77 0.08,
207452 11 0.05,
207501 90 0.47,
207501 46 0.56,
207537 77 0.71,
207570 31 0.75,
207657 43 0.52,
207716 18 0.18,
207757 46 0.74,
207814 59 0.89,
207886 2 0.53,
207965 45 0.91,
208038 10 0.52,
208068 53 0.44,
208106 96 0.04,
208148 76 0.37,
208180 87 0.73,
208265 50 0.64,
208293 23 0.85,
208351 55 0.79,
208380 41 0.04,
208454 13 0.47,
208519 17 0.7,
208583 54 0.67,
208635 14 0.93,
208689 4 0.9,
208750 94 0.31,
208816 25 0.6,
208882 69 0.17,
208924 39 0.53,
208934 29 0.92,
208972 92 0.26,
208990 16 0.51,
209062 58 0.94,
209066 80 0.26,
209099 23 0.09,
209107 63 0.14,
209158 68 0.82,
209218 28 0.57,
209283 65 0.02,
209311 99 0.98,
209380 97 0.09,
209439 17 0.78,
209475 2 0.26,
209555 69 0.74,
209627 15 0.28,
209660 78 0.12,
209720 15 0.46,
209737 53 0.05,
209783 62 0.92,
209849 98 0.06,
209935 93 0.51,
210002 24 0.67,
210045 0 0.61,
210054 90 0.35,
210098 35 0.47,
210161 91 0.43,
210198 36 0.75,
210217 97 0.95,
210227 7 0.78,
210249 96 0.72,
210325 85 0.94,
210327 59 0.87,
210369 26 0.24,
210374 55 0.56,
210375 2 0.11,
210437 28 0.4,
210479 20 0.87,
210550 3 0.49,
210591 93 0.63,
210593 16 0.08,
210642 88 0.94,
210688 90 0.82,
210727 20 0.3,
210779 1 0.21,
210791 64 0.01,
210844 77 0.74,
210899 13 0.78,
210908 19 0.56,
210912 34 0.12,
210980 22 0.92,
211005 93 0.03,
211032 18 0.48,
211074 82 0.4,
211090 72 0.72,
211131 13 0.23,
211220 92 0.86,
211262 16 0.04,
211347 0 0.25,
211351 89 0.77,
211367 25 0.64,
211439 95 0.35,
211441 37 0.96,
211464 8 0.17,
211495 73 0.13,
211499 10 0.19,
211556 88 0.58,
211578 47 0.51,
211584 6 0.89,
211648 82 0.14,
211663 0 0.41,
211735 61 0.72,
211753 56 0.25,
211794 2 0.78,
211806 9 0.39,
211883 3 0.81,
211901 85 0.38,
211970 5 0.86,
211971 36 0.92,
211976 20 0.05,
212042 11 0.26,
212054 75 0.01,
212056 84 0.57,
212129 89 0.42,
212178 83 0.71,
212249 94 0.68,
212292 12 0.4,
212338 7 0.86,
212366 30 0.2,
212435 74 0.35,
212505 20 0.47,
212560 0 0.9,
212630 35 0.3,
212713 90 0.46,
212756 38 0.21,
212833 14 0.37,
212878 37 0.88,
212894 10 0.21,
212966 26 0.34,
212993 40 0.06,
213051 65 0.78,
213073 17 0.6,
213088 59 0.67,
213168 81 0.1,
213214 50 0.96,
213259 44 0.57,
213294 80 0.8,
213321 82 1.0,
213345 80 0.64,
213395 15 0.52,
213436 69 0.51,
213507 55 0.05,
213517 85 0.45,
213559 21 0.65,
213585 66 0.81,
213673 0 0.09,
213744 30 0.55,
213801 73 0.2,
213882 45 0.94,
213896 47 0.1,
213921 51 0.61,
213937 92 0.53,
214014 49 0.25,
214096 78 0.39,
214113 32 0.13,
214129 22 0.61,
214197 5 0.49,
214248 59 0.8,
214314 60 0.6,
214366 14 0.38,
214383 70 0.16,
214389 81 0.1,
214429 75 0.25,
214434 4 0.03,
214521 66 0.78,
214552 20 0.79,
214594 56 0.66,
214658 25 0.78,
214706 69 0.2,
214758 47 0.07,
214774 46 0.95,
214834 4 0.64,
214856 40 0.05,
214941 69 0.48,
215006 54 0.48,
215029 37 0.03,
215107 66 0.87,
215176 54 0.64,
215220 31 0.63,
215276 20 0.66,
215334 98 0.88,
215348 79 0.84,
215353 11 0.1,
215363 83 0.76,
215417 74 0.54,
215457 49 0.18,
215518 4 0.15,
215601 10 0.14,
215614 92 0.52,
215690 90 0.37,
215741 96 0.49,
215822 29 0.05,
215874 7 0.46,
215952 48 0.05,
215952 94 0.91,
215987 40 0.19,
216013 6 0.91,
216032 21 0.65,
216047 26 0.63,
216105 20 0.82,
216110 5 0.07,
216180 55 0.07,
216240 87 0.04,
216326 20 0.98,
216401 92 0.07,
216453 50 0.92,
216528 72 0.8,
216543 30 0.42,
216556 13 0.51,
216584 50 0.56,
216657 24 0.41,
216681 93 0.13,
216755 97 0.54,
216773 8 0.7,
216847 68 0.33,
216913 32 0.42,
216998 58 0.98,
217077 35 0.46,
217077 81 0.92,
217121 44 0.12,
217193 0 0.12,
217261 17 0.43,
217316 73 0.1,
217328 8 0.21,
217373 26 0.42,
217395 65 0.33,
217445 53 0.34,
217477 4 0.91,
217559 95 1.0,
217591 56 0.48,
217673 55 0.44,
217693 66 0.9,
217705 37 0.74,
217730 72 0.09,
217811 78 0.79,
217892 97 0.89,
217899 15 0.04,
217926 51 0.21,
218009 23 0.27,
218054 39 0.51,
218123 45 0.37,
218144 80 0.75,
218184 64 0.31,
218208 40 0.8,
218260 64 0.81,
218343 17 0.74,
218427 2 0.68,
218467 66 0.51,
218507 51 0.05,
218564 61 0.58,
218565 16 0.5,
218635 96 0.33,
218701 7 0.72,
218717 3 0.72,
218774 34 0.23,
218814 3 0.3,
218824 70 0.04,
218898 80 0.55,
218944 76 0.93,
219023 48 0.49,
219065 42 0.13,
219152 2 0.33,
219240 67 0.63,
219304 3 0.99,
219328 4 0.19,
219417 35 0.76,
219475 7 0.79,
219545 30 0.96,
219628 40 0.55,
219644 48 0.09,
219676 33 0.69,
219722 46 0.7,
219736 24 0.57,
219756 75 0.35,
219816 3 0.17,
219818 46 1.0,
219865 39 0.14,
219872 99 0.38,
219909 55 0.62,
219954 47 0.3,
220003 33 0.48,
220069 74 0.15,
220118 1 0.76,
220125 56 0.65,
220125 25 0.18,
220162 79 0.7,
220237 21 0.1,
220245 40 0.11,
220270 98 0.27,
220315 75 0.91,
220324 18 0.87,
220391 12 0.32,
220428 34 0.17,
220471 35 0.07,
220545 16 0.71,
220553 21 0.1,
220575 42 0.09,
220652 42 0.99,
220727 49 0.26,
220740 70 0.96,
220753 56 0.76,
220836 18 0.1,
220861 7 0.53,
220862 18 0.73,
220886 59 0.54,
220956 77 0.79,
221014 92 0.9,
221047 19 0.39,
221074 34 0.79,
221077 21 0.65,
221139 4 0.22,
221224 93 0.23,
221238 78 0.94,
221325 2 0.36,
221376 94 0.78,
221388 95 0.55,
221400 79 0.91,
221483 96 0.03,
221512 69 0.72,
221572 15 0.03,
221572 87 0.55,
221655 0 0.86,
221686 33 0.52,
221695 72 0.74,
221727 46 0.66,
221783 56 0.23,
221814 26 0.31,
221861 52 0.89,
221887 8 0.07,
221941 68 0.92,
221971 63 0.14,
222019 50 0.04,
222063 48 0.13,
222085 48 0.72,
222155 92 1.0,
222178 67 0.53,
222225 73 0.16,
222256 33 0.06,
222261 8 0.42,
222316 90 0.51,
222368 99 0.36,
222411 8 0.63,
222462 54 0.08,
222533 24 0.05,
222573 39 0.93,
222596 28 0.64,
222646 84 0.69,
222691 43 0.96,
222772 10 0.12,
222803 82 0.34,
222805 33 0.53,
222859 28 0.53,
222948 49 0.53,
222962 31 0.06,
222985 61 0.92,
222985 95 0.18,
223032 81 0.94,
223104 45 0.08,
223152 35 0.73,
223171 70 0.35,
223218 32 0.28,
223284 6 0.21,
223363 12 0.44,
223398 29 0.16,
223486 71 0.31,
223535 59 0.75,
223563 64 0.28,
223566 40 0.26,
223577 79 0.07,
223629 18 0.26,
223706 10 0.84,
223777 41 0.54,
223790 27 0.51,
223825 58 0.1,
223863 53 0.32,
223903 26 0.27,
223984 65 0.95,
224007 94 0.47,
224017 72 0.58,
224023 3 0.29,
224044 5 0.44,
224118 42 0.27,
224172 39 0.35,
224252 26 0.84,
224299 78 0.02,
224354 51 0.53,
224377 48 0.6,
224406 43 0.53,
224460 25 0.51,
224516 27 0.97,
224544 88 0.54,
224583 25 0.89,
224638 91 0.18,
224710 27 0.46,
224746 12 0.92,
224773 63 0.77,
224819 35 0.36,
224893 68 0.94,
224924 42 0.09,
224927 30 0.71,
224970 93 0.32,
225054 79 0.4,
225087 14 0.9,
225104 61 0.23,
225130 71 0.01,
225154 76 0.57,
225221 39 1.0,
225253 53 0.78,
225307 40 0.91,
225331 26 0.53,
225409 80 0.79,
225496 90 0.78,
225538 53 0.75,
225582 75 0.67,
225654 56 0.48,
225659 83 0.94,
225714 17 0.22,
225734 64 0.03,
225815 80 0.67,
225902 78 0.74,
225964 38 0.71,
226036 76 0.84,
226093 36 0.64,
226166 0 0.6,
226230 16 0.55,
226307 77 0.01,
226353 2 0.87,
226391 11 0.77,
226453 26 0.2,
226526 65 0.91,
226553 21 0.39,
226593 16 0.88,
226594 61 0.14,
226636 7 0.48,
226691 97 0.62,
226701 25 0.22,
226747 99 0.97,
226797 36 0.44,
226868 10 0.64,
226954 39 0.76,
227029 45 0.79,
227057 88 0.03,
227111 89 0.38,
227162 82 0.01,
227230 25 0.17,
227254 14 0.2,
227255 99 0.08,
227292 99 0.78,
227319 57 0.22,
227400 25 0.83,
227474 58 0.06,
227488 11 0.76,
227544 62 0.55,
227566 40 0.14,
227640 68 0.4,
227718 95 0.79,
227778 13 0.81,
227801 83 0.86,
227823 42 0.29,
227839 47 0.65,
227922 49 0.28,
227956 19 0.27,
228020 39 0.5,
228092 27 0.78,
228099 23 0.15,
228178 35 0.71,
228256 26 0.27,
228337 96 0.51,
228369 62 0.36,
228408 70 0.44,
228463 13 0.08,
228537 48 0.84,
228611 51 0.57,
228660 60 0.34,
228714 93 0.88,
228791 14 0.77,
228865 74 0.47,
228947 97 0.02,
228947 51 0.9,
228995 28 0.75,
229026 56 0.71,
229048 97 0.52,
229127 77 0.15,
229137 66 0.57,
229180 57 0.89,
229213 85 0.84,
229230 70 0.17,
229306 28 0.77,
229342 18 0.54,
229398 1 0.94,
229406 34 0.24,
229429 15 0.99,
229495 91 0.56,
229516 9 0.01,
229568 64 0.27,
229581 28 0.58,
229605 90 0.6,
229682 55 0.13,
229724 8 0.5,
229737 55 0.19,
229791 93 0.74,
229855 76 0.37,
229876 65 0.6,
229886 40 0.5,
229964 27 0.39,
230043 38 0.83,
230074 88 0.26,
230163 82 0.08,
230244 71 0.6,
230269 56 0.85,
230355 14 0.07,
230443 25 0.37,
230445 81 0.94,
230483 39 0.27,
230544 54 0.49,
230633 69 0.64,
230661 63 0.76,
230723 76 0.8,
230802 3 0.95,
230866 75 0.86,
230919 70 0.26,
230929 74 0.59,
230948 69 0.44,
231015 99 0.09,
231048 19 0.68,
231115 78 0.14,
231127 3 0.7,
231156 33 0.94,
231234 55 0.06,
231289 67 0.37,
231371 74 0.81,
231398 54 0.48,
231455 35 0.3,
231463 57 0.04,
231480 99 0.18,
231498 67 0.74,
231547 84 0.93,
231622 62 0.97,
231653 79 0.21,
231665 80 0.51,
231749 55 0.5,
231823 39 0.23,
231899 87 0.36,
231925 24 0.31,
231953 84 0.98,
231989 9 0.18,
232005 57 0.94,
232088 68 0.5,
232111 84 0.07,
232174 71 0.3,
232261 12 0.38,
232306 21 0.71,
232365 17 0.5,
232444 29 0.28,
232444 98 0.15,
232503 19 0.93,
232557 89 0.41,
232572 14 0.58,
232633 43 0.64,
232689 46 0.55,
232743 26 0.2,
232807 48 0.7,
232821 76 0.2,
232851 96 0.96,
232861 83 0.12,
232916 82 0.43,
232934 29 0.14,
232991 92 0.97,
233023 37 0.11,
233084 70 0.74,
233111 13 0.61,
233159 62 0.75,
233166 15 0.19,
233206 53 1.0,
233281 61 0.46,
233301 38 0.54,
233318 93 0.16,
233349 3 0.01,
233413 77 0.89,
233459 71 0.63,
233524 2 0.43,
233608 46 0.92,
233681 53 0.92,
233754 42 0.78,
233831 39 0.06,
233911 82 0.61,
233982 32 0.3,
234033 57 0.37,
234111 97 0.33,
234114 57 0.32,
234181 12 0.82,
234238 21 0.06,
234293 82 0.96,
234304 50 0.33,
234321 17 0.13,
234396 38 0.05,
234473 63 0.63,
234509 73 0.2,
234522 44 0.97,
234549 35 0.17,
234593 94 0.99,
234664 71 0.18,
234705 43 0.26,
234781 24 0.42,
234814 91 0.07,
234855 26 0.11,
234874 46 0.74,
234893 86 0.87,
234920 33 0.82,
234952 9 0.05,
234965 20 0.88,
235000 16 0.6,
235087 9 0.3,
235117 45 0.57,
235176 55 0.34,
235236 17 0.17,
235309 99 0.55,
235387 89 0.53,
235469 59 0.81,
235523 2 0.55,
235572 40 0.82,
235643 24 0.77,
235694 64 0.17,
235724 54 0.1,
235793 55 0.82,
235841 21 0.95,
235918 4 0.66,
235940 18 0.8,
236028 25 0.41,
236081 16 0.38,
236113 30 0.4,
236188 38 0.29,
236265 70 0.95,
236291 54 0.26,
236313 5 0.87,
236378 17 0.14,
236439 11 0.5,
236520 8 0.62,
236548 21 0.06,
236562 42 0.61,
236634 72 0.28,
236666 94 0.35,
236694 16 0.38,
236709 58 0.42,
236784 70 0.38,
236856 56 0.87,
236899 96 0.42,
236942 54 0.6,
236949 25 0.19,
236998 1 0.84,
237078 93 0.26,
237133 24 0.62,
237185 10 0.19,
237249 74 0.43,
237311 98 0.3,
237356 92 0.65,
237360 42 0.49,
237443 47 0.54,
237526 29 0.91,
237556 14 0.83,
237585 70 0.19,
237637 97 0.28,
237725 10 0.73,
237749 66 0.93,
237788 26 0.07,
237871 8 0.02,
237887 35 0.35,
237941 78 0.8,
238027 36 0.64,
238035 81 0.93,
238112 10 0.96,
238141 11 0.56,
238184 92 0.07,
238212 10 0.07,
238278 65 0.82,
238323 88 0.16,
238394 10 0.23,
238401 6 0.65,
238409 11 0.89,
238445 51 0.75,
238460 3 0.85,
238479 59 0.89,
238568 48 0.74,
238629 69 0.64,
238654 11 0.18,
238658 78 0.76,
238740 87 0.29,
238761 73 0.65,
238794 32 0.67,
238824 29 0.38,
238860 67 0.73,
238864 17 0.66,
238869 98 0.1,
238912 66 0.75,
238985 15 0.44,
238986 20 0.2,
239057 33 0.81,
239073 79 0.91,
239161 98 0.24,
239237 93 0.18,
239299 48 0.46,
239330 9 0.35,
239375 80 0.07,
239433 30 0.23,
239443 81 0.37,
239500 28 0.22,
239550 1 0.93,
239602 76 0.87,
239621 22 0.18,
239696 87 0.86,
239740 24 0.67,
239819 75 0.73,
239880 10 0.32,
239914 8 0.61,
240002 31 0.92,
240070 86 0.8,
240112 1 0.61,
240153 32 0.34,
240190 47 0.71,
240272 89 0.81,
240321 68 0.24,
240409 74 0.41,
240417 7 0.6,
240457 39 0.12,
240514 80 0.18,
240590 21 0.6,
240609 77 1.0,
240697 86 0.91,
240778 61 0.92,
240836 46 0.36,
240922 48 0.47,
240923 85 0.72,
240975 49 0.14,
240979 2 0.84,
241032 66 0.7,
241048 94 0.33,
241057 56 0.8,
241139 98 0.51,
241203 81 0.27,
241265 32 0.65,
241346 4 0.41,
241346 7 0.6,
241386 4 0.32,
241422 72 0.9,
241487 63 0.86,
241566 36 0.7,
241576 66 0.51,
241636 69 0.81,
241703 60 0.37,
241760 81 0.26,
241780 22 0.86,
241799 76 0.72,
241845 29 0.54,
241895 20 0.71,
241935 5 0.88,
241935 38 0.17,
242015 56 0.11,
242072 21 0.29,
242104 44 0.98,
242106 2 0.99,
242125 95 0.63,
242183 22 0.73,
242239 17 0.38,
242280 16 0.6,
242328 93 0.56,
242411 6 0.01,
242432 23 0.81,
242508 7 0.42,
242537 8 0.33,
242610 31 0.61,
242649 4 0.07,
242658 2 0.06,
242731 21 0.38,
242764 61 0.45,
242799 45 0.74,
242852 96 0.89,
242908 96 0.99,
242910 40 0.14,
242946 41 0.78,
242969 35 0.64,
242977 80 0.56,
242997 80 0.73,
243072 95 0.36,
243119 24 0.2,
243197 35 0.99,
243264 79 0.33,
243320 60 0.15,
243330 77 0.87,
243369 63 0.27,
243407 24 0.92,
243467 32 0.36,
243519 52 0.09,
243599 68 0.01,
243612 84 0.31,
243665 16 0.91,
243680 29 0.05,
243756 41 0.18,
243807 29 0.4,
243855 99 0.1,
243891 56 0.95,
243912 72 0.57,
243937 8 0.47,
244015 47 0.22,
244041 82 0.7,
244055 90 0.44,
244091 31 0.06,
244134 71 0.14,
244175 68 0.87,
244250 62 0.52,
244263 12 0.92,
244272 77 0.48,
244354 19 0.42,
244422 85 0.01,
244509 74 0.99,
244522 28 0.86,
244572 18 0.86,
244622 82 0.97,
244631 7 0.33,
244702 21 0.96,
244779 97 0.63,
244812 75 0.96,
244890 43 0.4,
244946 85 0.12,
245004 90 0.52,
245047 31 0.68,
245119 21 0.76,
245185 76 0.15,
245259 5 0.9,
245321 40 0.08,
245343 76 0.99,
245363 33 0.43,
245426 13 0.45,
245451 20 0.18,
245538 11 0.07,
245546 34 0.63,
245565 62 0.14,
245620 89 0.71,
245655 13 0.98,
245740 71 0.24,
245829 57 0.1,
245841 58 0.86,
245875 59 0.01,
245920 29 0.94,
245937 94 0.64,
245961 70 0.88,
245973 97 0.46,
246027 22 0.11,
246040 98 0.01,
246120 1 0.87,
246125 6 0.08,
246187 9 0.72,
246191 25 0.68,
246199 84 0.91,
246239 41 0.93,
246296 74 0.09,
246377 77 0.43,
246430 41 0.7,
246467 16 0.69,
246511 6 0.03,
246523 51 0.4,
246595 25 0.27,
246675 22 0.99,
246704 87 0.49,
246717 60 0.97,
246759 86 0.64,
246841 89 0.31,
246863 26 0.77,
246866 88 0.02,
246944 96 0.24,
247011 62 0.71,
247077 53 0.73,
247160 87 0.69,
247162 75 0.52,
247215 41 0.62,
247296 5 0.46,
247371 25 0.58,
247443 70 0.68,
247456 10 0.12,
247512 7 0.18,
247552 52 0.66,
247623 39 0.51,
247648 37 0.8,
247692 78 0.88,
247729 1 0.9,
247775 94 0.06,
247812 36 0.66,
247845 13 0.02,
247856 57 0.16,
247859 72 0.76,
247905 45 0.51,
247959 73 0.33,
247994 4 0.3,
248035 54 0.29,
248069 1 0.79,
248097 86 0.65,
248135 42 0.86,
248158 6 0.21,
248206 30 0.17,
248207 35 0.44,
248207 57 0.41,
248242 49 0.33,
248296 69 0.07,
248323 24 0.02,
248394 70 0.63,
248432 81 0.92,
248493 32 0.63,
248573 12 0.88,
248657 35 0.01,
248727 53 0.44,
248772 52 0.14,
248796 53 0.04,
248815 24 0.94,
248841 64 0.65,
248856 74 0.34,
248931 84 0.4,
248950 32 0.72,
248988 47 0.52,
248988 39 0.69,
249000 5 0.93,
249084 48 0.93,
249092 56 0.52,
249112 6 0.54,
249191 19 0.95,
249223 73 0.12,
249285 57 0.01,
249296 28 0.32,
249325 2 0.14,
249371 38 0.68,
249430 91 0.16,
249495 82 0.16,
249525 66 0.88,
249573 31 0.45,
249614 29 0.23,
249675 57 0.73,
249744 99 0.13,
249763 60 0.11,
249818 16 0.45,
249820 15 0.4,
249896 30 0.48,
249932 5 0.11,
249995 33 0.13,
250079 22 0.77,
250093 5 0.28,
250131 55 0.66,
250152 4 0.92,
250219 67 0.27,
250232 96 0.35,
250314 72 0.45,
250326 69 0.88,
250408 19 0.24,
250468 8 0.68,
250523 63 0.75,
250529 48 0.39,
250566 69 0.39,
250604 88 0.34,
250629 95 0.73,
250691 21 0.71,
250760 37 0.46,
250824 48 0.43,
250905 67 0.44,
250960 23 0.24,
250991 76 0.96,
251017 82 0.03,
251077 80 0.22,
251114 76 0.99,
251144 9 0.07,
251165 28 0.96,
251207 38 0.98,
251243 19 0.71,
251271 94 0.7,
251333 9 0.1,
251391 1 0.66,
251407 17 0.4,
251478 85 0.51,
251530 51 0.18,
251548 46 0.16,
251575 99 0.9,
251635 44 0.14,
251657 19 0.93,
251681 23 0.73,
251720 45 0.67,
251722 85 0.11,
251729 31 0.8,
251760 53 0.55,
251770 13 0.33,
251774 57 0.55,
251863 88 0.29,
251883 21 0.2,
251939 88 0.38,
251965 54 0.88,
252041 6 0.91,
252047 9 0.07,
252102 72 0.41,
252186 91 0.36,
252217 94 0.11,
252278 48 0.87,
252297 20 0.59,
252383 15 0.24,
252418 56 0.7,
252440 19 0.6,
252487 84 0.08,
252529 34 0.93,
252607 89 0.49,
252659 12 0.5,
252690 69 0.49,
252753 99 0.45,
252842 4 0.94,
252917 46 0.4,
252939 87 0.42,
252987 32 0.01,
252996 50 0.58,
253045 68 0.3,
253101 16 0.17,
253134 0 0.41,
253144 49 0.59,
253200 78 0.6,
253223 40 0.08,
253298 45 0.24,
253349 78 0.92,
253412 26 0.79,
253454 93 0.29,
253474 87 0.04,
253488 75 0.75,
253509 60 0.15,
253558 45 0.83,
253609 35 0.43,
253679 77 0.4,
253765 43 0.97,
253779 44 0.32,
253826 46 0.51,
253858 4 0.6,
253925 81 0.83,
253960 31 0.52,
254044 27 0.67,
254104 46 0.93,
254171 31 0.16,
254207 5 0.43,
254254 74 0.96,
254308 17 0.23,
254326 65 0.29,
254361 11 0.24,
254403 96 0.31,
254489 53 0.44,
254494 19 0.99,
254496 3 0.36,
254526 19 0.45,
254576 54 0.46,
254656 99 0.17,
254722 82 0.55,
254728 86 0.54,
254758 71 0.89,
254798 44 0.32,
254828 10 0.86,
254849 41 0.43,
254885 46 0.05,
254913 3 0.84,
254988 54 0.04,
254998 53 0.95,
255031 11 0.31,
255047 54 0.17,
255135 70 0.44,
255175 54 0.83,
255249 72 0.88,
255331 24 0.33,
255414 13 0.56,
255429 79 0.34,
255490 68 0.08,
255564 49 0.88,
255603 4 0.49,
255642 51 0.54,
255673 22 0.96,
255701 12 0.31,
255732 50 0.84,
255817 19 0.83,
255874 64 0.02,
255957 3 0.97,
256008 57 0.21,
256021 47 0.99,
256026 14 0.5,
256073 1 0.42,
256119 20 0.49,
256190 70 0.74,
256256 76 0.92,
256301 30 0.7,
256378 36 0.65,
256458 70 0.1,
256476 4 0.27,
256491 14 0.13,
256562 11 0.5,
256620 62 0.04,
256652 47 0.69,
256712 94 0.06,
256716 69 1.0,
256778 95 0.64,
256809 73 0.94,
256813 53 0.05,
256888 37 0.64,
256920 28 0.24,
256969 46 0.15,
256998 80 0.71,
257047 58 0.89,
257080 8 0.98,
257081 87 0.28,
257105 58 0.34,
257107 80 0.55,
257179 93 0.01,
257187 21 0.12,
257193 60 0.27,
257257 29 0.18,
257308 28 0.71,
257309 75 0.32,
257392 35 0.58,
257401 52 0.41,
257412 93 0.93,
257492 50 0.51,
257543 40 0.76,
257624 98 0.74,
257683 33 0.42,
257760 52 0.85,
257770 82 0.31,
257791 49 0.25,
257801 9 0.12,
257857 95 0.36,
257858 63 0.26,
257942 98 0.06,
257950 79 0.98,
258038 88 0.88,
258087 81 0.08,
258176 17 0.61,
258218 81 0.75,
258220 0 0.2,
258266 2 0.01,
258279 33 0.72,
258338 90 0.76,
258397 9 0.89,
258419 25 0.75,
258497 52 0.91,
258550 40 0.55,
258571 11 0.05,
258617 74 0.48,
258668 70 0.99,
258749 56 0.84,
258824 73 0.13,
258824 86 0.33,
258880 5 0.71,
258964 64 0.9,
258983 88 0.94,
259034 46 0.3,
259087 77 0.28,
259107 97 0.13,
259140 57 0.11,
259193 65 0.66,
259225 68 0.94,
259252 54 0.08,
259265 42 0.93,
259269 42 0.86,
259283 59 1.0,
259366 45 0.8,
259378 47 0.11,
259378 68 0.61,
259385 56 0.55,
259430 82 0.81,
259446 27 0.8,
259506 40 0.1,
259558 65 0.12,
259646 61 0.65,
259671 24 0.53,
259759 0 0.72,
259790 6 0.21,
259802 61 0.13,
259804 55 1.0,
259883 26 0.81,
259914 57 0.6,
259927 14 0.19,
259968 85 0.09,
260041 73 0.47,
260051 77 0.13,
260113 33 0.2,
260141 28 0.54,
260181 71 0.4,
260220 66 0.29,
260220 50 0.53,
260284 33 0.39,
260303 61 0.45,
260378 3 0.03,
260380 79 0.69,
260441 92 0.86,
260520 10 0.99,
260540 88 0.16,
260614 57 0.55,
260674 37 0.41,
260712 68 0.26,
260765 37 0.79,
260847 97 0.7,
260930 67 0.87,
260972 53 0.22,
261055 75 0.77,
261095 93 0.65,
261162 45 0.76,
261185 70 0.89,
261249 98 0.44,
261277 2 0.52,
261345 7 0.75,
261359 76 0.3,
261442 35 0.47,
261491 30 0.28,
261579 89 0.87,
261625 61 0.8,
261630 99 0.41,
261681 39 0.55,
261690 88 0.12,
261718 46 1.0,
261793 48 0.78,
261877 43 0.07,
261914 32 0.49,
261999 14 0.12,
262019 22 0.25,
262066 22 0.25,
262130 30 0.74,
262161 79 0.71,
262244 61 0.77,
262316 30 0.97,
262333 30 0.09,
262411 20 0.6,
262499 60 0.18,
262538 35 0.95,
262606 4 0.82,
262672 63 0.69,
262679 11 0.56,
262684 60 0.08,
262767 23 0.99,
262844 88 0.16,
262928 61 0.28,
262944 56 0.81,
263004 82 0.6,
263066 62 0.31,
263139 97 0.1,
263162 69 0.88,
263226 66 0.51,
263270 13 0.33,
263289 25 0.18,
263365 91 0.39,
263382 25 0.77,
263444 95 0.69,
263516 4 0.99,
263561 60 0.07,
263588 76 0.27,
263647 34 0.8,
263694 42 0.36,
263710 33 0.57,
263769 15 0.87,
263828 72 0.14,
263897 34 0.04,
263953 83 0.23,
264022 42 0.43,
264037 50 0.89,
264043 86 0.66,
264049 80 0.64,
264122 87 0.91,
264156 3 0.39,
264167 15 0.53,
264199 80 0.01,
264208 35 0.76,
264265 60 0.79,
264268 85 0.55,
264284 78 0.01,
264347 10 0.55,
264391 31 0.31,
264418 78 0.75,
264444 43 0.62,
264480 13 0.51,
264551 51 0.63,
264609 43 0.14,
264658 68 0.79,
264703 17 0.8,
264717 48 0.77,
264795 37 0.06,
264796 12 0.75,
264845 2 0.55,
264915 52 0.96,
264923 80 0.12,
264964 60 0.07,
264990 94 0.05,
265011 0 0.84,
265090 4 0.52,
265126 4 0.2,
265186 13 0.44,
265188 5 0.17,
265255 18 0.06,
265282 63 0.86,
265287 79 0.84,
265339 84 0.4,
265419 18 0.07,
265445 60 0.88,
265505 98 0.24,
265583 59 0.73,
265626 29 0.74,
265701 37 0.85,
265759 15 0.72,
265823 94 0.84,
265896 81 0.47,
265968 46 0.01,
266026 87 0.11,
266100 60 0.5,
266104 19 0.46,
266126 50 0.52,
266144 75 0.04,
266157 76 0.58,
266190 32 0.74,
266200 52 0.49,
266287 41 0.29,
266315 91 0.46,
266380 18 0.47,
266388 59 0.24,
266428 42 0.64,
266510 92 0.41,
266592 92 0.81,
266630 59 0.05,
266678 12 0.8,
266703 9 0.51,
266782 99 0.07,
266838 49 0.41,
266913 22 0.66,
266937 99 0.94,
267007 52 0.36,
267044 84 0.4,
267046 6 0.01,
267125 64 0.26,
267125 50 0.9,
267164 81 0.77,
267198 17 0.02,
267238 3 0.79,
267288 22 0.33,
267333 19 0.59,
267393 78 0.96,
267416 0 0.9,
267441 58 0.46,
267467 63 0.45,
267536 76 0.28,
267536 48 0.06,
267610 33 0.57,
267665 19 0.36,
267718 13 0.96,
267728 73 0.68,
267733 2 0.08,
267776 23 0.33,
267865 30 0.84,
267891 26 0.38,
267925 53 0.37,
267948 9 0.08,
268008 70 0.04,
268049 44 0.53,
268098 43 0.61,
268123 48 0.84,
268180 42 0.84,
268255 40 0.61,
268336 97 0.07,
268361 14 0.67,
268427 89 0.09,
268505 18 0.77,
268552 60 0.71,
268569 39 0.26,
268615 57 0.11,
268678 57 0.88,
268720 8 0.97,
268756 32 0.42,
268784 98 0.87,
268800 52 0.07,
268817 93 0.53,
268824 65 0.1,
268861 24 0.03,
268892 18 0.55,
268956 45 0.1,
268998 6 0.84,
>)