sequence with 20 event types 
(120,222402,
<120 5 0.72,
135 8 0.79,
149 3 0.99,
229 18 0.86,
269 14 0.42,
341 1 0.01,
401 0 0.43,
489 19 0.04,
569 4 0.01,
638 6 0.53,
647 4 0.98,
672 6 0.06,
713 3 0.66,
770 5 0.02,
791 9 0.89,
825 19 0.25,
910 15 0.93,
943 7 0.84,
980 6 0.8,
1023 5 0.77,
1056 16 0.9,
1144 2 0.35,
1199 1 0.58,
1220 18 0.64,
1294 1 0.1,
1369 13 0.15,
1439 3 0.97,
1478 12 0.42,
1553 15 0.75,
1565 2 0.71,
1592 18 0.28,
1619 4 0.67,
1672 3 0.59,
1741 15 0.55,
1805 5 0.3,
1856 10 0.08,
1861 12 0.06,
1945 3 0.41,
1975 9 0.76,
1993 8 0.16,
2060 11 0.09,
2131 13 0.88,
2184 1 0.06,
2196 7 0.53,
2212 11 0.92,
2240 8 0.21,
2311 4 0.69,
2353 18 0.83,
2424 6 0.46,
2431 10 0.4,
2436 9 0.21,
2437 0 0.84,
2503 16 0.81,
2577 2 0.99,
2661 17 0.64,
2702 9 0.39,
2747 11 0.02,
2827 1 0.8,
2866 5 0.61,
2886 6 0.36,
2950 7 0.21,
2977 4 0.92,
2984 7 0.09,
3015 2 0.51,
3065 3 0.22,
3143 13 0.69,
3184 18 0.56,
3250 8 0.4,
3304 8 0.63,
3312 7 0.56,
3325 9 0.08,
3331 12 0.72,
3342 16 0.84,
3398 15 0.94,
3438 19 0.07,
3449 4 0.77,
3500 10 0.17,
3583 3 0.33,
3642 16 0.91,
3717 16 0.95,
3767 18 0.64,
3808 16 0.43,
3865 15 0.78,
3882 0 0.23,
3953 9 0.76,
3966 18 0.06,
4017 18 0.91,
4049 16 0.38,
4087 12 0.21,
4138 2 0.08,
4172 2 0.41,
4241 8 0.32,
4262 2 0.86,
4344 9 0.55,
4359 12 0.43,
4385 16 0.75,
4417 14 0.41,
4505 0 0.37,
4541 9 0.02,
4550 7 0.17,
4616 0 0.33,
4671 1 0.52,
4758 4 0.28,
4790 0 0.36,
4829 4 0.62,
4831 5 0.47,
4862 10 0.67,
4922 3 0.34,
4928 9 0.5,
4975 13 0.2,
5001 2 0.49,
5087 12 0.29,
5114 13 0.87,
5128 14 0.88,
5146 1 0.17,
5166 12 0.64,
5190 10 0.92,
5245 0 0.61,
5250 14 0.08,
5306 14 0.71,
5395 3 0.24,
5422 11 0.16,
5467 9 0.89,
5520 0 0.66,
5564 6 0.24,
5643 7 0.15,
5719 16 0.05,
5753 14 0.24,
5777 1 0.42,
5803 7 0.06,
5828 8 0.11,
5858 4 0.28,
5873 0 0.02,
5933 18 0.99,
5966 17 0.02,
6033 6 0.68,
6038 13 0.12,
6107 9 0.27,
6121 9 0.04,
6153 10 0.53,
6171 1 0.7,
6241 1 0.68,
6310 2 0.08,
6344 18 0.68,
6429 3 0.82,
6508 2 0.53,
6516 0 0.72,
6534 4 0.5,
6578 6 0.86,
6631 1 0.63,
6685 18 0.76,
6693 16 0.12,
6718 7 0.08,
6758 14 0.78,
6824 14 0.41,
6853 5 0.22,
6856 5 0.54,
6869 19 0.53,
6892 14 0.34,
6895 17 0.22,
6896 6 0.16,
6941 2 0.61,
6965 1 0.05,
7048 4 0.57,
7077 8 0.22,
7082 8 0.89,
7091 13 0.67,
7120 12 0.74,
7147 0 0.02,
7191 13 0.33,
7212 2 0.03,
7294 6 0.85,
7375 16 0.78,
7455 11 0.26,
7531 19 0.47,
7541 15 0.71,
7620 9 0.73,
7647 1 0.14,
7722 9 0.27,
7731 12 0.5,
7755 9 0.56,
7762 1 0.68,
7828 3 0.63,
7847 1 0.64,
7866 4 0.88,
7880 13 0.51,
7926 9 0.46,
8000 10 0.89,
8031 4 0.24,
8088 11 0.58,
8142 3 0.95,
8192 2 0.04,
8223 18 0.56,
8294 16 0.58,
8294 1 0.79,
8331 13 0.53,
8367 11 0.2,
8389 6 0.19,
8471 4 0.5,
8484 8 0.74,
8555 13 0.98,
8617 9 0.18,
8617 8 0.67,
8649 12 0.83,
8659 2 0.66,
8714 6 0.98,
8738 12 0.38,
8776 12 0.47,
8845 14 0.87,
8862 16 0.91,
8880 15 0.17,
8886 14 0.41,
8975 3 0.71,
9051 10 0.88,
9063 0 0.66,
9147 0 0.42,
9232 18 0.09,
9290 17 0.25,
9325 17 0.28,
9362 7 0.56,
9406 7 0.95,
9453 11 0.28,
9506 6 0.67,
9589 14 0.04,
9601 5 0.18,
9610 13 0.73,
9676 18 0.16,
9736 11 0.25,
9789 11 0.44,
9849 13 0.97,
9894 8 0.11,
9920 15 0.05,
9999 3 0.82,
10011 7 0.52,
10069 17 0.88,
10114 18 0.97,
10162 13 0.17,
10218 2 0.57,
10254 7 0.46,
10327 8 0.57,
10389 4 0.34,
10457 18 0.13,
10511 11 0.55,
10593 10 0.18,
10594 11 0.26,
10668 15 0.14,
10744 10 0.72,
10807 12 0.82,
10851 0 0.77,
10903 19 0.96,
10992 9 0.71,
11041 10 0.18,
11048 10 0.55,
11108 7 0.97,
11121 17 0.53,
11205 2 0.69,
11249 17 0.15,
11302 6 0.85,
11385 19 0.23,
11444 18 0.6,
11495 12 0.32,
11512 13 0.8,
11585 18 0.08,
11667 12 0.36,
11711 9 0.97,
11741 15 0.06,
11765 5 0.41,
11822 12 0.02,
11886 19 0.29,
11900 15 0.85,
11988 17 0.47,
12007 19 0.47,
12046 3 0.04,
12074 11 0.12,
12133 17 0.87,
12216 5 0.22,
12240 1 0.19,
12313 19 0.55,
12366 2 0.38,
12436 4 0.74,
12498 6 0.14,
12569 9 0.62,
12586 3 0.23,
12639 2 0.16,
12677 12 0.47,
12711 13 0.84,
12743 16 0.2,
12796 0 0.05,
12821 8 0.24,
12858 1 0.83,
12934 5 1.0,
12954 15 0.68,
12976 14 0.95,
13065 6 0.25,
13114 11 0.97,
13182 3 0.2,
13193 0 0.17,
13230 16 0.63,
13239 2 0.1,
13284 0 0.47,
13315 2 0.6,
13387 7 0.34,
13407 8 0.86,
13457 15 0.97,
13466 5 0.99,
13478 9 0.39,
13487 19 0.66,
13560 16 0.98,
13573 11 0.59,
13604 15 0.16,
13647 1 0.95,
13718 15 0.27,
13744 9 0.44,
13763 6 0.53,
13807 13 0.35,
13893 2 0.03,
13893 11 0.37,
13920 1 0.75,
13979 17 0.57,
14037 10 0.39,
14109 5 0.3,
14177 19 0.92,
14238 3 0.31,
14265 2 0.49,
14334 17 0.44,
14380 11 0.81,
14460 13 0.44,
14531 6 0.66,
14544 5 0.4,
14559 1 0.58,
14566 12 0.27,
14607 8 0.34,
14682 16 0.03,
14739 18 0.21,
14753 2 0.46,
14791 13 0.04,
14877 4 0.76,
14929 12 0.09,
15002 6 0.56,
15010 11 0.76,
15066 7 0.92,
15143 16 0.89,
15215 18 0.81,
15262 6 0.49,
15296 11 0.97,
15302 6 0.71,
15365 17 0.18,
15396 7 0.26,
15405 15 0.96,
15473 14 0.18,
15500 3 0.65,
15546 0 0.1,
15616 0 0.85,
15618 11 0.31,
15675 15 0.96,
15701 9 0.9,
15770 0 0.25,
15842 14 0.88,
15893 12 0.7,
15904 18 0.33,
15932 12 0.12,
15964 17 0.34,
16022 15 0.51,
16111 13 0.12,
16119 15 0.85,
16166 5 0.37,
16182 18 0.48,
16190 7 0.79,
16234 10 0.31,
16279 12 0.64,
16301 18 0.64,
16342 4 0.79,
16394 11 0.55,
16407 18 0.72,
16431 2 0.94,
16519 14 0.57,
16525 19 0.42,
16554 14 0.73,
16633 14 0.27,
16672 3 0.45,
16741 1 0.11,
16750 11 0.58,
16754 16 0.69,
16789 8 0.88,
16842 16 0.03,
16878 9 0.91,
16924 16 0.11,
16986 19 0.82,
17060 16 0.87,
17062 19 0.17,
17069 15 0.22,
17090 1 0.56,
17136 5 0.68,
17164 9 0.33,
17231 19 0.59,
17266 9 0.07,
17321 2 0.86,
17391 6 0.9,
17469 3 0.8,
17536 11 0.84,
17606 8 0.96,
17681 19 0.7,
17769 9 0.84,
17830 1 0.52,
17875 15 0.58,
17958 0 0.22,
17985 3 0.76,
18045 12 0.14,
18073 10 0.49,
18103 7 0.62,
18146 2 0.68,
18202 0 0.66,
18203 17 0.18,
18251 5 0.81,
18258 2 0.53,
18311 18 0.09,
18371 2 0.65,
18421 16 0.43,
18458 15 0.97,
18460 16 0.64,
18481 4 0.76,
18501 2 0.24,
18521 11 0.63,
18548 16 0.91,
18623 8 0.02,
18685 18 0.02,
18702 6 0.72,
18765 10 0.71,
18834 6 0.91,
18921 7 0.66,
18930 4 0.39,
19018 14 0.76,
19025 12 0.66,
19071 16 0.33,
19125 11 0.83,
19174 5 0.2,
19199 13 0.87,
19275 19 0.17,
19341 18 0.16,
19357 15 0.88,
19370 16 0.63,
19448 18 0.17,
19516 8 0.35,
19530 12 0.04,
19548 14 0.69,
19549 2 0.97,
19571 18 0.24,
19584 10 0.5,
19609 10 0.65,
19672 1 0.62,
19734 3 0.65,
19817 15 0.93,
19820 8 0.48,
19857 17 0.37,
19931 1 0.92,
20020 16 0.88,
20096 2 0.66,
20150 10 0.36,
20160 19 0.97,
20246 13 0.57,
20277 4 0.61,
20277 16 0.22,
20306 10 0.13,
20352 19 0.93,
20410 10 0.47,
20461 19 0.41,
20532 2 0.99,
20547 16 0.71,
20579 12 0.3,
20631 17 0.58,
20691 16 0.82,
20774 6 0.34,
20777 2 0.17,
20794 6 0.36,
20834 16 0.67,
20875 3 0.76,
20943 16 0.09,
20988 12 0.39,
21035 1 0.99,
21100 5 0.1,
21139 4 0.72,
21209 1 0.9,
21226 3 0.37,
21279 18 0.38,
21297 3 0.15,
21369 1 0.58,
21439 3 0.85,
21464 15 0.85,
21471 13 0.83,
21551 10 0.32,
21626 17 1.0,
21679 1 0.21,
21715 4 0.32,
21761 18 0.99,
21775 11 0.74,
21792 6 0.53,
21867 2 0.4,
21912 18 0.31,
21976 2 0.7,
22020 6 0.59,
22030 9 0.37,
22054 9 0.86,
22111 19 0.78,
22135 13 0.07,
22183 17 0.65,
22238 10 0.13,
22302 4 0.32,
22361 16 0.06,
22373 19 0.94,
22412 7 0.89,
22469 6 0.15,
22529 10 0.33,
22544 1 0.12,
22545 7 0.09,
22614 12 0.81,
22649 18 0.98,
22662 7 0.08,
22694 6 0.03,
22724 1 0.66,
22787 6 0.38,
22863 17 0.99,
22927 18 0.81,
23006 10 0.04,
23023 2 0.44,
23049 0 0.36,
23087 2 0.59,
23107 12 0.09,
23129 0 0.85,
23168 3 0.31,
23253 7 0.83,
23303 10 0.85,
23305 4 0.39,
23347 12 0.94,
23361 16 0.29,
23444 19 0.22,
23513 10 0.96,
23532 4 0.36,
23540 9 0.38,
23563 1 0.37,
23610 10 0.7,
23691 17 0.21,
23732 14 0.32,
23740 7 0.67,
23779 6 0.45,
23863 16 0.93,
23923 16 0.5,
24009 15 0.78,
24079 3 0.46,
24124 11 0.71,
24177 15 0.56,
24226 17 1.0,
24292 3 0.58,
24313 3 0.48,
24342 10 0.77,
24363 7 0.07,
24401 19 0.84,
24487 5 0.51,
24560 7 0.54,
24576 1 0.64,
24641 6 0.8,
24664 10 0.29,
24710 18 0.36,
24752 13 0.65,
24836 5 0.22,
24903 13 0.31,
24950 9 0.73,
24976 2 0.54,
25043 18 0.81,
25112 3 0.16,
25131 11 0.18,
25200 19 0.61,
25239 18 0.54,
25264 8 0.92,
25294 18 0.31,
25322 1 0.72,
25334 8 0.23,
25366 10 0.34,
25367 3 0.21,
25456 19 0.12,
25493 8 0.02,
25499 1 0.76,
25550 4 0.53,
25554 4 0.1,
25598 9 0.92,
25637 5 0.47,
25656 7 0.51,
25743 18 0.34,
25765 2 0.52,
25813 11 0.73,
25902 16 0.09,
25910 15 0.21,
25935 2 0.72,
26024 11 0.06,
26109 19 0.31,
26162 9 0.63,
26185 3 0.55,
26257 10 0.49,
26331 8 0.55,
26404 0 0.64,
26410 18 0.23,
26451 4 0.61,
26487 15 0.25,
26540 18 0.13,
26611 14 0.45,
26680 6 0.96,
26705 3 0.32,
26716 3 0.52,
26757 3 0.84,
26774 4 0.32,
26825 10 0.64,
26828 1 0.87,
26881 11 0.19,
26892 5 0.65,
26914 10 0.88,
26924 17 0.2,
26980 4 0.15,
26996 16 0.19,
27025 10 0.37,
27109 12 0.01,
27142 8 0.14,
27153 1 0.13,
27233 12 0.45,
27320 15 0.97,
27334 10 0.39,
27356 4 0.81,
27399 19 0.8,
27440 9 0.92,
27478 11 0.33,
27515 16 0.74,
27524 14 0.88,
27612 8 0.54,
27633 3 0.66,
27701 8 0.21,
27728 14 0.73,
27785 5 0.19,
27834 2 0.4,
27841 8 0.23,
27869 8 0.85,
27909 1 0.51,
27974 17 1.0,
28022 18 0.51,
28084 4 0.32,
28141 8 0.65,
28216 17 0.12,
28291 0 0.19,
28376 2 0.53,
28453 12 0.25,
28502 10 0.52,
28558 10 0.35,
28620 12 0.53,
28699 14 0.17,
28786 16 0.09,
28863 13 0.25,
28916 3 0.09,
28973 4 0.7,
29007 19 0.34,
29093 19 0.18,
29134 14 0.56,
29184 10 0.78,
29187 7 0.22,
29264 9 0.38,
29324 1 0.02,
29339 17 0.09,
29398 19 0.81,
29417 8 0.05,
29466 7 0.16,
29514 14 0.25,
29519 13 0.87,
29550 3 0.98,
29555 16 0.03,
29576 16 0.66,
29604 7 0.4,
29629 16 0.37,
29648 14 0.98,
29690 14 0.29,
29765 1 0.92,
29770 5 0.47,
29785 16 0.86,
29856 8 0.81,
29927 4 0.3,
29953 4 0.85,
29975 3 0.18,
30037 8 0.04,
30093 8 0.1,
30111 18 0.44,
30133 9 0.44,
30197 14 0.25,
30223 1 0.35,
30307 1 0.52,
30330 2 0.11,
30352 2 0.39,
30433 17 0.24,
30506 13 0.81,
30595 0 0.19,
30613 8 0.13,
30630 10 0.17,
30687 15 0.58,
30742 14 0.7,
30750 9 0.39,
30768 3 0.48,
30814 16 0.42,
30877 4 0.34,
30938 10 0.16,
30957 12 0.39,
31033 14 0.53,
31082 4 0.8,
31111 11 0.81,
31162 2 0.44,
31191 6 0.04,
31247 1 0.64,
31295 11 0.29,
31362 12 0.45,
31396 14 0.73,
31473 18 0.83,
31561 3 0.41,
31608 6 0.88,
31656 4 0.71,
31666 17 0.79,
31672 9 0.34,
31695 6 0.28,
31757 6 0.4,
31788 4 0.21,
31861 17 0.83,
31887 15 0.52,
31931 15 0.82,
32006 19 0.44,
32031 15 0.72,
32117 5 0.9,
32163 15 0.71,
32170 14 0.61,
32252 19 0.83,
32307 19 0.84,
32313 8 0.54,
32330 16 0.62,
32388 14 0.23,
32472 2 0.83,
32484 17 0.43,
32562 15 0.02,
32590 3 0.46,
32653 18 0.14,
32662 18 0.31,
32709 1 0.03,
32789 13 0.31,
32837 18 0.61,
32862 4 0.34,
32920 11 0.94,
32996 10 0.41,
33081 5 0.23,
33163 0 0.6,
33247 15 0.4,
33271 5 0.47,
33333 9 0.05,
33383 16 0.39,
33449 3 0.48,
33523 7 0.41,
33560 19 0.43,
33646 19 0.14,
33711 11 0.9,
33719 5 0.75,
33753 17 0.94,
33808 4 0.14,
33810 11 0.02,
33840 12 0.8,
33872 10 0.7,
33957 8 0.28,
34020 7 0.41,
34056 11 0.27,
34107 15 0.28,
34173 13 0.25,
34230 11 0.66,
34263 15 0.23,
34284 9 0.33,
34305 12 0.25,
34314 10 0.98,
34318 6 0.46,
34338 1 0.32,
34374 12 0.85,
34426 6 0.8,
34509 18 0.39,
34595 3 0.21,
34613 5 0.5,
34662 19 0.91,
34705 3 0.28,
34728 18 0.97,
34728 18 0.02,
34778 17 0.41,
34846 15 0.19,
34871 17 0.81,
34942 10 0.2,
34992 14 0.21,
35010 14 0.7,
35057 18 0.32,
35140 10 0.89,
35208 4 0.91,
35264 14 0.62,
35330 3 0.33,
35394 1 0.81,
35432 6 0.37,
35479 10 0.23,
35498 13 0.43,
35534 2 1.0,
35567 11 0.67,
35656 4 0.42,
35692 0 0.57,
35759 16 0.28,
35794 8 0.74,
35803 1 0.15,
35822 18 0.52,
35830 10 0.89,
35855 8 0.62,
35916 18 0.22,
35945 17 0.69,
35971 7 0.05,
36032 0 0.97,
36079 18 0.94,
36110 5 0.25,
36133 15 0.13,
36219 9 0.45,
36296 9 0.71,
36351 12 0.63,
36437 0 0.18,
36484 7 0.22,
36548 15 0.74,
36600 7 0.78,
36671 5 0.18,
36735 2 0.31,
36765 16 0.04,
36795 18 0.13,
36795 12 0.2,
36833 7 0.11,
36845 16 0.2,
36893 19 0.71,
36962 2 0.9,
37019 4 0.13,
37034 19 0.59,
37104 18 0.41,
37177 7 0.43,
37203 2 0.76,
37280 4 0.88,
37366 11 0.22,
37369 1 0.5,
37373 2 0.9,
37457 11 0.7,
37529 11 0.07,
37593 4 0.93,
37602 16 0.17,
37617 4 0.94,
37695 6 0.8,
37703 15 0.27,
37723 10 0.47,
37740 4 0.07,
37759 2 0.74,
37840 1 0.34,
37866 12 0.98,
37877 5 0.01,
37940 16 0.6,
37969 14 0.47,
38029 4 0.83,
38030 6 0.85,
38064 1 0.51,
38082 6 0.24,
38171 7 0.23,
38200 2 0.33,
38259 13 0.25,
38286 5 0.08,
38313 11 0.88,
38373 16 0.69,
38437 4 0.28,
38437 3 0.79,
38511 13 0.72,
38584 1 0.59,
38660 0 0.49,
38722 7 0.38,
38745 13 0.04,
38808 18 0.29,
38854 18 0.31,
38894 5 0.81,
38979 9 0.14,
39046 10 0.11,
39062 2 0.23,
39148 9 0.56,
39163 18 0.45,
39169 3 0.17,
39205 11 0.94,
39289 2 0.51,
39323 7 0.9,
39364 5 0.21,
39370 10 0.73,
39373 13 0.78,
39390 2 0.4,
39401 3 0.67,
39432 9 0.05,
39467 0 0.53,
39467 2 0.51,
39544 3 0.91,
39566 2 1.0,
39612 16 0.38,
39614 11 0.26,
39656 16 0.45,
39743 15 0.7,
39812 8 0.16,
39873 11 0.9,
39907 0 0.39,
39943 16 0.73,
39952 15 0.29,
40026 19 0.22,
40041 4 0.07,
40103 17 0.19,
40188 10 0.61,
40213 12 0.98,
40299 19 0.81,
40333 12 0.2,
40361 10 0.65,
40428 10 0.39,
40482 9 0.27,
40556 3 0.35,
40633 14 0.92,
40707 19 0.24,
40769 16 0.36,
40784 1 0.1,
40852 15 0.28,
40878 14 0.21,
40894 17 0.1,
40959 6 0.84,
41003 10 0.9,
41067 16 0.49,
41079 19 0.77,
41162 8 0.17,
41202 14 0.55,
41203 11 0.21,
41252 5 0.09,
41305 14 0.74,
41325 10 0.94,
41412 4 0.73,
41454 11 0.51,
41517 9 0.06,
41600 0 0.76,
41611 12 0.47,
41615 19 0.96,
41673 7 0.77,
41717 17 0.91,
41719 13 0.86,
41804 8 0.46,
41869 3 0.87,
41887 3 0.97,
41972 12 0.46,
42026 17 0.71,
42070 19 0.9,
42144 8 0.22,
42153 3 0.83,
42184 4 0.9,
42213 15 0.22,
42284 15 0.1,
42322 17 0.99,
42340 16 1.0,
42354 3 0.11,
42421 19 0.91,
42482 11 0.23,
42515 0 0.87,
42587 6 0.85,
42619 6 0.62,
42624 3 0.52,
42695 0 0.13,
42703 16 0.67,
42712 18 0.36,
42742 8 0.63,
42760 14 0.42,
42763 10 0.11,
42826 15 0.04,
42912 11 0.09,
42917 2 0.18,
43000 15 0.19,
43063 8 0.76,
43150 12 0.96,
43204 3 0.29,
43244 8 0.76,
43252 14 0.28,
43332 4 0.47,
43386 16 0.02,
43475 4 0.2,
43516 3 0.78,
43544 6 0.95,
43578 12 0.97,
43626 4 0.06,
43653 3 0.42,
43709 7 0.48,
43740 17 0.12,
43808 6 0.14,
43841 10 0.82,
43845 1 0.31,
43849 18 0.18,
43887 5 0.97,
43951 18 0.5,
44018 8 0.42,
44042 4 0.61,
44113 8 0.95,
44113 8 0.82,
44126 11 0.09,
44209 14 0.31,
44288 8 0.94,
44322 8 0.31,
44406 9 0.21,
44477 2 0.97,
44552 18 0.64,
44584 15 0.62,
44600 12 0.59,
44615 8 0.31,
44674 12 0.73,
44762 9 0.4,
44785 17 0.53,
44813 11 0.12,
44817 15 0.59,
44837 5 0.23,
44882 17 0.64,
44914 15 0.98,
44960 15 0.11,
45046 5 0.78,
45132 4 0.18,
45208 3 0.92,
45267 3 0.36,
45310 4 0.6,
45393 14 0.12,
45448 5 0.82,
45524 11 0.42,
45556 15 0.92,
45645 16 0.37,
45708 2 0.49,
45753 12 0.37,
45836 12 0.62,
45845 2 0.03,
45889 16 0.78,
45978 0 0.31,
45986 0 0.1,
45990 12 0.67,
46051 7 0.54,
46057 18 0.63,
46100 7 0.58,
46149 13 0.59,
46154 6 0.57,
46215 15 0.3,
46280 14 0.23,
46358 4 0.96,
46373 16 0.87,
46398 10 0.43,
46404 6 0.27,
46442 2 0.08,
46513 18 0.42,
46600 15 0.75,
46679 19 0.64,
46700 3 0.33,
46716 17 0.68,
46797 0 0.73,
46826 7 0.34,
46846 18 0.35,
46885 10 0.4,
46973 0 0.46,
46977 5 0.54,
47044 2 0.1,
47062 19 0.25,
47098 5 0.52,
47184 15 0.86,
47269 11 0.32,
47337 7 0.72,
47420 3 0.12,
47438 13 0.04,
47474 5 0.17,
47503 16 0.3,
47570 0 0.48,
47625 12 0.88,
47685 7 0.96,
47765 1 0.66,
47804 14 0.16,
47858 0 0.03,
47912 16 0.46,
47929 2 0.88,
47949 18 0.71,
47972 18 0.66,
48006 1 0.32,
48080 3 0.92,
48096 12 0.82,
48161 13 0.25,
48245 6 0.13,
48288 18 0.8,
48328 3 0.39,
48384 10 0.84,
48430 9 0.78,
48431 9 0.67,
48451 16 0.41,
48458 7 0.32,
48463 2 0.9,
48483 14 0.85,
48501 19 0.49,
48530 11 0.57,
48582 10 0.69,
48612 6 0.57,
48669 10 0.13,
48718 0 0.74,
48751 12 0.56,
48755 2 0.31,
48805 15 0.1,
48839 13 0.59,
48924 4 0.78,
49002 8 0.45,
49025 13 0.97,
49044 19 0.9,
49086 18 0.56,
49092 6 0.49,
49145 10 0.84,
49190 15 0.59,
49228 13 0.24,
49233 19 0.54,
49302 7 0.51,
49314 8 0.65,
49350 8 0.26,
49365 2 0.42,
49417 0 0.49,
49450 15 0.46,
49479 9 0.32,
49513 17 0.36,
49542 5 0.53,
49573 9 0.18,
49599 9 0.2,
49672 6 0.85,
49717 9 0.77,
49772 12 0.2,
49799 19 0.72,
49856 15 0.65,
49894 11 0.95,
49981 18 0.04,
50061 17 0.51,
50120 6 0.99,
50142 9 0.95,
50171 17 0.63,
50252 0 0.31,
50281 8 0.06,
50357 9 0.39,
50403 17 0.54,
50408 12 0.29,
50462 4 0.06,
50534 18 0.72,
50568 2 0.15,
50632 8 0.75,
50699 16 0.34,
50769 7 0.41,
50803 2 0.08,
50828 11 0.6,
50915 3 0.27,
50954 14 0.38,
51013 1 0.21,
51066 7 0.21,
51142 0 0.32,
51187 9 0.2,
51228 2 0.89,
51285 9 0.35,
51295 13 0.79,
51336 3 0.48,
51356 14 0.19,
51386 19 0.27,
51394 16 0.97,
51406 7 0.25,
51418 9 0.43,
51507 13 0.35,
51553 16 0.12,
51578 10 0.34,
51661 3 0.96,
51734 4 0.44,
51782 6 0.17,
51827 5 0.35,
51841 18 0.31,
51851 9 0.08,
51866 12 0.52,
51931 4 0.04,
52008 7 0.16,
52030 17 0.25,
52042 4 0.2,
52127 5 0.88,
52150 11 0.47,
52167 8 0.2,
52252 14 0.69,
52327 17 0.94,
52411 19 0.14,
52444 0 0.62,
52529 0 0.9,
52598 11 0.3,
52623 6 0.18,
52701 0 0.69,
52703 15 0.92,
52765 1 0.8,
52784 14 1.0,
52841 7 0.96,
52902 17 0.03,
52953 8 0.24,
52999 10 0.77,
53055 11 0.19,
53126 8 0.01,
53206 14 0.89,
53290 1 0.1,
53335 7 0.29,
53407 12 0.44,
53464 15 0.61,
53476 7 0.41,
53513 19 0.99,
53577 11 0.11,
53644 2 0.87,
53668 15 0.21,
53730 14 0.34,
53741 3 0.85,
53766 5 0.65,
53786 15 0.33,
53850 5 0.56,
53852 10 0.08,
53890 11 0.24,
53925 7 0.93,
53999 10 0.37,
54052 0 0.53,
54105 14 0.9,
54160 2 0.13,
54190 18 0.8,
54212 19 1.0,
54248 10 0.65,
54265 8 0.17,
54347 1 0.08,
54409 15 0.12,
54419 9 0.39,
54478 15 0.21,
54547 6 0.26,
54552 19 0.99,
54568 0 0.33,
54648 12 0.84,
54694 13 0.12,
54765 14 0.29,
54808 8 0.53,
54858 5 0.48,
54943 13 0.04,
55012 13 0.43,
55101 15 0.47,
55132 15 0.93,
55186 1 0.77,
55200 7 0.19,
55275 11 0.66,
55348 16 0.79,
55396 10 0.07,
55450 19 0.39,
55532 12 0.39,
55590 0 0.71,
55628 14 0.93,
55679 16 0.62,
55745 1 0.16,
55759 1 0.85,
55778 15 0.11,
55823 13 0.52,
55892 0 0.63,
55948 0 0.82,
56029 3 0.65,
56095 10 0.65,
56163 14 0.37,
56231 19 0.44,
56294 5 0.57,
56297 15 0.09,
56355 3 0.43,
56357 14 0.23,
56392 0 0.48,
56399 10 0.93,
56407 12 0.09,
56476 7 0.28,
56497 2 0.99,
56571 18 0.72,
56648 15 0.35,
56706 6 0.56,
56779 13 0.63,
56810 3 0.86,
56880 2 0.17,
56908 9 0.91,
56988 12 0.79,
57033 1 1.0,
57098 1 0.69,
57164 11 0.24,
57204 8 0.77,
57223 11 0.71,
57255 18 0.47,
57320 9 0.28,
57323 1 0.66,
57411 1 0.11,
57465 6 0.22,
57492 4 0.25,
57576 12 0.73,
57577 5 0.94,
57594 15 0.35,
57630 12 0.06,
57681 10 0.72,
57740 12 0.08,
57816 4 0.35,
57832 11 0.77,
57860 18 0.58,
57949 5 0.52,
58003 19 0.21,
58063 19 0.76,
58151 12 0.2,
58238 16 0.37,
58308 8 0.57,
58320 5 0.73,
58328 19 0.84,
58402 8 0.03,
58464 11 0.06,
58521 11 0.29,
58549 16 0.41,
58558 4 0.81,
58631 19 0.98,
58651 11 0.17,
58712 10 0.77,
58745 1 0.75,
58781 10 0.89,
58846 5 0.43,
58883 3 0.18,
58891 5 0.11,
58912 15 0.23,
58920 8 0.92,
58982 3 0.01,
59055 5 0.03,
59077 18 0.36,
59131 8 0.36,
59150 17 0.04,
59184 19 0.58,
59218 10 0.06,
59239 13 0.95,
59320 1 0.96,
59382 19 0.75,
59440 18 0.26,
59470 6 0.3,
59556 12 0.82,
59617 5 0.7,
59642 17 0.33,
59650 10 0.5,
59653 14 0.85,
59694 19 0.48,
59702 12 0.5,
59741 5 0.87,
59786 12 0.49,
59856 14 0.57,
59922 8 0.31,
59980 3 0.73,
60015 15 0.1,
60066 16 0.81,
60084 13 0.79,
60161 14 0.68,
60166 14 0.36,
60205 14 0.56,
60264 13 0.47,
60350 6 0.57,
60372 5 0.65,
60395 8 0.99,
60448 5 0.13,
60452 14 0.2,
60474 6 0.94,
60534 4 0.61,
60543 13 0.14,
60598 14 0.93,
60633 0 0.38,
60674 13 0.53,
60691 17 0.83,
60766 7 0.2,
60778 16 0.22,
60867 5 0.99,
60883 4 0.8,
60902 0 0.65,
60925 9 0.54,
60986 17 0.86,
61010 5 0.74,
61063 16 0.02,
61110 1 0.96,
61161 1 0.48,
61249 15 0.79,
61273 7 0.54,
61324 3 0.12,
61371 14 0.92,
61398 17 0.76,
61404 2 0.44,
61405 19 0.4,
61411 14 0.32,
61494 9 0.68,
61509 6 0.65,
61540 12 0.36,
61571 15 0.23,
61628 10 0.97,
61690 4 0.26,
61722 10 0.55,
61797 10 0.26,
61844 2 0.74,
61852 19 0.57,
61931 19 0.93,
61959 2 0.02,
62000 4 0.79,
62028 7 0.48,
62029 4 0.66,
62103 14 0.75,
62119 2 0.13,
62205 1 0.22,
62275 18 0.53,
62329 6 0.32,
62356 14 0.21,
62429 4 0.82,
62456 14 0.83,
62462 0 0.02,
62511 1 0.71,
62592 12 0.7,
62623 7 0.78,
62690 18 0.17,
62747 11 0.78,
62819 10 0.08,
62837 17 0.86,
62918 6 0.44,
62991 8 0.78,
63063 0 1.0,
63149 10 0.73,
63167 8 0.29,
63234 14 0.03,
63276 3 0.47,
63351 16 0.55,
63358 13 0.66,
63412 13 0.91,
63489 13 0.58,
63490 19 0.47,
63562 15 0.84,
63575 17 0.59,
63607 3 0.86,
63637 16 0.21,
63687 1 0.27,
63737 3 0.8,
63756 0 0.32,
63819 10 0.53,
63862 13 0.24,
63899 8 0.9,
63946 14 0.69,
63970 8 0.23,
64027 8 0.04,
64098 2 0.95,
64113 0 0.21,
64186 14 0.01,
64238 17 0.11,
64314 13 0.6,
64351 5 1.0,
64361 16 0.63,
64408 7 0.88,
64466 6 0.23,
64511 0 0.75,
64515 19 0.8,
64568 12 0.71,
64620 6 0.78,
64651 9 0.67,
64694 5 0.27,
64762 2 0.21,
64818 7 1.0,
64892 1 0.09,
64960 6 0.26,
64968 0 0.61,
65056 13 0.72,
65105 6 0.02,
65185 16 0.95,
65271 16 0.37,
65296 6 0.21,
65308 1 0.15,
65317 13 0.12,
65342 11 0.36,
65381 0 0.94,
65386 15 0.18,
65412 15 0.58,
65482 10 0.08,
65527 1 0.56,
65610 17 0.48,
65689 18 0.59,
65720 8 0.33,
65802 6 0.46,
65886 2 0.05,
65963 9 0.31,
65974 16 0.33,
66022 15 0.77,
66063 13 0.5,
66115 11 0.91,
66174 6 0.22,
66253 13 0.71,
66307 5 0.64,
66359 0 0.13,
66443 12 0.03,
66482 13 0.5,
66498 6 0.31,
66547 6 0.82,
66572 12 0.66,
66609 12 0.59,
66638 16 0.14,
66698 2 0.36,
66715 19 0.43,
66729 11 0.45,
66753 7 0.31,
66771 15 0.66,
66823 9 0.02,
66884 3 0.43,
66885 2 0.06,
66968 8 0.13,
67041 11 0.02,
67061 0 0.7,
67143 7 0.28,
67195 13 0.1,
67269 15 0.39,
67358 1 0.92,
67447 6 0.16,
67484 10 0.7,
67549 11 0.42,
67611 1 0.37,
67673 12 0.74,
67751 16 0.76,
67837 12 0.18,
67863 10 0.32,
67895 15 0.22,
67917 19 0.14,
67935 12 0.67,
68019 18 1.0,
68038 16 0.56,
68095 17 0.12,
68183 5 0.02,
68239 16 0.51,
68246 19 0.65,
68267 2 0.02,
68291 11 0.68,
68334 18 0.37,
68419 11 0.32,
68487 15 0.52,
68552 11 0.78,
68638 19 0.57,
68723 7 0.62,
68792 18 0.69,
68868 11 0.83,
68944 7 0.72,
69007 2 0.77,
69052 17 0.23,
69135 0 0.88,
69187 0 0.08,
69190 1 0.25,
69200 7 0.61,
69262 19 0.11,
69272 7 0.38,
69314 19 0.47,
69320 19 0.76,
69384 12 0.27,
69439 0 0.33,
69466 1 0.79,
69467 11 0.87,
69526 7 0.09,
69590 15 0.45,
69621 15 0.47,
69678 1 0.95,
69690 13 0.69,
69755 1 0.95,
69796 4 0.2,
69830 3 0.51,
69883 17 0.7,
69945 9 0.94,
70022 3 0.45,
70090 15 0.55,
70107 11 0.17,
70188 4 0.96,
70211 6 0.28,
70231 14 0.57,
70306 6 0.75,
70345 12 0.53,
70427 1 0.91,
70474 14 0.3,
70530 4 0.84,
70602 9 0.98,
70678 6 0.31,
70713 8 0.96,
70752 3 0.32,
70794 0 1.0,
70807 7 0.2,
70892 11 0.61,
70922 15 0.42,
70937 10 0.14,
71010 12 1.0,
71068 19 0.49,
71093 1 0.84,
71098 4 0.67,
71140 18 0.44,
71177 4 0.57,
71185 12 0.13,
71210 6 0.15,
71299 17 0.99,
71385 9 0.61,
71458 9 0.24,
71499 1 0.76,
71587 9 0.7,
71613 1 0.75,
71636 1 0.8,
71679 8 0.25,
71707 4 0.36,
71742 7 0.88,
71751 13 0.54,
71776 5 0.3,
71828 3 0.02,
71899 6 0.97,
71920 17 0.33,
71929 12 0.22,
71945 15 0.83,
72019 2 1.0,
72053 5 0.87,
72075 0 0.94,
72082 13 0.06,
72168 14 0.1,
72181 19 0.98,
72229 4 0.6,
72242 15 0.64,
72255 11 0.14,
72289 2 0.58,
72301 15 0.09,
72343 12 0.44,
72361 12 0.59,
72446 13 0.01,
72451 17 0.84,
72535 5 0.21,
72538 16 0.73,
72624 15 0.21,
72707 18 0.92,
72764 16 0.17,
72828 8 0.25,
72902 2 0.63,
72975 6 0.96,
73056 10 0.2,
73084 0 0.98,
73169 1 0.16,
73196 6 0.23,
73276 10 0.67,
73358 10 0.33,
73426 6 0.34,
73431 14 0.9,
73499 13 0.43,
73529 13 0.94,
73551 3 0.57,
73563 16 0.42,
73646 9 0.2,
73691 8 0.23,
73730 9 0.16,
73767 15 0.91,
73768 5 0.92,
73782 5 0.59,
73825 19 0.75,
73868 13 0.78,
73872 5 0.9,
73951 12 0.14,
73956 10 0.17,
74043 4 0.29,
74070 18 0.88,
74097 18 0.55,
74167 14 0.95,
74188 6 0.03,
74270 15 0.53,
74279 8 0.49,
74334 14 0.54,
74355 14 0.55,
74430 13 0.47,
74461 4 0.25,
74514 8 0.52,
74563 11 0.79,
74572 1 0.74,
74615 16 0.15,
74673 12 0.92,
74715 6 0.81,
74761 19 0.74,
74826 15 0.68,
74868 2 0.69,
74927 12 0.28,
74937 4 0.53,
74977 0 0.54,
75040 8 0.72,
75115 16 0.91,
75143 10 0.86,
75184 13 0.05,
75209 18 0.54,
75268 14 0.65,
75340 14 0.02,
75396 9 0.23,
75482 1 0.91,
75512 13 0.61,
75536 7 0.77,
75591 12 0.96,
75622 14 0.8,
75648 5 0.56,
75673 16 0.86,
75750 3 0.73,
75798 3 0.15,
75851 7 0.82,
75932 7 0.74,
76012 17 0.02,
76041 19 0.64,
76049 8 0.01,
76112 1 0.84,
76176 13 0.36,
76242 14 0.48,
76314 13 0.76,
76314 6 0.53,
76353 14 0.91,
76439 1 0.57,
76449 8 0.51,
76500 7 0.57,
76586 3 0.65,
76602 8 0.89,
76654 10 0.5,
76674 18 0.03,
76746 0 0.31,
76747 6 0.11,
76767 1 0.02,
76811 0 0.2,
76879 0 0.43,
76910 15 0.45,
76944 1 0.27,
77009 15 0.74,
77097 17 0.26,
77179 2 0.84,
77250 11 0.39,
77287 6 0.67,
77343 9 0.68,
77370 0 0.85,
77438 5 0.48,
77523 19 0.31,
77555 7 0.86,
77638 13 0.95,
77644 1 0.15,
77722 19 0.86,
77768 1 0.87,
77808 10 0.48,
77873 14 0.31,
77886 12 0.1,
77932 14 0.38,
77940 18 0.53,
77999 16 0.85,
78069 3 0.63,
78112 19 0.14,
78160 10 0.56,
78236 10 0.39,
78272 1 0.47,
78274 13 0.09,
78360 17 0.06,
78448 6 0.32,
78504 13 0.78,
78576 2 0.73,
78616 15 0.72,
78702 10 0.89,
78714 4 0.19,
78765 7 0.55,
78766 4 0.91,
78809 14 0.64,
78840 6 0.2,
78883 13 0.54,
78914 14 0.13,
78959 0 0.99,
78991 17 0.25,
79017 8 0.06,
79049 16 0.9,
79050 8 0.58,
79064 15 0.83,
79122 7 0.56,
79142 15 0.3,
79143 2 0.66,
79163 12 0.91,
79245 8 0.46,
79325 0 0.03,
79392 13 0.79,
79477 15 0.26,
79482 2 0.59,
79570 0 0.72,
79588 18 0.08,
79640 16 0.9,
79665 12 0.66,
79683 11 0.13,
79716 18 0.12,
79740 14 0.03,
79817 15 0.71,
79871 18 0.29,
79918 12 0.27,
79971 14 0.89,
79990 0 0.43,
80064 8 0.93,
80124 14 0.72,
80203 6 0.96,
80232 9 0.14,
80316 9 0.15,
80356 14 0.67,
80412 15 0.78,
80489 6 0.33,
80547 13 0.76,
80590 19 0.88,
80626 6 0.06,
80645 2 0.54,
80665 9 0.3,
80722 7 0.78,
80722 2 0.5,
80807 12 0.94,
80860 4 0.05,
80927 3 0.75,
80978 0 0.88,
81055 12 0.95,
81096 7 0.12,
81158 15 0.04,
81184 2 0.16,
81243 9 0.7,
81310 3 0.18,
81331 19 0.38,
81338 10 0.36,
81356 19 0.92,
81361 9 0.67,
81397 0 0.67,
81415 4 0.9,
81499 1 0.9,
81566 18 0.38,
81568 8 0.65,
81578 12 0.51,
81626 10 0.43,
81676 19 0.5,
81718 16 0.04,
81749 10 0.8,
81797 8 0.84,
81802 10 0.77,
81876 4 0.25,
81958 1 0.45,
81991 9 0.7,
82018 9 0.26,
82030 11 0.85,
82057 17 0.57,
82065 13 0.11,
82088 14 0.77,
82165 8 0.51,
82175 17 0.71,
82259 14 0.09,
82273 3 0.23,
82305 9 0.23,
82388 7 0.91,
82477 8 0.41,
82544 17 0.39,
82609 16 0.93,
82668 5 0.83,
82679 8 0.51,
82682 6 0.79,
82706 17 0.35,
82764 0 0.91,
82843 2 0.56,
82871 3 0.09,
82919 16 0.65,
82955 3 0.53,
83032 5 0.15,
83084 17 0.31,
83098 9 0.4,
83122 14 0.74,
83124 0 0.42,
83171 19 0.42,
83198 19 0.11,
83282 16 0.13,
83309 16 0.45,
83323 4 0.92,
83344 19 0.93,
83401 4 0.4,
83485 4 0.97,
83563 13 0.46,
83584 12 0.91,
83590 11 0.95,
83618 15 0.65,
83646 13 0.39,
83721 19 0.8,
83810 0 0.6,
83892 16 0.88,
83899 4 0.72,
83948 9 0.27,
83950 6 0.85,
83953 0 0.16,
83962 11 0.73,
84039 17 0.38,
84040 3 0.72,
84078 14 0.02,
84099 2 0.3,
84177 19 0.91,
84213 17 0.08,
84270 7 0.84,
84278 4 0.51,
84339 15 0.73,
84408 5 0.59,
84451 1 0.06,
84479 13 0.09,
84516 9 0.02,
84541 3 0.29,
84583 5 0.77,
84659 14 0.96,
84722 6 0.82,
84738 16 0.5,
84782 9 0.9,
84824 11 0.6,
84857 2 0.76,
84869 19 0.18,
84887 13 0.1,
84903 9 0.29,
84930 7 0.03,
84987 1 0.63,
85005 12 0.68,
85016 2 0.66,
85049 14 0.53,
85097 5 0.16,
85167 14 0.2,
85230 1 0.74,
85318 10 0.61,
85399 12 1.0,
85449 17 0.59,
85518 1 0.87,
85589 11 0.68,
85635 15 0.17,
85647 0 0.01,
85655 3 0.42,
85726 16 0.73,
85771 3 0.29,
85852 15 0.64,
85937 15 0.83,
85978 17 0.74,
86005 15 0.31,
86008 18 0.43,
86044 4 0.01,
86084 15 0.27,
86088 9 0.44,
86146 3 0.37,
86208 5 0.34,
86279 12 0.09,
86349 15 0.03,
86403 12 0.09,
86433 1 0.6,
86494 16 0.63,
86534 9 0.84,
86559 6 0.75,
86633 12 0.13,
86686 2 0.72,
86762 13 0.11,
86788 16 1.0,
86876 9 0.45,
86944 5 0.02,
87013 17 0.28,
87060 3 0.16,
87093 12 0.88,
87095 13 0.61,
87135 13 0.54,
87157 13 0.61,
87231 0 0.58,
87245 8 0.17,
87266 18 0.23,
87345 14 0.94,
87374 3 0.52,
87409 2 0.68,
87414 18 0.07,
87469 2 0.55,
87548 5 0.1,
87630 17 0.36,
87691 7 0.06,
87776 9 0.01,
87821 18 0.12,
87901 2 0.54,
87986 8 0.08,
87990 13 0.05,
88002 6 0.93,
88004 14 0.12,
88045 19 0.17,
88054 2 0.51,
88138 1 0.76,
88160 8 0.28,
88184 14 0.04,
88217 6 0.61,
88297 5 0.42,
88305 9 0.22,
88350 14 0.27,
88409 15 0.44,
88451 16 0.34,
88467 11 0.25,
88476 3 0.69,
88512 0 0.71,
88554 11 0.73,
88635 10 0.55,
88641 12 0.15,
88686 19 0.85,
88706 15 0.15,
88786 15 0.49,
88854 14 0.61,
88878 17 0.36,
88917 1 0.21,
88975 18 0.17,
89030 15 0.79,
89082 14 0.94,
89091 8 0.55,
89099 15 0.05,
89101 1 0.09,
89159 18 0.95,
89205 15 0.02,
89224 16 0.64,
89263 0 0.63,
89279 3 0.2,
89334 11 0.31,
89355 2 0.78,
89384 7 0.13,
89460 8 0.69,
89503 9 0.81,
89541 0 0.23,
89562 11 0.3,
89614 1 0.34,
89671 15 0.27,
89680 19 0.95,
89745 11 0.18,
89809 6 0.5,
89895 8 0.2,
89930 8 0.85,
90003 16 0.14,
90049 14 0.87,
90129 18 0.42,
90193 10 0.92,
90232 1 0.96,
90292 13 0.21,
90372 18 0.21,
90393 7 0.69,
90429 4 0.32,
90487 4 0.3,
90510 18 0.61,
90534 14 0.86,
90550 16 0.34,
90582 1 0.46,
90669 2 0.16,
90747 1 0.84,
90783 5 0.5,
90864 6 0.5,
90882 8 0.41,
90953 12 0.96,
91000 12 0.29,
91079 13 0.6,
91122 1 0.46,
91186 16 0.54,
91233 8 0.15,
91279 0 0.67,
91361 6 0.95,
91392 12 0.84,
91411 7 0.2,
91446 12 0.45,
91463 16 0.41,
91489 17 0.73,
91548 7 0.01,
91625 19 0.83,
91713 7 0.62,
91731 8 0.99,
91808 3 0.21,
91862 11 0.85,
91894 6 0.95,
91921 16 0.97,
91999 1 0.48,
92058 18 0.03,
92120 17 1.0,
92152 0 0.62,
92218 2 0.33,
92268 12 0.26,
92345 4 0.87,
92393 7 0.17,
92427 13 0.76,
92438 18 0.42,
92458 9 0.49,
92471 0 0.97,
92513 0 0.4,
92565 18 0.84,
92575 0 0.06,
92633 19 0.38,
92683 16 0.98,
92766 11 0.03,
92803 16 0.43,
92889 14 0.21,
92960 14 0.31,
92996 15 0.8,
93028 15 0.71,
93107 14 0.77,
93107 9 0.84,
93128 9 0.92,
93195 3 0.65,
93216 18 0.36,
93284 3 0.93,
93347 8 0.92,
93366 12 0.6,
93366 15 0.54,
93413 5 0.38,
93439 12 0.94,
93517 16 0.83,
93540 19 0.87,
93542 14 0.71,
93611 0 0.57,
93689 3 0.84,
93697 13 0.3,
93742 16 0.8,
93827 19 0.36,
93895 17 0.04,
93941 14 0.87,
93952 9 0.84,
94027 17 0.67,
94046 13 0.68,
94062 10 0.25,
94140 4 0.67,
94178 4 0.02,
94196 14 0.34,
94239 3 0.05,
94318 11 0.52,
94350 1 0.26,
94402 2 0.43,
94455 7 0.17,
94519 3 0.84,
94534 0 0.88,
94574 18 0.43,
94590 12 0.93,
94611 1 0.74,
94648 6 0.76,
94673 13 0.33,
94719 7 0.07,
94748 18 0.78,
94781 2 0.04,
94868 0 0.52,
94957 17 0.75,
94985 8 0.43,
95054 13 0.05,
95128 14 0.11,
95170 6 0.87,
95188 8 0.38,
95260 10 0.53,
95340 12 0.03,
95368 17 0.37,
95403 8 0.18,
95441 11 1.0,
95484 15 0.54,
95506 8 0.69,
95514 15 0.3,
95594 3 0.66,
95627 14 0.91,
95648 10 0.86,
95663 10 0.58,
95728 15 0.95,
95805 2 0.18,
95875 1 0.53,
95915 19 0.36,
95923 0 0.52,
96010 9 0.44,
96039 15 0.73,
96079 19 0.13,
96095 11 0.4,
96124 6 0.13,
96124 6 0.26,
96181 4 0.74,
96193 0 0.01,
96201 17 0.91,
96206 13 0.9,
96212 8 0.17,
96283 4 0.85,
96340 16 0.5,
96386 14 0.46,
96454 19 0.81,
96524 2 0.53,
96576 4 0.67,
96627 13 0.86,
96708 0 0.15,
96741 10 0.54,
96752 10 0.95,
96818 11 0.36,
96825 14 0.87,
96900 5 0.04,
96934 13 0.24,
97010 13 0.73,
97012 3 0.5,
97028 6 0.62,
97038 4 0.41,
97114 15 0.94,
97144 13 0.27,
97221 1 0.44,
97296 10 0.58,
97334 11 0.08,
97381 8 0.65,
97469 10 0.84,
97529 3 0.95,
97588 8 0.02,
97625 2 0.51,
97695 1 0.1,
97761 18 0.72,
97773 0 0.68,
97816 16 0.97,
97827 2 0.93,
97882 14 0.3,
97899 3 0.8,
97910 18 0.41,
97924 0 0.19,
97982 13 0.32,
98044 16 0.65,
98053 12 0.9,
98098 11 0.21,
98153 9 0.59,
98218 9 0.28,
98241 0 0.4,
98242 13 0.28,
98308 9 0.79,
98397 3 0.64,
98407 0 0.37,
98435 3 0.1,
98495 1 0.23,
98536 1 0.39,
98615 14 0.5,
98651 1 0.01,
98674 16 0.23,
98718 1 0.9,
98788 2 0.17,
98877 0 0.56,
98896 11 0.08,
98904 17 0.87,
98963 10 0.64,
98974 17 0.08,
99026 14 0.16,
99108 15 0.59,
99120 5 0.2,
99199 11 0.66,
99285 14 0.2,
99288 18 0.26,
99369 18 0.18,
99391 17 0.75,
99401 9 0.74,
99433 12 0.49,
99480 14 0.47,
99511 11 0.75,
99584 9 0.99,
99585 9 0.39,
99602 2 0.09,
99633 5 0.67,
99701 4 0.24,
99741 14 0.04,
99764 0 0.36,
99808 16 0.01,
99879 14 0.45,
99892 11 0.3,
99899 4 0.9,
99961 9 0.64,
100021 6 0.66,
100105 2 0.43,
100116 17 0.56,
100168 14 0.31,
100224 1 0.74,
100308 3 0.61,
100326 1 0.39,
100389 10 0.61,
100424 7 0.83,
100451 8 0.97,
100461 2 0.7,
100550 11 0.66,
100597 18 0.46,
100668 11 0.55,
100723 3 0.81,
100764 8 0.15,
100826 4 0.56,
100897 2 0.27,
100931 18 0.51,
100948 16 0.65,
100974 7 0.31,
101047 4 0.31,
101085 1 0.92,
101087 18 0.12,
101152 18 0.44,
101179 17 0.66,
101228 16 0.07,
101233 17 0.71,
101292 1 0.9,
101300 19 0.42,
101381 0 0.27,
101461 14 0.24,
101488 16 0.52,
101568 13 0.01,
101637 13 0.51,
101686 2 0.09,
101754 19 0.98,
101819 3 0.2,
101872 9 0.37,
101958 14 0.77,
101985 1 0.91,
102052 19 0.96,
102064 9 0.19,
102113 4 0.85,
102188 13 0.36,
102217 11 0.69,
102241 7 0.8,
102296 1 0.69,
102352 0 0.95,
102366 5 0.1,
102397 7 0.26,
102437 1 0.27,
102514 13 0.27,
102581 7 0.4,
102632 17 0.34,
102710 7 0.82,
102732 19 0.72,
102782 14 0.57,
102847 2 0.02,
102912 11 0.53,
102953 17 0.99,
102969 6 0.87,
103043 5 0.69,
103118 1 0.94,
103132 11 0.77,
103198 3 0.27,
103208 6 0.62,
103259 6 0.46,
103289 2 0.8,
103378 6 0.97,
103410 14 0.4,
103478 4 0.86,
103503 19 0.52,
103587 17 0.65,
103598 15 0.95,
103624 8 0.79,
103653 8 0.88,
103729 7 0.28,
103738 16 0.97,
103780 12 0.87,
103843 13 0.65,
103869 16 0.48,
103925 0 0.79,
103946 15 0.23,
103985 4 0.47,
103992 6 0.04,
104052 18 0.32,
104052 16 0.18,
104126 5 0.41,
104199 11 0.49,
104272 6 0.48,
104293 10 0.17,
104361 7 0.48,
104387 12 0.55,
104464 14 0.13,
104528 8 0.14,
104540 10 0.7,
104540 12 0.52,
104629 15 0.79,
104713 10 0.01,
104801 17 0.5,
104858 5 0.97,
104896 3 0.67,
104912 2 0.43,
104988 4 0.39,
105049 11 0.54,
105129 11 0.74,
105169 9 0.28,
105246 17 0.62,
105274 3 0.89,
105332 5 0.14,
105387 9 0.51,
105438 11 0.12,
105498 1 0.88,
105520 14 0.47,
105542 3 0.06,
105550 15 0.82,
105572 13 0.13,
105639 3 0.62,
105701 10 0.99,
105768 5 0.61,
105800 19 0.39,
105886 6 0.48,
105910 13 0.48,
105926 17 0.61,
106003 1 0.68,
106056 1 0.24,
106056 16 0.68,
106100 11 0.32,
106137 2 0.31,
106142 9 0.79,
106187 9 0.21,
106215 12 0.29,
106262 11 0.67,
106342 19 0.12,
106384 16 0.61,
106389 6 0.76,
106393 1 0.24,
106413 6 0.94,
106475 8 0.19,
106522 10 1.0,
106530 9 0.86,
106614 0 0.05,
106654 1 0.11,
106675 7 0.03,
106727 18 0.45,
106787 3 0.7,
106861 7 0.12,
106897 3 0.32,
106945 3 0.93,
107007 15 0.25,
107049 17 0.84,
107063 14 0.24,
107096 11 0.26,
107149 13 0.12,
107201 9 0.36,
107223 1 0.34,
107283 17 0.68,
107344 13 0.43,
107400 13 0.37,
107441 18 0.9,
107459 11 0.36,
107500 4 0.17,
107584 1 0.32,
107627 1 0.22,
107660 16 0.87,
107745 18 0.04,
107772 3 0.65,
107840 16 0.53,
107905 8 0.41,
107906 19 0.01,
107949 6 0.51,
108002 1 0.67,
108081 11 0.22,
108091 4 0.61,
108143 8 0.47,
108224 8 0.99,
108280 10 0.03,
108326 2 0.91,
108354 17 0.69,
108442 1 0.06,
108451 0 0.06,
108478 15 0.3,
108528 7 0.83,
108568 3 0.29,
108613 1 0.2,
108679 16 0.13,
108721 7 0.98,
108771 18 0.95,
108851 10 0.27,
108889 5 0.19,
108932 15 0.71,
108950 0 0.86,
109016 19 0.7,
109091 11 0.28,
109106 16 0.76,
109179 7 0.22,
109254 17 0.81,
109262 4 0.03,
109291 10 0.69,
109292 0 0.67,
109358 5 0.92,
109434 2 0.12,
109487 14 0.71,
109559 6 0.22,
109641 11 0.95,
109654 1 0.31,
109683 17 0.54,
109772 15 0.5,
109806 13 0.39,
109867 2 0.76,
109929 17 0.42,
109960 1 0.44,
109978 4 0.77,
110037 7 0.88,
110077 5 0.45,
110151 18 0.35,
110205 8 0.74,
110268 19 0.61,
110301 11 0.25,
110312 9 0.8,
110350 2 0.78,
110415 6 0.68,
110417 0 0.88,
110505 12 0.83,
110534 2 1.0,
110572 18 0.69,
110585 11 0.55,
110652 0 0.54,
110732 9 0.66,
110787 18 0.07,
110865 12 0.88,
110946 3 0.84,
110971 14 0.34,
111034 17 0.08,
111112 12 0.32,
111192 8 0.09,
111224 6 0.42,
111304 1 0.91,
111352 11 0.52,
111391 7 0.14,
111426 16 0.76,
111481 0 0.62,
111511 15 0.93,
111598 12 0.68,
111659 2 0.52,
111719 5 0.44,
111791 1 0.78,
111808 9 0.41,
111874 6 0.39,
111955 14 0.12,
112028 17 0.53,
112035 5 0.46,
112070 9 0.8,
112088 7 0.54,
112115 17 0.96,
112163 19 0.98,
112187 17 0.23,
112235 16 0.78,
112304 9 0.14,
112314 1 0.32,
112355 18 0.1,
112381 2 0.94,
112467 2 0.6,
112505 15 0.34,
112583 7 0.58,
112669 16 0.53,
112696 10 0.74,
112724 4 0.77,
112726 18 0.1,
112756 12 0.44,
112821 8 0.28,
112840 7 0.07,
112872 2 0.58,
112954 7 0.33,
112973 12 0.73,
113026 12 0.58,
113091 10 0.72,
113178 0 0.24,
113230 13 0.91,
113251 16 0.85,
113296 14 0.46,
113384 5 0.95,
113434 1 0.54,
113476 16 0.96,
113563 10 0.97,
113617 11 0.95,
113623 15 0.47,
113695 6 0.64,
113720 2 0.52,
113740 14 0.59,
113750 11 0.37,
113794 18 0.49,
113813 3 0.29,
113845 16 0.83,
113897 14 0.06,
113969 4 0.23,
114039 14 0.86,
114096 7 0.3,
114120 14 0.34,
114145 16 0.22,
114165 4 0.6,
114179 12 0.34,
114204 19 0.89,
114220 18 0.74,
114271 17 0.47,
114279 9 0.15,
114294 2 0.33,
114367 1 0.49,
114440 13 0.79,
114527 1 0.14,
114564 5 0.63,
114636 2 0.74,
114679 0 0.14,
114697 14 0.67,
114786 3 0.62,
114828 5 0.35,
114867 4 0.13,
114910 11 0.99,
114934 16 0.05,
115004 17 0.1,
115089 8 0.32,
115111 0 0.92,
115194 17 0.81,
115278 1 0.87,
115345 4 0.97,
115411 18 0.24,
115425 12 0.09,
115507 10 0.72,
115563 9 0.91,
115644 1 0.14,
115653 1 0.78,
115653 9 0.56,
115654 12 0.82,
115698 14 0.94,
115708 5 0.56,
115711 18 0.83,
115772 3 0.52,
115831 1 0.01,
115878 17 0.7,
115960 2 0.54,
116049 16 0.43,
116067 14 0.58,
116087 1 0.3,
116131 18 0.38,
116135 1 0.78,
116142 16 0.93,
116216 7 0.16,
116282 13 0.53,
116325 6 0.62,
116329 18 0.17,
116394 17 0.47,
116459 13 0.73,
116518 18 0.74,
116535 18 0.68,
116566 9 0.21,
116653 19 0.57,
116735 10 0.94,
116778 7 0.15,
116808 17 0.16,
116808 12 0.86,
116834 17 0.38,
116905 9 0.59,
116981 9 0.62,
117002 16 0.98,
117055 7 0.45,
117140 5 0.16,
117180 15 0.69,
117242 6 0.48,
117293 15 0.78,
117329 0 0.98,
117414 12 0.84,
117496 2 0.19,
117524 17 0.17,
117605 12 0.87,
117617 15 0.1,
117660 0 0.02,
117695 16 0.5,
117711 13 0.46,
117798 15 0.32,
117802 14 0.32,
117866 16 0.91,
117899 2 0.29,
117906 16 0.87,
117956 16 0.33,
118014 0 0.19,
118099 5 0.52,
118174 8 0.29,
118239 12 0.57,
118279 15 0.65,
118322 9 0.33,
118410 7 0.75,
118476 10 0.41,
118482 1 0.54,
118502 1 0.18,
118531 7 0.1,
118532 3 0.97,
118618 15 0.7,
118697 3 0.45,
118776 0 0.28,
118846 10 0.76,
118903 4 0.01,
118903 8 0.97,
118951 17 0.7,
119035 0 0.94,
119093 3 0.14,
119172 1 0.69,
119220 11 0.41,
119281 4 0.97,
119350 15 0.98,
119380 18 0.44,
119443 18 0.97,
119458 17 0.71,
119506 3 0.44,
119572 10 0.49,
119658 18 0.24,
119710 5 0.65,
119739 18 0.28,
119774 15 0.65,
119817 2 0.79,
119853 2 0.62,
119927 1 0.17,
119967 16 0.03,
120003 13 0.81,
120035 0 1.0,
120041 5 0.24,
120065 9 0.82,
120100 17 0.26,
120156 19 0.7,
120235 15 0.25,
120318 7 0.97,
120379 0 0.5,
120417 16 0.36,
120435 4 0.68,
120503 0 0.79,
120520 0 0.36,
120584 6 0.32,
120637 15 0.11,
120688 3 0.84,
120737 7 0.49,
120742 1 0.79,
120744 1 0.53,
120829 2 0.94,
120838 16 0.9,
120840 12 0.5,
120848 7 0.69,
120879 1 0.59,
120918 12 0.17,
120943 7 0.32,
121018 1 0.92,
121045 7 0.98,
121077 11 0.7,
121077 2 0.34,
121107 2 0.29,
121118 5 0.88,
121198 12 0.63,
121216 9 0.53,
121289 8 0.08,
121341 1 0.5,
121383 5 0.27,
121469 2 0.76,
121471 18 0.49,
121543 2 0.07,
121579 4 0.6,
121609 13 0.59,
121630 6 0.24,
121694 8 0.28,
121706 6 0.36,
121748 13 0.14,
121817 19 0.76,
121850 13 0.26,
121901 4 0.41,
121924 11 0.88,
121956 16 0.39,
122013 5 0.81,
122071 2 0.27,
122076 14 0.01,
122137 11 0.57,
122152 10 0.65,
122217 12 0.83,
122272 1 0.88,
122358 15 0.7,
122408 1 0.45,
122438 13 0.79,
122459 8 0.63,
122507 15 0.98,
122575 17 0.95,
122614 12 0.86,
122652 18 0.83,
122669 18 0.84,
122686 11 0.17,
122720 1 0.97,
122805 11 0.02,
122840 9 0.98,
122866 0 0.98,
122924 12 0.97,
122928 10 0.56,
122955 15 0.58,
123039 7 0.87,
123117 6 0.38,
123203 7 1.0,
123227 13 0.24,
123252 9 0.32,
123270 18 0.22,
123308 13 0.23,
123340 5 0.32,
123348 18 0.66,
123367 13 0.36,
123446 8 0.23,
123463 11 0.99,
123473 15 0.78,
123482 2 0.19,
123515 1 0.12,
123525 10 0.53,
123575 12 0.63,
123579 11 0.38,
123646 18 0.23,
123714 17 0.02,
123784 11 0.24,
123854 11 0.81,
123941 9 0.57,
123991 18 0.22,
124035 3 0.92,
124062 19 0.77,
124093 4 0.87,
124094 10 0.19,
124142 14 0.74,
124157 2 0.55,
124202 8 0.65,
124271 12 0.86,
124277 6 0.26,
124294 10 0.16,
124368 11 0.03,
124407 10 0.96,
124468 19 0.25,
124500 0 0.39,
124532 9 0.45,
124555 12 0.42,
124574 17 0.19,
124588 0 0.45,
124602 18 0.08,
124604 3 0.71,
124645 12 0.26,
124655 2 0.53,
124729 6 0.71,
124795 16 0.53,
124875 18 0.6,
124879 11 0.38,
124927 4 0.63,
124931 5 0.91,
125002 17 0.21,
125057 0 0.01,
125129 17 0.35,
125141 4 0.72,
125184 11 0.41,
125194 3 0.68,
125260 1 0.66,
125338 0 0.44,
125390 11 0.43,
125406 3 0.41,
125479 12 0.25,
125504 2 0.42,
125519 1 0.41,
125568 7 0.56,
125578 1 0.86,
125647 4 0.56,
125688 2 0.99,
125747 19 0.45,
125821 4 0.04,
125860 1 0.17,
125903 18 0.68,
125969 15 0.1,
126035 3 0.96,
126037 18 0.43,
126076 10 0.82,
126076 8 0.19,
126137 1 0.99,
126212 1 0.13,
126241 6 0.04,
126272 3 0.5,
126335 11 0.18,
126358 1 0.06,
126430 14 0.75,
126442 3 1.0,
126477 6 0.21,
126538 9 0.87,
126561 13 0.54,
126642 1 0.63,
126717 8 0.31,
126719 3 0.16,
126729 15 0.57,
126808 11 0.61,
126837 7 0.7,
126876 9 0.11,
126941 3 0.81,
127002 3 0.06,
127018 7 0.91,
127043 8 0.29,
127073 9 0.16,
127076 11 0.96,
127091 4 0.92,
127113 18 0.74,
127161 6 0.83,
127235 6 0.54,
127236 16 0.58,
127313 1 0.15,
127332 16 0.22,
127371 9 0.52,
127394 11 0.08,
127470 4 0.44,
127552 4 0.57,
127560 6 0.85,
127589 16 0.47,
127622 4 0.15,
127680 14 0.27,
127745 15 0.39,
127785 12 0.17,
127817 3 0.66,
127885 5 0.33,
127954 0 0.11,
128036 18 0.32,
128047 17 0.33,
128095 7 0.87,
128125 14 0.36,
128206 7 0.49,
128274 12 0.75,
128363 16 0.89,
128400 15 0.3,
128460 10 0.83,
128539 1 0.45,
128579 8 0.31,
128635 13 0.65,
128654 17 0.23,
128739 1 0.61,
128749 10 0.81,
128816 14 0.45,
128872 11 0.02,
128919 19 0.77,
129008 2 0.1,
129042 11 0.13,
129118 11 0.24,
129180 13 0.93,
129224 5 0.39,
129277 16 0.62,
129342 17 0.93,
129356 6 0.82,
129421 13 0.1,
129426 16 0.15,
129506 9 0.2,
129585 13 0.22,
129654 19 0.12,
129728 9 0.95,
129786 16 0.93,
129786 17 0.22,
129804 2 0.16,
129849 15 0.32,
129889 17 0.77,
129971 4 0.91,
130018 14 0.8,
130090 1 0.07,
130173 0 0.31,
130187 13 0.24,
130205 15 0.45,
130285 0 0.86,
130309 5 0.31,
130314 11 0.3,
130324 10 0.51,
130367 1 0.84,
130391 10 0.02,
130409 4 0.92,
130445 18 0.01,
130475 11 0.39,
130512 15 0.41,
130523 13 0.25,
130551 3 0.1,
130592 6 0.19,
130672 1 0.72,
130676 11 0.59,
130763 4 0.13,
130786 8 0.15,
130791 1 0.36,
130873 14 0.76,
130887 6 0.99,
130933 3 0.41,
130940 16 0.52,
130998 10 0.34,
131084 0 0.57,
131133 11 0.24,
131199 8 0.02,
131211 8 0.86,
131212 11 0.37,
131250 16 0.37,
131294 3 0.01,
131328 0 0.79,
131360 13 0.81,
131362 11 0.23,
131416 19 0.01,
131488 16 0.52,
131577 1 0.08,
131583 17 0.32,
131664 0 0.54,
131684 16 0.07,
131701 10 0.78,
131770 6 0.16,
131819 14 0.12,
131846 13 0.41,
131847 10 0.81,
131861 2 0.32,
131875 1 0.84,
131891 5 0.99,
131894 16 0.67,
131934 7 1.0,
131956 1 0.18,
132020 9 0.8,
132053 14 0.41,
132066 0 0.54,
132145 15 0.33,
132176 9 0.69,
132258 9 0.99,
132294 4 0.84,
132332 19 0.03,
132419 2 0.92,
132450 11 0.36,
132454 1 0.86,
132454 0 0.84,
132515 4 0.38,
132547 15 0.85,
132594 17 0.57,
132679 18 0.22,
132763 10 0.44,
132795 7 0.78,
132818 13 0.49,
132823 14 0.59,
132863 15 0.86,
132873 2 0.05,
132948 1 0.79,
132999 13 0.48,
133056 6 0.1,
133126 1 0.53,
133187 13 0.7,
133204 1 0.5,
133279 2 0.98,
133352 18 0.62,
133396 12 0.05,
133431 10 0.32,
133433 3 0.56,
133448 12 0.15,
133504 12 0.72,
133585 17 0.39,
133598 0 0.23,
133642 8 0.78,
133699 8 0.89,
133732 13 0.12,
133749 1 0.84,
133828 3 0.89,
133862 3 0.47,
133877 15 0.48,
133931 10 0.06,
134014 3 0.49,
134023 12 0.1,
134060 13 0.61,
134126 6 0.25,
134208 16 0.97,
134245 4 0.73,
134293 15 0.25,
134362 9 0.72,
134368 6 0.13,
134388 4 0.32,
134474 18 0.62,
134548 5 0.38,
134618 18 0.71,
134666 17 0.74,
134678 17 0.74,
134678 3 0.62,
134685 8 0.85,
134685 0 0.73,
134687 5 0.5,
134707 4 0.66,
134767 17 0.48,
134817 10 0.51,
134895 19 0.69,
134940 2 0.56,
135000 18 0.71,
135038 11 0.59,
135048 14 0.61,
135052 18 0.67,
135052 3 0.24,
135076 17 0.33,
135096 2 0.05,
135169 4 0.38,
135249 9 0.68,
135325 15 0.85,
135376 16 0.71,
135400 8 0.01,
135441 4 0.4,
135502 10 0.08,
135528 4 0.01,
135611 5 0.7,
135656 13 0.04,
135698 5 1.0,
135704 8 0.21,
135728 9 0.5,
135804 13 0.18,
135890 1 0.56,
135901 12 0.3,
135923 13 0.96,
135967 8 0.8,
136020 7 0.07,
136072 12 0.6,
136136 9 0.09,
136181 17 0.55,
136226 12 0.75,
136267 8 0.59,
136284 6 0.96,
136332 19 0.15,
136419 15 0.18,
136488 10 0.49,
136548 12 0.68,
136636 19 0.78,
136725 17 0.85,
136758 16 0.19,
136765 15 0.45,
136793 6 0.12,
136839 15 0.3,
136911 14 0.13,
136993 8 0.68,
137025 2 0.81,
137062 7 0.48,
137108 18 0.31,
137158 1 0.58,
137164 11 0.88,
137191 4 0.04,
137191 11 0.34,
137240 16 0.07,
137280 13 0.15,
137317 18 0.25,
137401 9 0.76,
137478 14 0.22,
137552 3 0.42,
137585 18 0.52,
137658 2 0.11,
137706 0 0.38,
137742 0 0.09,
137787 10 0.86,
137831 11 0.57,
137880 7 0.53,
137884 7 0.53,
137972 6 0.81,
138060 1 0.44,
138136 1 0.66,
138224 4 0.19,
138300 0 0.21,
138360 16 0.25,
138407 7 0.19,
138477 11 0.26,
138500 12 0.37,
138582 13 0.14,
138595 14 0.45,
138608 9 0.63,
138678 0 0.22,
138685 11 0.37,
138729 6 0.19,
138778 7 0.33,
138812 15 0.54,
138882 2 0.58,
138912 15 0.42,
138982 19 0.67,
139006 13 0.42,
139091 17 0.85,
139104 7 0.19,
139140 5 0.26,
139204 12 0.98,
139253 12 0.76,
139283 13 0.02,
139364 9 0.29,
139442 12 0.42,
139490 7 0.09,
139560 10 0.75,
139566 6 0.04,
139614 2 0.62,
139636 16 0.02,
139717 0 0.38,
139753 7 1.0,
139756 19 0.9,
139767 5 0.78,
139775 6 0.91,
139778 13 0.6,
139816 0 0.55,
139816 14 0.39,
139864 17 0.31,
139894 8 0.12,
139962 5 0.67,
139973 14 0.22,
140001 5 0.04,
140087 0 0.55,
140107 11 0.8,
140175 10 0.33,
140215 6 0.24,
140241 18 0.15,
140313 18 0.97,
140344 14 0.17,
140357 17 0.88,
140430 1 0.89,
140451 4 0.14,
140511 14 0.4,
140549 7 0.2,
140577 1 0.01,
140596 2 0.05,
140647 5 0.82,
140717 14 0.12,
140773 9 0.56,
140785 17 0.16,
140826 2 0.13,
140912 2 0.39,
140947 3 0.25,
141011 9 0.68,
141099 4 0.34,
141126 5 0.06,
141194 0 0.18,
141259 0 0.32,
141306 12 0.98,
141306 5 0.86,
141362 7 0.59,
141378 9 0.17,
141378 10 0.01,
141392 10 0.16,
141479 5 0.21,
141514 10 0.74,
141543 11 0.41,
141558 8 0.43,
141588 14 0.28,
141625 19 0.05,
141675 19 0.96,
141709 4 0.45,
141788 7 0.49,
141795 2 0.96,
141822 6 0.19,
141842 2 0.71,
141843 14 0.16,
141911 3 0.42,
141915 4 0.05,
142000 5 0.19,
142042 0 0.87,
142044 14 0.95,
142107 0 0.72,
142140 10 1.0,
142205 8 0.51,
142240 12 0.71,
142266 18 0.43,
142288 4 0.28,
142352 3 0.33,
142405 4 0.86,
142468 3 0.74,
142502 1 0.39,
142518 9 0.96,
142542 1 0.33,
142573 7 0.58,
142638 13 0.16,
142690 0 0.82,
142774 14 0.69,
142843 0 0.9,
142918 8 0.25,
142924 8 0.07,
142933 5 0.4,
143021 6 0.27,
143023 18 0.33,
143102 11 0.79,
143137 17 0.56,
143171 8 1.0,
143253 2 0.14,
143336 14 0.39,
143412 16 0.64,
143425 7 0.38,
143458 15 0.76,
143530 15 0.11,
143597 3 0.34,
143624 1 0.76,
143661 4 0.53,
143729 1 0.12,
143772 14 0.93,
143839 4 0.73,
143911 18 0.68,
143917 10 0.69,
143991 7 0.96,
143996 5 0.71,
144008 9 0.15,
144039 4 0.59,
144055 11 0.4,
144099 18 0.29,
144155 4 0.63,
144155 3 0.31,
144164 8 0.34,
144207 13 0.23,
144268 16 0.72,
144329 0 0.26,
144344 8 0.85,
144424 10 0.33,
144451 4 0.69,
144453 11 0.19,
144460 9 0.18,
144485 5 1.0,
144510 18 0.32,
144531 14 0.99,
144595 10 0.8,
144622 3 0.66,
144651 1 0.34,
144685 2 0.45,
144771 5 0.69,
144776 8 0.47,
144802 2 0.82,
144879 9 0.61,
144894 16 0.71,
144962 5 0.66,
144974 10 0.38,
145062 0 0.5,
145103 16 0.16,
145134 7 0.97,
145173 1 0.98,
145212 5 0.25,
145212 1 0.03,
145224 7 0.01,
145308 19 0.7,
145379 1 0.84,
145400 4 0.01,
145434 13 0.51,
145516 4 0.19,
145589 0 0.91,
145608 17 0.04,
145667 12 0.16,
145667 19 0.04,
145677 10 0.11,
145753 8 0.54,
145831 14 0.65,
145912 2 0.03,
145952 6 0.07,
146002 9 0.84,
146084 18 0.14,
146162 15 0.89,
146223 16 0.08,
146267 14 0.64,
146347 7 0.77,
146373 2 0.98,
146451 18 0.5,
146497 8 0.77,
146567 10 0.08,
146605 13 0.27,
146643 6 0.04,
146724 14 0.24,
146777 13 0.61,
146811 14 0.07,
146893 8 0.49,
146970 14 0.19,
146985 17 0.49,
147071 9 0.91,
147097 4 0.9,
147186 10 0.12,
147234 3 0.13,
147235 13 0.27,
147254 18 0.23,
147283 11 0.51,
147302 6 0.45,
147342 16 0.17,
147394 6 0.66,
147429 13 0.37,
147493 15 0.79,
147541 2 0.91,
147589 15 0.98,
147660 14 0.59,
147696 2 0.96,
147768 14 0.8,
147817 11 0.35,
147880 17 0.8,
147928 19 0.97,
147952 12 0.39,
148036 12 0.23,
148106 3 0.26,
148185 16 0.28,
148263 10 0.08,
148290 1 0.48,
148315 17 0.83,
148360 18 0.08,
148406 4 0.06,
148469 6 0.11,
148499 5 0.43,
148575 9 0.92,
148600 12 0.27,
148622 3 0.61,
148694 7 0.9,
148705 16 0.6,
148738 3 0.93,
148802 7 0.7,
148855 1 0.91,
148919 1 0.66,
148965 4 0.32,
149022 13 0.54,
149107 18 0.21,
149153 9 0.07,
149219 6 0.66,
149269 1 0.96,
149323 19 0.13,
149363 14 0.78,
149439 18 0.07,
149517 5 0.27,
149518 5 0.56,
149575 18 0.77,
149605 17 0.96,
149658 9 0.43,
149662 6 0.22,
149712 17 0.23,
149794 1 0.63,
149862 11 0.81,
149873 8 0.4,
149874 9 0.63,
149932 14 0.33,
150010 14 0.03,
150023 11 0.26,
150039 17 0.67,
150047 14 0.67,
150112 13 0.28,
150158 9 0.43,
150210 1 0.61,
150217 8 0.9,
150251 1 0.45,
150324 14 0.57,
150369 19 0.41,
150375 5 0.55,
150443 5 0.12,
150445 4 0.47,
150529 0 0.58,
150599 5 0.5,
150626 1 0.07,
150689 6 0.37,
150737 17 0.72,
150742 10 0.82,
150803 0 0.21,
150865 19 0.23,
150868 13 0.48,
150941 3 0.62,
150947 11 0.37,
150951 16 0.19,
151024 0 0.1,
151088 1 0.41,
151160 10 0.15,
151176 11 0.36,
151193 9 0.17,
151264 2 0.61,
151304 11 0.26,
151309 13 0.92,
151357 17 0.42,
151424 15 0.39,
151447 16 0.28,
151480 5 0.84,
151482 7 0.41,
151483 15 0.25,
151569 9 0.82,
151607 6 0.22,
151636 2 0.1,
151684 6 0.43,
151722 4 0.89,
151759 13 0.7,
151802 0 0.77,
151872 7 0.84,
151901 1 0.35,
151938 5 0.85,
151998 12 0.59,
152042 9 0.01,
152074 16 0.78,
152162 16 0.4,
152187 18 0.42,
152231 17 0.1,
152303 11 0.67,
152328 4 0.12,
152371 19 0.98,
152454 15 0.3,
152464 4 0.25,
152516 5 0.54,
152545 3 0.24,
152592 15 0.73,
152644 18 0.21,
152732 19 0.3,
152781 15 0.44,
152826 17 0.05,
152848 3 0.08,
152864 12 0.83,
152945 12 0.37,
152961 11 0.35,
153011 2 0.25,
153081 16 0.03,
153149 3 0.75,
153217 0 0.93,
153221 15 0.05,
153261 14 0.18,
153331 3 0.58,
153341 13 0.23,
153358 6 0.25,
153439 4 0.87,
153475 4 0.25,
153490 15 0.4,
153512 5 0.11,
153546 1 0.53,
153587 7 0.73,
153587 14 0.9,
153613 17 0.35,
153640 5 0.47,
153713 8 0.88,
153771 1 0.67,
153785 10 0.23,
153806 12 0.87,
153829 17 0.29,
153868 8 0.73,
153947 12 0.27,
153989 13 0.16,
154013 3 0.13,
154071 19 0.61,
154128 4 0.55,
154197 10 0.37,
154282 1 0.85,
154309 13 0.92,
154361 2 0.34,
154416 6 0.9,
154499 4 0.17,
154513 13 0.63,
154533 7 0.41,
154575 4 0.69,
154581 3 0.89,
154585 15 0.52,
154673 9 0.27,
154739 19 0.79,
154748 6 0.36,
154765 9 0.77,
154795 13 0.26,
154814 6 0.85,
154834 6 0.24,
154886 9 0.57,
154897 1 0.97,
154935 10 0.68,
154959 15 0.98,
155018 1 0.61,
155062 3 0.63,
155098 1 0.25,
155100 17 0.24,
155182 5 0.17,
155187 11 0.57,
155215 13 0.61,
155261 18 0.87,
155327 16 0.77,
155395 14 0.6,
155455 17 0.69,
155482 6 0.25,
155538 1 0.44,
155618 13 0.28,
155683 7 0.94,
155719 16 0.29,
155722 16 0.03,
155735 13 0.53,
155794 0 0.57,
155873 11 0.09,
155927 10 0.37,
155927 5 0.92,
155987 11 0.59,
156028 18 0.27,
156048 18 0.38,
156081 1 0.93,
156121 11 0.44,
156128 2 0.76,
156128 19 0.18,
156157 17 0.21,
156197 5 0.75,
156252 14 0.12,
156338 13 0.49,
156372 14 0.64,
156427 8 0.78,
156489 9 0.23,
156506 15 0.7,
156577 15 0.01,
156621 4 0.75,
156669 11 0.03,
156686 5 0.56,
156735 1 0.95,
156739 1 0.57,
156826 9 0.36,
156826 2 0.78,
156850 18 0.37,
156937 10 0.25,
156980 3 0.8,
156999 18 0.32,
157030 2 0.11,
157115 0 0.02,
157121 8 0.06,
157189 5 0.87,
157261 9 0.85,
157321 8 0.77,
157343 15 0.21,
157354 16 0.73,
157360 1 0.36,
157428 12 0.6,
157512 9 0.47,
157585 1 0.12,
157662 2 0.49,
157739 8 0.14,
157762 7 0.55,
157801 8 0.77,
157859 8 0.61,
157931 11 0.15,
157970 15 0.66,
158022 18 0.85,
158096 8 0.59,
158122 8 0.7,
158200 9 0.31,
158205 13 0.19,
158286 18 0.22,
158367 5 0.75,
158408 0 0.96,
158431 11 0.09,
158439 7 0.94,
158485 2 0.97,
158535 19 1.0,
158618 7 0.21,
158680 12 0.61,
158709 15 0.65,
158710 12 0.28,
158782 14 0.5,
158822 4 0.26,
158841 12 0.34,
158870 19 0.73,
158951 1 0.5,
159011 8 0.63,
159086 13 0.48,
159164 2 0.72,
159231 3 0.05,
159274 1 0.04,
159283 10 0.95,
159353 1 0.93,
159433 14 0.96,
159497 17 0.83,
159556 11 0.34,
159642 19 0.43,
159731 8 0.1,
159763 4 0.91,
159829 9 0.74,
159877 19 0.29,
159884 14 0.11,
159915 3 0.24,
159961 4 0.72,
160023 3 0.68,
160089 6 0.87,
160112 5 0.41,
160135 4 0.51,
160213 0 0.96,
160289 0 0.12,
160337 11 0.14,
160366 7 0.29,
160376 18 0.25,
160465 3 0.35,
160550 10 0.62,
160621 10 0.25,
160704 19 0.39,
160782 11 0.79,
160845 1 0.99,
160932 4 0.92,
160952 13 0.9,
160992 14 0.2,
161060 19 0.08,
161078 10 0.29,
161150 4 0.54,
161175 6 0.99,
161264 3 0.53,
161285 7 0.53,
161287 17 0.54,
161353 19 0.25,
161416 0 1.0,
161439 12 0.83,
161470 2 0.23,
161470 5 0.41,
161554 16 0.65,
161567 3 0.71,
161587 3 0.03,
161598 18 0.44,
161629 1 0.67,
161680 1 0.06,
161718 5 0.83,
161768 8 0.59,
161787 19 0.62,
161860 9 0.01,
161905 0 0.11,
161942 13 0.53,
161948 16 0.53,
162015 10 0.89,
162025 11 0.67,
162031 6 0.56,
162034 9 0.66,
162109 3 0.56,
162185 16 0.76,
162225 3 0.86,
162264 16 0.31,
162320 13 0.91,
162322 14 0.84,
162338 19 0.68,
162377 7 0.15,
162459 3 0.28,
162493 12 0.78,
162538 9 0.9,
162544 15 0.34,
162597 15 0.28,
162649 1 0.15,
162658 13 0.39,
162695 17 0.71,
162778 5 0.89,
162831 12 0.79,
162883 14 0.48,
162894 11 0.68,
162918 6 0.42,
162937 4 0.53,
162945 18 0.93,
163013 16 0.11,
163095 7 0.46,
163095 14 0.6,
163112 15 0.86,
163138 5 0.91,
163160 7 0.95,
163216 6 0.19,
163303 12 0.4,
163315 19 0.7,
163370 3 0.23,
163427 17 0.75,
163458 3 0.09,
163542 8 0.67,
163575 15 0.13,
163626 4 0.15,
163674 3 0.57,
163710 14 0.81,
163750 13 0.95,
163821 9 0.83,
163882 18 0.33,
163949 8 0.15,
164032 2 0.69,
164110 9 0.08,
164110 4 0.4,
164162 8 0.37,
164172 17 0.87,
164175 17 0.57,
164176 5 0.97,
164188 19 0.31,
164266 3 0.95,
164322 10 0.55,
164394 6 0.15,
164474 0 0.53,
164505 1 0.38,
164545 16 0.13,
164620 2 0.83,
164624 11 0.43,
164680 3 0.51,
164750 3 0.08,
164782 19 0.45,
164835 16 0.27,
164857 6 0.54,
164892 1 0.85,
164916 17 0.79,
164931 15 0.25,
164957 3 0.93,
165007 14 0.69,
165065 11 0.9,
165131 19 0.15,
165162 19 0.36,
165202 6 0.47,
165273 4 0.53,
165315 11 0.95,
165346 7 0.19,
165378 6 0.71,
165442 19 0.95,
165442 17 0.57,
165486 9 0.49,
165520 14 0.68,
165583 9 0.27,
165645 7 0.47,
165734 2 0.88,
165752 13 0.13,
165797 12 0.09,
165810 5 0.45,
165887 10 0.42,
165891 14 0.26,
165969 13 0.78,
165993 18 0.14,
166069 6 0.37,
166144 9 0.73,
166194 13 0.68,
166272 18 0.04,
166272 19 0.74,
166341 19 0.46,
166393 11 0.92,
166451 10 0.6,
166516 2 0.41,
166597 14 0.79,
166634 4 0.97,
166642 18 0.26,
166692 5 0.76,
166742 16 0.19,
166774 9 0.54,
166775 14 0.33,
166815 7 0.88,
166816 18 0.11,
166901 12 0.05,
166978 2 0.88,
166982 10 0.7,
167001 14 0.17,
167009 13 0.55,
167012 7 0.45,
167023 7 0.81,
167072 4 0.59,
167144 4 0.83,
167184 1 0.3,
167188 3 0.21,
167206 11 0.31,
167275 1 0.33,
167280 6 0.44,
167314 0 0.62,
167354 17 0.69,
167426 1 0.29,
167462 7 0.88,
167494 16 0.85,
167551 4 0.64,
167626 10 0.98,
167690 14 0.15,
167719 19 0.37,
167758 7 0.43,
167832 6 0.59,
167880 5 0.98,
167907 4 0.97,
167923 12 0.86,
167999 8 1.0,
168006 10 0.02,
168031 6 0.56,
168062 3 0.84,
168120 12 0.81,
168130 14 0.25,
168218 16 0.91,
168247 5 0.23,
168327 10 0.37,
168398 2 0.5,
168452 5 0.49,
168497 19 0.98,
168563 15 0.4,
168629 8 0.73,
168654 16 0.61,
168691 15 0.26,
168698 1 0.09,
168765 18 0.2,
168778 13 0.46,
168815 15 0.84,
168899 15 0.5,
168972 12 0.84,
168973 5 0.02,
169028 0 0.58,
169028 7 0.81,
169044 2 0.96,
169057 15 0.26,
169073 15 0.92,
169134 1 0.92,
169171 16 0.41,
169190 3 0.81,
169223 13 0.86,
169311 2 0.98,
169349 12 0.13,
169392 16 0.63,
169414 19 0.24,
169486 0 0.28,
169568 12 0.12,
169641 19 0.41,
169671 5 0.72,
169710 5 0.58,
169767 7 0.75,
169839 4 0.83,
169898 11 0.92,
169951 6 0.6,
170039 10 0.23,
170043 11 0.31,
170097 6 0.92,
170171 9 0.59,
170180 0 0.2,
170258 0 0.33,
170326 0 0.86,
170359 9 0.49,
170399 14 0.36,
170415 5 0.1,
170487 1 0.28,
170568 3 0.57,
170573 1 0.71,
170574 8 0.27,
170657 15 0.98,
170707 0 0.51,
170739 9 0.67,
170802 4 0.76,
170845 0 0.28,
170865 17 1.0,
170884 1 0.77,
170949 8 0.35,
170961 2 0.97,
171006 16 0.57,
171030 4 0.75,
171109 0 0.11,
171165 14 0.05,
171183 5 0.44,
171202 17 0.24,
171260 10 0.17,
171261 6 0.73,
171270 13 0.26,
171303 9 0.03,
171336 6 0.6,
171380 17 0.31,
171390 2 0.47,
171464 11 0.79,
171514 15 0.18,
171594 17 0.88,
171610 12 0.6,
171624 16 0.66,
171644 17 0.59,
171727 0 0.58,
171808 2 0.97,
171869 8 0.92,
171878 11 0.77,
171888 0 0.91,
171899 3 0.53,
171964 4 0.9,
172019 12 0.92,
172091 18 0.5,
172143 7 0.43,
172200 0 0.78,
172229 3 0.28,
172260 4 0.86,
172278 3 0.15,
172360 6 0.77,
172360 11 0.56,
172407 18 0.25,
172470 14 0.03,
172500 5 0.32,
172525 17 0.81,
172608 6 0.82,
172672 12 0.57,
172744 16 0.26,
172798 4 0.41,
172834 15 0.34,
172842 6 0.92,
172872 2 0.8,
172901 8 0.08,
172921 15 0.43,
172975 11 0.86,
173006 17 0.47,
173044 10 0.64,
173090 2 0.29,
173171 14 0.83,
173257 4 0.43,
173329 4 0.92,
173402 17 0.11,
173451 18 0.36,
173461 12 0.54,
173468 11 0.17,
173506 17 0.92,
173560 8 0.96,
173633 10 0.77,
173650 17 0.98,
173718 17 0.94,
173748 9 0.49,
173788 9 0.02,
173826 1 0.18,
173889 14 0.31,
173935 13 0.82,
173973 14 0.25,
173981 12 0.75,
174007 13 0.3,
174029 0 0.78,
174079 14 0.28,
174119 6 0.67,
174136 5 0.69,
174139 6 0.37,
174203 11 0.73,
174240 8 0.07,
174316 4 0.6,
174378 18 0.65,
174398 18 1.0,
174401 9 0.52,
174449 5 0.73,
174495 11 0.77,
174584 14 0.11,
174654 4 0.59,
174667 1 0.84,
174690 17 0.35,
174712 5 0.8,
174771 19 0.57,
174800 2 0.02,
174858 3 0.49,
174935 12 0.47,
175022 19 0.96,
175085 6 0.74,
175088 18 0.91,
175161 16 0.61,
175162 2 0.69,
175239 19 0.77,
175299 7 0.59,
175316 6 0.04,
175396 16 0.75,
175399 3 0.82,
175467 15 0.08,
175493 17 0.37,
175508 0 0.76,
175556 7 0.95,
175625 2 0.44,
175712 9 0.14,
175755 10 0.21,
175807 19 0.52,
175826 4 0.71,
175854 17 0.12,
175911 2 0.15,
175924 14 0.38,
175973 15 0.26,
176047 12 0.89,
176080 3 0.47,
176149 6 0.2,
176236 18 0.84,
176238 13 0.48,
176300 14 0.09,
176362 9 0.63,
176399 12 0.17,
176426 17 0.21,
176466 5 0.91,
176470 3 0.87,
176494 7 0.62,
176570 18 0.26,
176633 8 0.95,
176688 10 0.59,
176702 14 0.55,
176750 7 0.56,
176788 1 0.56,
176861 18 0.74,
176919 19 0.81,
176941 7 0.59,
176950 18 0.43,
176981 7 0.06,
177007 15 0.12,
177057 12 0.35,
177067 4 0.91,
177088 1 0.97,
177166 13 0.35,
177191 12 0.78,
177252 8 0.02,
177317 4 0.9,
177379 18 0.85,
177425 16 0.93,
177439 15 0.51,
177507 5 0.39,
177585 17 0.48,
177665 4 0.93,
177754 4 0.46,
177808 4 0.45,
177870 4 0.68,
177932 12 0.74,
177953 10 0.13,
178012 7 0.82,
178016 0 0.14,
178040 15 0.85,
178055 12 0.86,
178116 17 0.16,
178192 19 0.72,
178261 4 0.91,
178266 17 0.45,
178346 13 0.46,
178347 14 0.8,
178411 16 0.9,
178453 15 0.73,
178501 6 0.92,
178564 6 0.21,
178570 11 0.31,
178627 13 0.54,
178636 2 0.4,
178694 7 0.93,
178776 4 0.75,
178804 6 0.27,
178822 18 0.31,
178863 9 0.66,
178907 19 0.15,
178977 18 0.51,
179036 14 0.17,
179046 18 0.74,
179083 13 0.35,
179140 19 0.42,
179214 6 0.81,
179250 17 0.86,
179290 6 0.29,
179347 7 0.25,
179434 6 1.0,
179438 16 0.85,
179507 7 0.29,
179576 11 0.62,
179604 19 0.73,
179648 15 0.54,
179652 18 0.98,
179720 3 1.0,
179756 17 0.06,
179781 11 0.08,
179848 19 0.58,
179872 19 0.4,
179872 1 0.32,
179900 14 0.02,
179925 19 0.81,
179938 18 0.23,
180005 8 0.04,
180059 11 0.55,
180097 9 0.57,
180135 16 0.05,
180184 17 0.46,
180222 7 0.19,
180225 13 0.91,
180233 15 0.06,
180307 0 0.66,
180360 14 0.68,
180370 13 0.25,
180384 6 0.08,
180466 18 0.74,
180543 5 0.49,
180632 3 0.8,
180707 14 0.19,
180788 14 0.07,
180824 19 0.84,
180864 5 0.52,
180932 0 0.25,
181017 4 0.94,
181025 10 0.76,
181025 15 0.37,
181055 19 0.1,
181127 8 0.17,
181130 19 0.79,
181139 6 0.86,
181197 17 0.39,
181271 18 0.08,
181276 7 0.29,
181311 8 0.87,
181381 1 0.99,
181468 15 0.36,
181530 7 0.08,
181615 12 0.69,
181703 18 0.17,
181759 14 0.73,
181821 2 0.24,
181834 17 0.04,
181878 1 0.67,
181964 15 0.29,
182044 6 0.02,
182094 12 0.28,
182175 2 0.65,
182231 1 0.21,
182253 18 0.32,
182265 17 0.55,
182292 0 0.35,
182381 18 0.5,
182443 13 0.02,
182483 9 0.89,
182547 1 0.29,
182556 12 0.68,
182599 15 0.6,
182665 6 0.44,
182746 11 0.2,
182793 7 0.08,
182809 2 0.3,
182855 1 0.78,
182882 18 0.62,
182952 12 0.45,
182961 11 0.43,
183002 4 0.44,
183026 15 0.99,
183037 5 0.75,
183125 8 0.32,
183158 9 1.0,
183209 2 0.9,
183224 12 0.04,
183271 9 0.23,
183322 2 0.05,
183363 19 0.13,
183450 15 0.04,
183499 18 0.42,
183564 12 0.17,
183621 13 0.33,
183660 12 0.67,
183704 10 0.49,
183767 19 0.86,
183809 0 0.08,
183876 5 0.35,
183905 18 0.48,
183983 10 0.72,
184001 7 0.8,
184053 15 0.17,
184065 0 0.04,
184154 8 0.69,
184205 16 0.87,
184290 2 0.12,
184312 18 0.66,
184319 9 0.35,
184347 6 0.12,
184353 5 0.77,
184426 7 0.88,
184448 19 0.27,
184509 8 0.18,
184562 9 0.48,
184569 4 0.52,
184596 11 0.47,
184618 2 0.14,
184631 5 0.02,
184666 8 0.69,
184676 12 0.57,
184721 15 0.21,
184723 5 0.99,
184768 3 0.97,
184817 18 0.04,
184859 12 0.49,
184901 12 0.81,
184914 1 0.96,
184944 18 0.21,
184997 16 0.39,
185030 1 0.35,
185032 19 0.04,
185115 2 0.13,
185184 5 0.61,
185261 18 0.31,
185288 15 0.57,
185336 18 0.37,
185379 8 0.54,
185435 10 0.27,
185438 8 0.23,
185441 19 0.92,
185449 14 0.22,
185472 18 0.36,
185545 10 0.88,
185556 12 0.1,
185601 18 0.1,
185650 13 0.83,
185721 5 0.05,
185754 13 0.1,
185807 4 0.76,
185828 9 0.48,
185839 4 0.97,
185858 4 0.14,
185873 3 0.51,
185952 4 1.0,
186033 9 0.03,
186103 11 0.89,
186189 19 0.12,
186241 11 0.61,
186310 18 0.45,
186372 19 0.48,
186457 0 0.88,
186504 7 0.21,
186563 11 0.14,
186589 8 0.08,
186597 7 0.76,
186667 14 0.27,
186690 13 0.94,
186771 18 0.29,
186856 0 0.53,
186916 13 0.05,
186960 3 0.6,
187021 4 0.83,
187080 8 0.19,
187129 15 0.67,
187169 3 0.36,
187201 14 0.11,
187284 3 0.98,
187371 13 0.56,
187376 18 0.44,
187444 15 0.16,
187532 3 0.2,
187591 13 0.14,
187624 17 0.31,
187688 13 0.18,
187728 13 0.63,
187769 3 0.76,
187858 13 0.23,
187867 1 0.37,
187908 2 0.45,
187970 5 0.62,
188005 9 0.41,
188077 16 0.52,
188098 3 0.98,
188149 9 0.17,
188176 18 0.93,
188251 6 0.73,
188290 3 0.32,
188330 0 0.3,
188417 2 0.41,
188443 3 1.0,
188444 0 0.29,
188489 10 0.6,
188560 6 0.77,
188617 19 0.28,
188630 11 0.01,
188651 9 0.71,
188684 17 0.15,
188739 16 0.51,
188769 10 0.05,
188852 13 0.59,
188864 19 0.54,
188951 15 0.61,
188971 18 0.36,
188989 0 0.58,
189018 14 0.03,
189106 2 0.18,
189136 1 0.54,
189197 3 1.0,
189238 0 0.76,
189275 10 0.78,
189347 7 0.94,
189383 18 0.44,
189408 11 0.41,
189465 18 0.94,
189487 10 0.38,
189568 3 0.8,
189612 12 0.59,
189654 4 1.0,
189682 5 0.29,
189719 14 0.87,
189794 1 0.02,
189862 16 0.07,
189870 16 0.99,
189941 4 0.11,
190005 1 0.52,
190028 1 0.5,
190077 13 0.39,
190118 17 0.67,
190162 18 0.41,
190222 8 0.55,
190232 17 0.15,
190236 5 0.91,
190237 18 0.02,
190314 1 0.77,
190343 12 0.68,
190389 7 0.47,
190449 3 0.08,
190461 2 0.2,
190523 15 0.24,
190567 17 0.97,
190643 8 0.91,
190683 1 0.35,
190695 10 0.41,
190773 18 0.57,
190862 14 0.65,
190865 10 0.12,
190931 0 0.75,
190982 13 0.06,
191056 13 0.96,
191084 13 0.4,
191129 7 0.91,
191135 4 0.96,
191213 18 0.28,
191273 3 0.75,
191273 12 0.19,
191329 0 0.39,
191350 15 0.08,
191383 4 0.07,
191446 13 0.1,
191460 10 0.81,
191464 2 0.34,
191504 11 0.6,
191567 9 0.52,
191594 15 0.8,
191600 6 0.1,
191683 14 0.34,
191734 4 0.53,
191792 14 1.0,
191862 4 0.76,
191922 9 0.62,
191951 4 0.65,
191974 0 0.26,
192001 9 0.85,
192059 7 0.7,
192067 18 0.48,
192146 17 0.36,
192200 0 0.79,
192271 16 0.55,
192327 8 0.69,
192346 8 0.64,
192410 5 0.37,
192419 18 0.08,
192430 18 0.07,
192461 18 0.66,
192546 17 0.06,
192577 3 0.77,
192591 17 0.94,
192592 6 0.74,
192632 14 0.09,
192655 9 0.63,
192707 12 0.55,
192734 7 0.65,
192743 6 0.11,
192762 10 0.62,
192839 8 0.91,
192840 3 0.21,
192843 7 0.49,
192913 12 0.53,
192988 16 0.82,
193067 0 0.64,
193085 8 0.75,
193105 11 0.09,
193138 3 0.76,
193162 1 0.71,
193215 15 0.69,
193229 7 0.69,
193238 12 0.24,
193257 17 0.34,
193279 19 0.03,
193284 4 0.34,
193318 15 0.94,
193334 15 0.46,
193377 5 0.74,
193449 17 0.17,
193466 15 0.14,
193518 17 0.04,
193555 7 0.66,
193556 7 0.52,
193561 9 0.02,
193608 1 0.12,
193662 10 0.66,
193735 5 0.73,
193805 7 0.5,
193841 5 0.37,
193847 12 0.03,
193859 0 0.83,
193875 5 0.92,
193886 11 0.5,
193899 13 0.64,
193899 4 0.53,
193913 15 0.83,
193976 17 0.07,
194003 14 0.35,
194062 0 0.78,
194139 11 0.01,
194194 7 0.69,
194223 1 0.7,
194247 10 0.33,
194255 14 0.19,
194280 15 0.72,
194360 14 0.44,
194442 17 0.01,
194505 4 0.83,
194583 17 0.52,
194639 7 0.91,
194691 2 0.38,
194712 5 0.88,
194778 0 0.21,
194862 18 0.24,
194951 0 0.32,
195038 2 0.45,
195060 1 0.45,
195106 11 0.89,
195114 12 0.94,
195137 15 0.2,
195155 10 0.41,
195218 16 0.02,
195304 19 0.6,
195387 14 0.55,
195450 15 0.33,
195499 9 0.21,
195509 18 0.25,
195558 15 0.36,
195569 15 0.41,
195597 9 0.96,
195630 8 0.85,
195680 2 0.93,
195700 0 0.61,
195737 3 0.92,
195821 0 0.13,
195848 3 0.39,
195929 3 0.18,
195960 8 0.47,
195985 14 0.57,
196022 18 1.0,
196060 19 0.96,
196094 4 0.27,
196173 9 0.76,
196196 8 0.71,
196269 8 0.66,
196321 19 0.4,
196331 17 0.09,
196416 11 0.25,
196419 3 0.31,
196433 1 0.44,
196517 13 0.3,
196548 15 0.66,
196607 14 0.44,
196624 16 0.3,
196628 12 0.6,
196629 18 0.04,
196689 5 0.87,
196690 19 0.77,
196767 10 0.19,
196772 0 0.09,
196797 12 0.67,
196836 4 0.89,
196909 6 0.17,
196919 14 0.07,
196938 11 0.66,
197015 15 0.88,
197075 9 0.53,
197118 12 0.91,
197164 2 0.9,
197211 1 0.8,
197214 11 0.77,
197267 5 0.34,
197322 0 0.33,
197370 18 0.58,
197451 9 0.84,
197536 9 0.2,
197578 12 0.86,
197586 9 0.13,
197625 3 0.16,
197627 13 0.51,
197710 0 0.72,
197758 14 0.48,
197759 1 0.89,
197759 5 0.16,
197779 18 0.45,
197828 7 0.29,
197883 11 0.29,
197912 11 0.98,
197991 19 0.23,
198067 18 0.79,
198134 0 0.7,
198143 3 0.15,
198153 4 0.47,
198187 8 0.31,
198218 13 0.32,
198247 12 0.09,
198285 11 0.76,
198348 12 0.69,
198398 13 0.75,
198414 11 0.48,
198451 11 0.79,
198539 9 0.43,
198572 6 0.64,
198576 5 0.19,
198657 6 0.18,
198697 16 0.09,
198712 6 0.9,
198718 11 0.79,
198807 13 0.07,
198855 0 0.87,
198866 6 0.42,
198930 6 0.59,
199000 11 0.35,
199071 7 0.86,
199156 9 0.75,
199184 11 0.12,
199207 0 0.2,
199233 8 0.87,
199253 9 0.51,
199274 13 0.61,
199302 7 0.09,
199306 7 0.88,
199381 14 0.41,
199470 17 0.04,
199517 6 0.03,
199520 18 0.51,
199544 5 0.81,
199617 8 0.2,
199644 10 0.87,
199668 17 0.28,
199729 11 0.7,
199770 19 0.44,
199811 14 0.11,
199869 3 0.94,
199903 15 0.32,
199987 7 0.82,
200069 11 0.87,
200102 7 0.84,
200145 3 0.57,
200163 15 0.79,
200200 0 0.49,
200210 17 0.89,
200272 9 0.61,
200334 13 0.68,
200366 9 0.82,
200417 4 0.48,
200497 2 0.04,
200522 17 0.09,
200592 19 0.84,
200620 4 0.74,
200668 14 0.45,
200703 8 0.4,
200760 3 0.73,
200828 0 0.2,
200893 7 0.91,
200965 3 0.71,
201016 11 0.33,
201053 17 0.44,
201065 10 0.56,
201139 8 0.77,
201221 3 0.45,
201281 17 0.96,
201338 17 0.34,
201402 15 0.89,
201479 15 0.13,
201559 5 0.11,
201560 5 0.07,
201618 7 0.14,
201622 1 0.61,
201711 8 0.34,
201719 6 0.67,
201779 5 0.63,
201868 15 0.53,
201889 17 0.98,
201923 8 0.01,
201994 14 0.57,
202029 2 0.35,
202085 18 1.0,
202096 17 0.35,
202162 0 0.08,
202206 5 0.82,
202206 0 0.17,
202230 3 0.77,
202297 0 0.9,
202380 2 0.13,
202461 7 0.25,
202537 14 0.73,
202573 12 0.91,
202580 5 0.61,
202661 16 0.43,
202689 12 0.62,
202719 10 0.25,
202745 17 0.22,
202793 18 0.17,
202831 6 0.09,
202906 15 0.15,
202934 16 0.27,
203003 17 0.69,
203015 0 0.59,
203017 13 0.61,
203046 4 0.76,
203067 15 0.31,
203068 17 0.24,
203131 0 0.31,
203204 7 0.45,
203279 14 0.27,
203357 15 0.2,
203377 1 0.65,
203387 8 0.64,
203448 8 0.7,
203459 11 0.42,
203522 15 0.11,
203606 9 0.05,
203669 14 0.93,
203714 18 0.06,
203793 6 0.82,
203856 7 0.44,
203872 7 0.8,
203875 5 0.53,
203943 2 0.85,
203979 13 0.1,
204038 3 0.18,
204109 14 0.17,
204145 16 0.29,
204147 4 0.12,
204234 14 0.59,
204279 15 0.7,
204331 1 0.37,
204364 6 0.29,
204411 0 0.49,
204490 6 0.52,
204556 13 0.5,
204607 9 0.42,
204634 15 0.86,
204704 15 0.88,
204787 6 0.18,
204855 5 0.15,
204855 7 0.37,
204874 9 0.25,
204877 18 0.2,
204959 10 0.97,
205009 5 0.67,
205069 19 0.97,
205143 15 0.99,
205145 19 0.29,
205169 4 0.47,
205182 3 0.48,
205223 6 0.34,
205240 9 0.64,
205252 6 0.13,
205271 8 0.52,
205319 13 1.0,
205362 2 0.94,
205395 16 0.06,
205414 13 0.74,
205483 0 0.16,
205489 2 0.6,
205565 9 0.32,
205578 3 0.17,
205592 4 0.55,
205679 2 0.85,
205713 2 0.69,
205742 3 0.28,
205825 10 0.3,
205895 19 0.21,
205896 9 0.82,
205921 18 0.36,
205921 18 0.9,
205978 19 0.33,
206044 1 0.76,
206045 5 0.01,
206123 9 0.86,
206151 16 0.58,
206200 5 0.19,
206238 4 0.86,
206249 8 0.4,
206316 3 0.81,
206320 9 0.33,
206377 9 0.71,
206384 17 0.7,
206456 8 0.5,
206519 17 0.5,
206565 12 0.18,
206646 10 0.26,
206654 3 0.42,
206669 19 0.58,
206691 11 0.66,
206753 10 0.36,
206824 16 0.11,
206846 12 0.51,
206849 16 0.05,
206866 1 0.61,
206901 16 0.31,
206951 3 0.42,
206982 6 0.06,
206995 2 0.47,
207062 3 0.34,
207087 10 0.3,
207170 6 0.39,
207223 2 0.67,
207277 7 0.75,
207287 1 0.41,
207364 18 0.76,
207444 4 0.48,
207456 8 0.29,
207542 3 0.44,
207591 1 0.46,
207597 10 0.16,
207611 17 0.29,
207696 3 0.91,
207699 8 0.06,
207726 17 0.05,
207811 1 0.76,
207880 11 0.86,
207924 15 0.23,
207976 10 0.29,
208017 17 0.44,
208094 6 0.14,
208101 19 0.85,
208105 10 0.55,
208136 12 0.8,
208155 0 0.07,
208162 2 0.95,
208229 13 0.91,
208255 19 0.7,
208303 11 0.55,
208366 1 0.18,
208412 6 0.37,
208499 2 0.92,
208588 3 0.59,
208591 3 0.7,
208641 10 0.76,
208719 2 0.86,
208768 1 0.66,
208857 2 0.03,
208858 1 0.06,
208947 10 0.35,
208953 16 0.36,
209018 12 0.32,
209082 8 0.8,
209136 13 0.95,
209214 12 0.33,
209229 0 0.94,
209309 13 0.51,
209309 16 0.53,
209326 4 0.82,
209386 4 0.78,
209402 16 0.11,
209490 12 0.22,
209524 7 0.04,
209544 1 0.74,
209605 8 0.67,
209624 3 0.56,
209690 15 0.77,
209736 3 0.3,
209809 7 0.85,
209816 1 0.05,
209866 19 0.76,
209904 19 0.55,
209914 6 0.47,
209983 3 0.5,
210071 7 0.19,
210119 4 0.42,
210155 9 0.19,
210206 15 0.65,
210244 12 0.35,
210266 2 0.72,
210304 18 0.07,
210389 7 0.61,
210403 4 0.83,
210432 8 0.99,
210462 2 0.34,
210481 1 0.99,
210515 14 0.66,
210533 1 0.5,
210569 11 0.52,
210620 9 0.01,
210702 0 0.9,
210730 16 0.83,
210795 12 0.02,
210823 17 0.28,
210869 5 0.75,
210928 10 0.56,
210928 8 0.32,
210930 16 0.27,
210932 16 0.45,
210955 3 0.35,
211030 8 0.84,
211076 6 0.88,
211115 12 0.87,
211158 2 0.54,
211214 8 0.78,
211276 5 0.89,
211313 7 0.24,
211387 9 0.57,
211469 5 0.76,
211552 7 0.72,
211631 1 0.19,
211653 4 0.47,
211673 7 0.94,
211716 6 0.82,
211799 8 0.08,
211884 9 0.23,
211889 4 0.37,
211944 8 0.23,
211991 6 0.37,
212021 2 0.57,
212103 12 0.37,
212104 4 0.4,
212140 7 0.98,
212183 16 0.91,
212232 7 0.63,
212291 9 0.61,
212362 8 0.39,
212364 18 0.74,
212440 11 0.46,
212499 9 0.25,
212581 11 0.63,
212622 8 0.44,
212680 10 0.46,
212732 0 0.01,
212779 13 0.4,
212831 4 0.96,
212859 0 0.64,
212868 17 0.23,
212890 9 0.04,
212972 2 0.96,
212987 8 0.28,
213053 1 0.6,
213136 4 0.41,
213212 15 0.24,
213253 19 0.83,
213312 1 0.33,
213319 18 0.33,
213322 17 0.36,
213408 5 0.32,
213488 4 0.96,
213492 17 0.98,
213565 1 0.78,
213575 17 0.12,
213596 5 0.08,
213627 8 0.01,
213651 16 0.1,
213674 2 0.29,
213697 19 0.21,
213766 16 0.49,
213788 18 0.72,
213835 11 0.23,
213882 5 0.05,
213943 16 0.24,
213977 2 0.53,
214032 15 0.88,
214082 18 0.55,
214085 18 0.38,
214113 14 0.4,
214122 16 0.56,
214134 13 0.29,
214143 15 0.95,
214219 8 0.2,
214281 18 0.04,
214366 10 0.38,
214434 1 0.58,
214502 10 0.16,
214532 2 0.68,
214591 5 0.89,
214609 0 0.74,
214691 7 0.88,
214714 3 0.02,
214793 19 0.19,
214860 0 0.05,
214877 16 0.05,
214925 10 0.59,
214981 3 0.08,
215030 12 0.02,
215060 5 0.14,
215072 1 0.68,
215097 6 0.73,
215137 5 1.0,
215169 13 0.87,
215189 15 0.15,
215204 1 0.42,
215293 18 0.69,
215335 1 0.89,
215421 16 0.56,
215459 19 0.2,
215506 17 0.43,
215555 0 0.74,
215558 4 0.52,
215630 4 0.99,
215654 15 0.45,
215686 11 0.07,
215766 4 0.56,
215823 12 0.52,
215855 16 0.83,
215904 13 0.67,
215963 0 0.44,
215996 7 0.8,
216073 1 0.53,
216162 7 0.38,
216238 6 0.51,
216291 12 0.95,
216301 0 0.32,
216373 10 0.17,
216386 12 0.75,
216418 0 0.72,
216427 10 0.29,
216490 11 0.98,
216549 12 0.67,
216616 13 0.46,
216704 6 0.53,
216749 7 0.78,
216800 3 0.49,
216809 13 0.56,
216824 3 0.1,
216885 18 0.22,
216922 9 0.12,
216958 7 0.77,
217017 13 0.04,
217018 3 0.95,
217100 1 0.37,
217130 0 0.27,
217133 10 0.5,
217202 14 0.07,
217271 2 0.59,
217284 14 0.97,
217311 1 0.15,
217382 17 0.84,
217434 2 0.6,
217470 13 0.29,
217557 16 0.4,
217572 5 0.69,
217574 4 0.08,
217658 1 0.01,
217681 15 0.19,
217725 7 0.8,
217731 18 0.29,
217815 6 0.54,
217894 2 0.86,
217963 6 0.38,
217992 6 0.43,
218076 16 0.55,
218131 15 0.85,
218154 16 0.65,
218198 17 0.93,
218273 12 0.62,
218329 11 0.93,
218336 6 0.82,
218345 3 0.58,
218422 13 0.95,
218445 18 0.18,
218464 14 0.13,
218483 16 0.59,
218564 16 0.11,
218584 10 0.17,
218595 12 0.24,
218670 19 0.3,
218718 13 0.46,
218792 10 0.04,
218835 0 0.98,
218888 6 0.98,
218912 9 0.12,
218948 6 0.19,
219005 12 0.23,
219052 5 0.56,
219119 3 0.76,
219121 11 0.39,
219180 11 0.57,
219239 16 0.43,
219318 10 0.54,
219327 15 0.26,
219379 18 0.94,
219443 5 0.78,
219517 3 0.48,
219602 1 0.69,
219624 15 0.12,
219652 13 0.4,
219675 1 0.46,
219733 11 0.65,
219796 11 0.11,
219857 0 0.74,
219892 5 0.35,
219940 19 0.09,
219983 18 0.83,
220004 5 0.17,
220040 17 0.84,
220127 11 0.41,
220181 19 0.25,
220209 7 0.84,
220225 12 0.11,
220244 7 0.41,
220313 9 0.53,
220374 1 0.71,
220450 19 0.47,
220528 1 0.81,
220599 3 0.64,
220667 16 0.89,
220754 11 0.34,
220788 14 0.94,
220831 12 0.56,
220901 19 0.02,
220973 11 0.53,
221004 4 0.44,
221038 4 0.23,
221111 18 0.84,
221197 18 0.75,
221226 11 0.66,
221304 0 0.18,
221312 1 0.31,
221324 2 0.59,
221359 9 0.86,
221412 8 0.47,
221474 18 0.88,
221490 5 0.78,
221547 5 0.35,
221586 18 0.55,
221635 12 0.89,
221698 19 0.72,
221771 5 0.24,
221787 10 0.72,
221841 13 1.0,
221912 10 0.32,
221941 17 0.67,
222017 8 0.09,
222096 4 0.53,
222100 15 0.04,
222100 4 0.36,
222139 11 0.73,
222167 9 0.92,
222183 10 0.08,
222192 17 0.31,
222225 16 0.9,
222255 11 0.85,
222310 16 0.89,
222371 4 0.02,
>)