sequence with 100 event types 
(120,225473,
<120 79 0.44,
171 75 0.89,
200 81 0.54,
249 13 0.08,
294 85 0.5,
361 97 0.04,
409 25 0.35,
411 45 0.87,
411 50 0.43,
476 65 0.02,
542 99 0.27,
630 15 0.11,
704 30 0.18,
730 40 0.71,
774 52 0.86,
801 27 0.56,
874 61 0.94,
916 91 0.61,
979 31 0.73,
1058 92 0.96,
1125 58 0.52,
1178 10 0.13,
1204 22 0.44,
1219 52 0.02,
1267 79 0.8,
1321 85 0.4,
1410 56 0.04,
1497 64 0.27,
1566 93 0.33,
1594 42 0.45,
1620 77 0.58,
1698 56 0.72,
1764 92 0.02,
1847 93 0.45,
1932 49 0.79,
1989 89 0.21,
2078 39 0.7,
2093 89 0.73,
2130 67 0.8,
2136 78 0.63,
2166 26 0.65,
2205 12 0.82,
2252 40 0.1,
2313 66 0.73,
2398 77 0.09,
2450 91 0.99,
2539 32 0.06,
2587 18 0.37,
2652 98 0.89,
2653 74 0.14,
2727 90 0.06,
2783 77 0.08,
2824 7 0.7,
2895 83 0.9,
2936 3 0.94,
3025 42 0.32,
3098 94 0.64,
3137 3 0.45,
3152 43 0.55,
3206 78 0.01,
3251 35 0.95,
3260 41 0.15,
3326 58 0.3,
3333 72 0.33,
3378 12 0.32,
3462 7 0.9,
3492 3 0.06,
3555 85 0.95,
3580 63 0.55,
3660 80 0.68,
3706 5 0.56,
3762 98 0.28,
3817 4 0.7,
3891 70 0.2,
3952 32 1.0,
3966 3 0.09,
3996 32 0.39,
4063 54 0.44,
4124 98 0.9,
4162 6 0.62,
4206 24 0.86,
4285 69 0.06,
4295 54 0.58,
4361 95 0.96,
4381 18 0.22,
4458 19 0.38,
4516 95 0.82,
4552 87 0.75,
4608 48 0.81,
4645 38 0.01,
4658 32 0.42,
4695 2 0.34,
4781 91 0.96,
4809 56 0.67,
4837 12 0.08,
4837 5 0.71,
4925 34 0.11,
4951 31 0.12,
5008 43 0.23,
5086 52 0.13,
5138 79 0.05,
5156 77 0.5,
5237 46 0.91,
5310 5 0.82,
5319 30 0.66,
5349 73 0.73,
5417 71 0.35,
5487 9 0.81,
5507 4 0.07,
5554 44 0.93,
5641 52 0.8,
5647 11 0.89,
5735 57 0.56,
5815 0 0.12,
5859 79 0.04,
5909 71 0.62,
5970 73 0.71,
5998 86 0.59,
6021 14 0.58,
6061 40 0.32,
6083 22 0.56,
6114 17 0.76,
6159 57 0.7,
6182 2 0.35,
6220 54 0.83,
6267 92 0.28,
6286 38 0.43,
6312 25 0.38,
6344 30 0.54,
6351 38 0.56,
6382 37 0.47,
6458 63 0.63,
6496 56 0.98,
6543 13 0.67,
6569 51 0.96,
6582 29 0.06,
6644 8 0.18,
6653 81 0.17,
6680 18 0.87,
6742 78 0.02,
6766 1 0.77,
6795 4 0.74,
6840 0 0.67,
6869 98 0.69,
6930 68 0.59,
6943 24 0.48,
6958 67 0.46,
6999 45 0.24,
7047 63 0.02,
7120 77 0.64,
7183 61 0.28,
7257 75 0.07,
7308 47 0.58,
7328 58 0.62,
7336 61 0.63,
7377 86 0.38,
7397 89 0.49,
7456 68 0.03,
7512 27 0.91,
7580 72 0.63,
7606 27 0.98,
7681 93 0.23,
7769 1 0.99,
7781 82 0.96,
7860 55 0.54,
7922 25 0.22,
7975 25 0.91,
8009 90 0.28,
8058 14 0.02,
8079 89 0.8,
8104 11 0.15,
8137 60 0.1,
8197 8 0.21,
8272 59 0.58,
8318 70 0.89,
8404 8 0.52,
8419 18 0.77,
8480 25 0.34,
8565 1 0.55,
8631 3 0.29,
8666 92 0.42,
8749 45 0.96,
8803 74 0.34,
8837 2 0.22,
8864 77 0.13,
8884 44 0.66,
8899 60 0.87,
8978 13 0.39,
9020 75 0.36,
9025 37 0.32,
9094 58 0.8,
9117 57 0.16,
9205 17 0.88,
9275 7 0.03,
9364 3 0.15,
9419 53 0.92,
9430 7 0.22,
9457 46 0.65,
9525 34 0.44,
9588 78 0.08,
9594 34 0.8,
9637 67 0.05,
9711 94 0.53,
9753 32 0.77,
9791 85 0.88,
9854 98 0.78,
9901 66 0.6,
9914 25 0.97,
9991 35 0.76,
10019 39 0.9,
10085 12 0.35,
10153 24 0.92,
10235 13 0.14,
10256 63 0.91,
10279 10 0.62,
10366 16 0.79,
10416 93 0.44,
10493 24 0.34,
10564 39 0.98,
10603 28 0.67,
10691 66 0.7,
10778 24 0.84,
10791 1 0.94,
10856 81 0.86,
10901 85 0.04,
10939 22 0.23,
11025 86 0.68,
11044 12 0.62,
11056 4 0.9,
11101 34 0.14,
11178 49 0.4,
11186 57 0.56,
11186 22 0.01,
11189 23 0.3,
11215 76 0.21,
11288 94 0.36,
11372 3 0.92,
11428 76 0.88,
11443 36 0.17,
11458 57 0.24,
11541 2 0.85,
11624 88 0.46,
11658 68 0.17,
11683 60 0.51,
11697 89 0.06,
11759 9 0.6,
11789 44 0.74,
11827 60 0.31,
11879 25 0.36,
11928 38 1.0,
11961 76 0.14,
12026 17 0.73,
12066 83 0.12,
12075 94 0.63,
12084 57 0.93,
12132 89 0.88,
12174 66 0.04,
12205 13 0.28,
12205 18 0.25,
12290 28 0.72,
12357 23 0.22,
12438 17 0.97,
12477 10 0.82,
12482 96 0.67,
12562 96 0.34,
12626 94 1.0,
12663 12 0.6,
12734 92 0.37,
12811 91 0.37,
12862 41 0.31,
12900 72 0.98,
12938 53 0.81,
12991 77 0.08,
13064 62 0.88,
13128 85 0.73,
13140 41 0.59,
13163 72 0.72,
13174 76 0.92,
13254 4 0.64,
13330 17 0.82,
13408 1 0.26,
13436 69 0.53,
13490 82 0.11,
13492 94 0.49,
13579 32 0.41,
13626 44 0.51,
13676 18 0.46,
13687 41 0.02,
13762 28 0.95,
13783 28 0.83,
13827 75 0.23,
13842 72 0.87,
13919 72 0.2,
13991 62 0.22,
13996 21 0.02,
14036 26 0.89,
14102 40 0.13,
14124 52 0.99,
14200 13 0.88,
14276 59 0.24,
14285 14 0.53,
14309 90 0.4,
14393 36 0.42,
14445 34 0.39,
14496 37 0.57,
14529 4 0.17,
14606 70 0.6,
14612 98 0.9,
14640 20 0.6,
14651 8 0.86,
14695 25 0.41,
14707 32 0.2,
14743 26 0.18,
14813 18 0.38,
14863 76 0.5,
14902 9 0.71,
14958 42 0.57,
15036 16 0.65,
15041 51 0.92,
15113 13 0.23,
15202 75 0.33,
15217 38 0.01,
15302 36 0.8,
15306 98 0.49,
15395 64 0.1,
15448 77 0.69,
15464 66 0.12,
15524 15 0.09,
15602 51 0.2,
15685 52 0.12,
15767 78 0.92,
15796 93 0.43,
15814 81 0.68,
15820 48 0.66,
15884 6 0.16,
15894 62 0.15,
15965 47 0.09,
15966 32 0.45,
16037 82 0.84,
16114 16 0.77,
16154 25 0.53,
16164 58 0.08,
16231 26 0.36,
16304 55 0.6,
16319 75 0.2,
16352 4 0.76,
16354 76 0.17,
16383 78 0.61,
16430 32 0.14,
16489 42 0.5,
16493 12 0.36,
16570 19 0.5,
16583 80 0.37,
16601 19 0.97,
16622 12 0.14,
16650 66 0.73,
16652 11 0.56,
16698 33 0.1,
16719 52 0.69,
16725 83 0.68,
16740 94 0.83,
16781 86 0.08,
16829 52 0.31,
16879 47 0.71,
16957 69 1.0,
17032 70 0.24,
17121 49 0.64,
17208 17 0.16,
17241 53 0.9,
17273 85 0.09,
17282 22 0.92,
17345 12 0.74,
17368 74 0.51,
17424 75 0.73,
17512 17 0.32,
17600 2 0.29,
17602 27 0.13,
17677 92 0.11,
17691 23 0.05,
17692 47 0.88,
17778 98 0.74,
17864 9 0.88,
17896 80 0.56,
17977 64 0.89,
18057 41 0.42,
18068 65 0.63,
18155 98 0.04,
18182 78 0.72,
18198 48 0.93,
18252 10 0.54,
18337 72 0.73,
18391 20 0.01,
18431 94 0.07,
18437 76 0.5,
18487 7 0.76,
18496 52 0.69,
18567 75 0.75,
18594 72 0.72,
18630 19 0.81,
18679 20 0.06,
18757 1 0.84,
18815 92 0.1,
18825 48 0.87,
18902 39 0.38,
18941 36 0.67,
19027 13 0.49,
19045 25 0.24,
19103 56 0.59,
19161 7 0.38,
19246 41 0.83,
19275 23 0.04,
19340 70 0.75,
19412 35 0.87,
19437 49 0.35,
19439 16 0.42,
19478 14 0.89,
19488 63 0.65,
19535 14 0.76,
19555 47 0.65,
19569 43 0.02,
19598 78 0.91,
19673 70 0.12,
19755 4 0.84,
19819 55 0.98,
19828 47 0.23,
19903 88 0.27,
19920 51 0.69,
19953 64 0.61,
20022 98 0.69,
20072 83 0.06,
20107 84 0.18,
20191 58 0.06,
20257 79 0.67,
20292 65 0.8,
20306 11 0.74,
20349 10 0.44,
20405 66 0.5,
20489 67 0.89,
20519 56 0.98,
20540 81 0.23,
20620 64 0.12,
20668 80 0.2,
20692 19 0.27,
20759 21 0.5,
20785 72 0.97,
20849 58 0.85,
20874 53 0.61,
20941 97 0.96,
20941 62 0.03,
20947 7 0.22,
20988 76 0.54,
21017 66 0.4,
21055 43 0.4,
21115 55 0.93,
21156 23 0.66,
21202 23 0.96,
21206 57 0.67,
21237 65 0.15,
21303 61 0.05,
21340 34 0.42,
21425 39 0.77,
21495 24 0.89,
21567 68 0.06,
21600 55 0.12,
21602 89 0.62,
21630 20 0.73,
21637 22 0.21,
21708 52 0.19,
21761 44 0.35,
21763 33 0.88,
21819 64 0.41,
21855 65 0.75,
21881 73 0.66,
21939 11 0.67,
21973 88 0.57,
22056 29 0.06,
22139 40 0.72,
22167 34 0.57,
22242 4 0.45,
22326 26 0.42,
22371 97 0.56,
22379 70 0.49,
22439 89 0.99,
22471 66 0.78,
22503 25 0.64,
22561 10 0.22,
22625 43 0.61,
22641 80 0.93,
22721 97 0.83,
22769 98 0.62,
22824 41 0.48,
22913 5 0.03,
22953 31 0.04,
22981 14 0.99,
23055 32 0.05,
23139 53 0.41,
23176 38 0.3,
23223 19 0.79,
23235 40 0.51,
23269 84 0.02,
23318 32 0.17,
23375 89 0.62,
23412 66 0.7,
23414 87 0.39,
23491 54 0.11,
23500 32 0.28,
23537 56 0.18,
23559 29 0.97,
23616 59 0.61,
23683 47 0.08,
23718 99 0.01,
23747 51 0.45,
23819 28 0.69,
23847 20 0.51,
23922 27 0.51,
23999 12 0.48,
24077 63 0.55,
24118 28 0.84,
24204 88 0.75,
24260 29 0.83,
24287 0 0.48,
24355 7 0.96,
24410 3 0.6,
24489 31 0.92,
24503 90 0.85,
24583 95 0.06,
24596 65 0.82,
24646 26 0.98,
24681 57 0.69,
24762 45 0.65,
24849 86 0.62,
24932 17 0.32,
25007 61 0.52,
25071 14 0.58,
25075 64 0.89,
25119 14 0.99,
25128 30 0.29,
25144 89 0.39,
25169 48 0.77,
25250 56 0.57,
25275 62 0.71,
25292 26 0.67,
25332 45 0.55,
25332 30 0.49,
25361 94 0.04,
25449 1 0.6,
25504 48 0.62,
25571 89 0.73,
25648 4 0.38,
25650 26 0.93,
25666 79 0.07,
25698 79 0.26,
25762 70 0.26,
25782 57 0.6,
25812 77 0.63,
25849 25 0.85,
25921 95 0.29,
25932 89 0.67,
25961 12 0.09,
25979 15 0.76,
26047 47 0.55,
26123 88 0.41,
26209 80 0.64,
26298 83 0.56,
26370 33 0.79,
26423 13 0.8,
26434 6 0.74,
26456 15 0.34,
26487 94 0.86,
26542 53 0.63,
26562 55 0.6,
26594 45 0.34,
26621 24 0.75,
26660 81 0.04,
26685 11 0.08,
26745 28 0.75,
26805 23 0.4,
26813 33 0.85,
26833 29 0.93,
26902 89 0.36,
26981 70 0.53,
26986 43 0.85,
27068 56 0.86,
27129 18 0.31,
27150 17 0.44,
27196 98 0.69,
27283 42 0.28,
27312 29 0.99,
27338 89 0.8,
27370 75 0.57,
27407 22 0.91,
27439 94 0.73,
27469 44 0.98,
27478 71 0.51,
27543 9 0.5,
27559 86 0.67,
27641 66 0.69,
27641 84 0.5,
27723 57 0.78,
27773 2 0.64,
27797 15 0.71,
27872 17 0.16,
27884 34 0.05,
27962 68 0.68,
28024 39 0.42,
28052 38 0.1,
28074 43 0.33,
28143 45 0.1,
28152 59 0.87,
28237 3 0.59,
28297 88 0.38,
28319 23 0.8,
28400 58 0.71,
28461 56 0.38,
28495 16 0.46,
28504 27 0.73,
28574 22 0.95,
28621 25 1.0,
28645 83 0.78,
28719 10 0.16,
28741 8 0.21,
28792 96 0.14,
28876 19 0.18,
28942 48 0.4,
29026 14 0.24,
29026 95 0.86,
29027 13 0.8,
29074 81 0.67,
29085 45 0.99,
29126 1 0.86,
29138 13 0.61,
29187 4 0.31,
29246 57 0.62,
29288 25 0.1,
29305 22 0.34,
29318 92 0.74,
29334 99 0.94,
29362 8 0.15,
29387 94 0.77,
29457 62 0.09,
29463 20 0.39,
29552 64 0.18,
29566 38 0.83,
29570 65 0.32,
29598 64 0.27,
29637 35 0.11,
29704 84 0.15,
29788 6 0.34,
29835 24 0.67,
29880 67 0.94,
29952 77 0.3,
30027 81 0.39,
30104 35 0.8,
30170 81 0.18,
30256 2 0.35,
30279 96 0.47,
30333 73 0.84,
30409 1 0.28,
30468 98 0.07,
30473 76 0.45,
30523 7 0.54,
30596 22 0.1,
30670 26 0.51,
30715 57 0.94,
30756 37 0.18,
30756 21 0.25,
30822 85 0.46,
30846 63 0.63,
30906 22 0.8,
30950 83 0.22,
31011 89 0.12,
31090 12 0.33,
31098 80 0.4,
31172 73 0.06,
31240 66 0.79,
31319 12 0.51,
31335 23 0.84,
31375 14 0.21,
31442 0 0.38,
31467 29 0.63,
31515 31 0.89,
31558 3 0.96,
31599 97 0.49,
31656 47 0.74,
31738 78 0.82,
31762 8 0.87,
31808 69 0.49,
31830 16 0.82,
31838 30 0.9,
31891 73 0.14,
31976 78 0.09,
32042 56 0.97,
32072 57 0.48,
32081 28 0.78,
32136 56 0.22,
32166 18 0.64,
32173 91 0.89,
32250 26 0.09,
32282 87 0.44,
32361 15 0.85,
32445 81 0.89,
32499 42 0.72,
32511 9 0.85,
32572 88 0.02,
32646 75 0.84,
32690 45 0.99,
32721 30 0.5,
32786 78 0.03,
32850 87 0.2,
32932 84 0.27,
32980 42 0.22,
32989 25 0.65,
33052 61 0.18,
33124 96 0.1,
33137 47 0.38,
33194 79 0.31,
33210 70 0.12,
33286 74 0.05,
33310 61 0.5,
33395 15 0.69,
33447 55 0.71,
33516 53 0.25,
33529 39 0.62,
33581 39 0.56,
33649 93 0.74,
33702 79 0.35,
33717 56 0.05,
33756 15 0.48,
33841 81 0.58,
33892 37 0.97,
33919 87 0.84,
33979 0 0.94,
34032 76 0.78,
34074 3 0.28,
34075 4 0.18,
34114 58 0.8,
34154 33 0.3,
34159 34 0.64,
34230 88 0.21,
34291 5 0.54,
34301 19 0.37,
34369 21 0.57,
34433 64 0.03,
34497 85 0.2,
34577 99 0.33,
34580 59 0.86,
34654 20 0.45,
34692 3 0.56,
34773 1 0.1,
34807 4 0.69,
34842 44 0.67,
34858 14 0.16,
34917 73 0.57,
34978 85 0.05,
35007 23 0.28,
35093 53 0.56,
35150 72 0.79,
35160 2 1.0,
35242 73 0.15,
35302 9 0.29,
35322 14 0.08,
35345 55 0.56,
35348 56 0.4,
35437 51 0.41,
35458 25 0.24,
35517 82 0.92,
35590 26 0.13,
35616 20 0.85,
35639 29 0.57,
35672 42 0.29,
35705 47 0.69,
35783 4 1.0,
35827 14 0.01,
35884 31 0.46,
35950 64 0.41,
35981 90 0.16,
36012 88 0.65,
36019 42 0.31,
36083 78 1.0,
36094 27 0.85,
36153 68 0.88,
36180 80 0.69,
36243 98 0.38,
36272 55 0.81,
36318 82 0.89,
36385 88 0.96,
36419 50 0.71,
36448 36 0.16,
36533 91 0.61,
36593 1 0.69,
36679 79 0.12,
36738 89 0.68,
36821 97 0.07,
36858 32 0.62,
36874 26 0.1,
36949 64 0.91,
37035 75 0.08,
37066 87 0.38,
37069 90 0.94,
37155 73 0.16,
37200 72 0.25,
37212 52 0.95,
37251 45 0.07,
37318 23 0.1,
37334 50 0.99,
37341 23 0.09,
37380 77 0.42,
37392 68 0.16,
37429 43 0.49,
37474 46 0.38,
37549 62 0.72,
37630 86 0.22,
37669 55 0.72,
37673 92 0.8,
37682 45 0.12,
37736 43 0.71,
37779 98 0.5,
37802 45 0.11,
37835 48 0.01,
37835 64 0.49,
37903 99 0.96,
37923 89 0.47,
37953 27 0.81,
37980 93 0.28,
37993 9 0.28,
38069 52 0.93,
38120 55 0.35,
38122 4 0.65,
38209 47 0.19,
38249 36 0.77,
38260 63 0.7,
38302 18 0.17,
38346 3 0.79,
38364 80 0.58,
38399 47 0.83,
38449 32 0.04,
38468 55 0.31,
38469 6 0.3,
38551 90 0.97,
38570 72 0.47,
38602 82 0.04,
38616 59 0.49,
38676 27 0.59,
38751 12 0.46,
38835 36 0.72,
38915 18 0.94,
38930 99 0.78,
38969 6 0.59,
39032 23 0.23,
39055 28 0.19,
39059 24 0.38,
39092 6 0.04,
39115 28 0.84,
39188 52 0.03,
39228 25 0.41,
39281 44 0.27,
39340 2 0.85,
39422 26 0.51,
39477 30 0.44,
39532 43 0.07,
39585 98 0.87,
39589 94 0.43,
39660 73 0.21,
39691 81 0.53,
39776 31 0.65,
39784 62 0.62,
39855 72 0.11,
39865 39 0.48,
39871 4 0.19,
39908 12 0.84,
39959 86 0.57,
39973 91 0.13,
40027 96 0.31,
40029 24 0.39,
40051 92 0.92,
40132 28 0.39,
40146 0 0.74,
40224 28 0.68,
40233 35 0.13,
40255 81 0.34,
40265 38 0.81,
40329 39 0.6,
40391 51 0.04,
40406 96 0.21,
40427 54 0.26,
40502 31 0.53,
40573 47 0.73,
40627 24 0.16,
40684 27 0.97,
40686 21 0.11,
40774 78 0.32,
40830 13 0.77,
40869 15 0.33,
40958 43 0.08,
41004 42 0.14,
41086 62 0.26,
41141 91 0.79,
41214 60 0.81,
41292 48 0.26,
41365 31 0.76,
41432 45 0.42,
41455 45 0.81,
41497 13 0.27,
41554 73 0.34,
41563 31 0.42,
41596 21 0.24,
41624 31 0.76,
41656 75 0.43,
41672 8 0.57,
41682 14 0.95,
41759 89 0.57,
41796 26 0.65,
41860 24 0.86,
41944 80 0.9,
41954 79 0.4,
41974 40 0.18,
42035 82 0.23,
42095 34 0.67,
42177 61 0.82,
42248 63 0.75,
42314 78 0.83,
42345 12 0.88,
42379 21 0.52,
42465 97 0.66,
42542 28 0.53,
42616 72 0.16,
42643 51 0.38,
42723 10 0.99,
42730 18 0.38,
42813 91 0.19,
42824 85 0.59,
42897 40 0.45,
42980 43 0.01,
43047 50 0.3,
43131 70 0.79,
43156 86 0.12,
43160 4 0.14,
43164 84 0.96,
43240 77 0.47,
43266 50 0.36,
43291 70 0.35,
43323 42 0.11,
43370 83 0.15,
43410 55 0.01,
43499 2 0.3,
43523 49 0.44,
43523 78 0.45,
43542 41 0.04,
43597 53 0.95,
43637 70 0.96,
43689 80 0.73,
43737 60 0.47,
43770 76 0.7,
43846 52 0.41,
43913 36 0.42,
43961 27 0.41,
44017 51 0.25,
44096 94 0.47,
44162 25 0.71,
44182 22 0.6,
44264 62 0.71,
44334 86 0.38,
44362 77 0.46,
44417 29 1.0,
44466 50 0.03,
44534 16 0.4,
44564 31 0.06,
44644 94 0.16,
44709 36 0.62,
44720 41 0.82,
44792 55 0.56,
44827 84 0.38,
44848 46 0.3,
44907 31 0.13,
44995 72 0.85,
45041 2 0.89,
45101 4 0.89,
45101 57 0.26,
45142 99 0.45,
45219 51 0.14,
45248 82 0.39,
45266 9 0.33,
45296 45 0.65,
45376 23 0.85,
45400 63 0.4,
45439 80 0.88,
45491 58 0.71,
45567 30 0.09,
45647 48 0.34,
45710 85 0.03,
45731 43 0.66,
45748 66 0.03,
45836 12 0.47,
45847 73 0.13,
45900 32 0.5,
45968 10 0.79,
46017 5 0.73,
46065 91 0.33,
46086 82 0.82,
46158 66 1.0,
46221 20 0.45,
46291 70 0.3,
46301 39 0.8,
46303 34 0.43,
46380 77 0.58,
46419 57 0.13,
46493 17 0.03,
46502 9 0.21,
46562 67 0.09,
46609 74 0.25,
46682 66 0.84,
46706 51 0.67,
46764 12 0.95,
46776 69 0.89,
46783 31 0.15,
46842 41 0.26,
46860 26 0.87,
46907 41 0.58,
46954 97 0.1,
46999 75 0.11,
47032 23 0.33,
47094 55 0.25,
47147 72 0.64,
47215 33 0.34,
47223 57 0.17,
47299 83 0.08,
47386 17 0.23,
47462 80 0.32,
47538 54 0.92,
47595 37 0.88,
47657 90 0.65,
47707 6 0.39,
47731 4 0.95,
47761 95 0.17,
47843 36 0.61,
47897 5 0.69,
47977 34 0.51,
48047 83 0.12,
48088 83 0.22,
48091 32 1.0,
48123 50 0.14,
48191 0 0.55,
48251 88 0.38,
48306 49 0.58,
48365 3 0.5,
48384 23 0.06,
48397 71 0.83,
48450 69 1.0,
48460 53 0.12,
48525 40 0.57,
48552 85 0.32,
48578 64 0.41,
48650 36 0.2,
48736 32 0.24,
48799 32 0.31,
48813 6 0.05,
48883 61 0.85,
48891 80 0.8,
48977 40 0.78,
49048 90 0.72,
49104 99 0.59,
49118 0 0.13,
49192 95 0.1,
49266 6 0.95,
49271 4 0.61,
49332 96 0.79,
49332 94 0.58,
49337 98 0.42,
49425 2 1.0,
49505 12 0.98,
49556 66 0.16,
49615 82 0.43,
49616 78 0.39,
49691 53 0.22,
49708 97 0.59,
49790 11 0.61,
49838 41 0.59,
49840 35 0.8,
49879 16 0.07,
49882 56 0.5,
49912 99 0.38,
49989 14 0.71,
50061 43 0.32,
50087 37 0.81,
50143 45 0.45,
50188 87 0.48,
50247 79 0.26,
50311 64 0.73,
50355 79 0.07,
50396 21 0.06,
50444 50 0.96,
50469 34 0.47,
50545 65 0.74,
50559 3 0.36,
50622 29 0.17,
50669 28 0.05,
50756 45 0.96,
50833 46 0.8,
50894 32 0.41,
50958 76 0.97,
50964 75 0.21,
51044 63 0.76,
51104 36 0.98,
51132 87 0.92,
51181 14 0.89,
51182 99 0.15,
51244 13 0.39,
51264 10 0.71,
51325 67 0.96,
51395 24 0.25,
51479 13 0.15,
51533 79 0.84,
51544 96 0.46,
51556 38 0.83,
51593 79 0.79,
51621 8 0.78,
51703 67 0.38,
51755 68 0.68,
51838 16 0.82,
51924 5 0.8,
52000 79 0.08,
52057 37 0.38,
52083 63 0.54,
52136 61 0.38,
52222 3 0.53,
52257 77 0.23,
52290 54 0.98,
52311 9 0.96,
52344 17 0.52,
52427 76 0.87,
52482 2 0.92,
52510 67 0.12,
52597 93 0.48,
52671 82 0.11,
52681 12 0.77,
52687 77 0.65,
52730 47 0.2,
52806 84 0.19,
52844 35 0.04,
52845 6 0.63,
52856 43 0.28,
52923 41 0.48,
52955 7 0.54,
52979 18 0.55,
53026 69 0.43,
53091 47 0.24,
53152 8 0.83,
53208 21 0.27,
53264 73 0.67,
53294 70 0.89,
53381 31 0.28,
53469 93 0.62,
53497 0 0.29,
53511 37 0.8,
53592 11 0.8,
53638 17 0.84,
53725 6 0.65,
53745 2 0.25,
53765 33 0.74,
53844 92 0.22,
53884 71 0.12,
53887 61 0.85,
53904 67 0.49,
53936 76 0.57,
53944 88 0.54,
54028 61 0.07,
54041 63 0.32,
54101 93 0.27,
54115 14 0.53,
54168 16 0.56,
54224 51 0.28,
54292 48 0.77,
54304 33 0.16,
54369 88 0.58,
54383 75 0.46,
54439 43 0.6,
54467 92 0.49,
54503 86 0.4,
54519 96 0.95,
54596 33 0.95,
54682 3 0.18,
54747 26 0.9,
54833 53 0.17,
54833 33 0.84,
54834 39 0.02,
54874 45 0.9,
54940 24 0.29,
55000 8 0.3,
55059 59 0.89,
55138 81 0.44,
55192 19 0.91,
55247 80 0.28,
55328 21 0.4,
55403 38 0.06,
55487 14 0.6,
55547 42 0.78,
55604 65 0.88,
55618 3 0.09,
55650 29 0.12,
55719 31 0.79,
55741 44 0.02,
55824 49 0.52,
55897 80 0.75,
55969 99 0.29,
55981 12 0.32,
56065 46 0.98,
56131 78 0.76,
56167 36 0.68,
56198 59 0.15,
56250 89 0.93,
56303 30 0.31,
56320 27 0.58,
56333 3 0.99,
56388 23 0.86,
56459 44 0.98,
56478 72 0.94,
56553 50 0.38,
56563 53 0.1,
56640 26 0.91,
56726 93 0.97,
56734 12 0.08,
56810 40 0.26,
56860 73 0.71,
56947 19 0.43,
57027 91 0.58,
57034 37 0.96,
57058 82 0.69,
57072 99 1.0,
57146 5 0.49,
57227 89 0.22,
57253 70 0.6,
57288 95 0.87,
57330 25 0.36,
57401 8 0.28,
57435 36 0.64,
57485 89 0.47,
57556 1 0.18,
57563 40 1.0,
57642 39 0.91,
57670 30 0.68,
57679 87 0.61,
57726 77 0.79,
57733 15 0.17,
57805 40 0.71,
57833 95 0.72,
57852 42 0.11,
57889 6 1.0,
57971 23 0.07,
58043 78 0.58,
58090 6 0.17,
58105 67 0.15,
58136 95 0.86,
58170 72 0.14,
58225 47 0.83,
58227 10 0.72,
58252 99 0.88,
58264 73 0.48,
58302 50 0.91,
58351 20 0.28,
58435 78 0.56,
58480 92 0.76,
58485 91 0.66,
58521 39 0.68,
58579 90 0.19,
58627 99 0.59,
58685 33 0.12,
58714 14 0.66,
58785 95 0.34,
58823 27 0.53,
58883 19 0.63,
58925 51 0.36,
59012 83 0.5,
59049 37 0.39,
59125 86 0.79,
59211 94 0.65,
59262 26 0.6,
59327 66 0.06,
59387 28 0.38,
59412 17 0.46,
59480 10 0.13,
59537 15 0.31,
59588 6 0.03,
59663 68 0.66,
59736 43 0.97,
59799 31 0.47,
59853 63 0.32,
59862 59 0.9,
59890 89 0.2,
59922 11 0.83,
59977 19 0.32,
59995 74 0.31,
60048 24 0.43,
60134 69 0.65,
60159 99 0.48,
60170 80 0.5,
60232 31 0.2,
60267 81 0.23,
60343 46 0.85,
60379 8 0.1,
60404 40 0.5,
60459 5 0.54,
60512 71 0.67,
60554 6 0.12,
60578 63 0.03,
60627 70 0.28,
60648 12 0.27,
60690 91 0.66,
60775 36 0.37,
60794 80 0.6,
60883 75 0.09,
60900 93 0.9,
60942 46 0.1,
60998 84 0.47,
61061 43 0.75,
61147 2 0.05,
61209 37 0.78,
61258 6 0.58,
61292 12 0.68,
61349 61 0.76,
61366 90 0.94,
61451 22 0.72,
61522 43 0.97,
61554 91 0.74,
61625 48 1.0,
61713 10 0.13,
61755 68 0.63,
61785 51 0.42,
61873 80 0.06,
61937 99 0.57,
61962 49 0.39,
61992 45 0.36,
62057 22 0.26,
62067 49 1.0,
62151 58 0.95,
62159 47 0.57,
62236 72 0.42,
62283 14 0.41,
62324 97 0.09,
62412 83 0.17,
62432 28 0.45,
62509 24 0.88,
62524 49 0.03,
62546 74 0.82,
62599 33 0.63,
62668 39 0.16,
62693 59 0.87,
62743 95 0.87,
62747 35 0.01,
62766 17 0.94,
62775 79 0.56,
62785 82 0.79,
62836 15 0.49,
62917 25 0.46,
62927 26 0.61,
62968 53 0.4,
62972 89 0.14,
62989 29 0.87,
63038 8 0.19,
63125 76 0.3,
63188 7 0.83,
63244 67 0.31,
63278 39 0.78,
63316 56 0.52,
63389 65 0.97,
63475 8 0.85,
63485 69 0.97,
63513 50 0.49,
63600 88 0.64,
63650 72 0.73,
63697 18 0.84,
63724 97 0.64,
63807 2 0.23,
63893 72 0.66,
63946 25 0.21,
63963 33 0.56,
64019 82 0.83,
64022 2 0.85,
64028 22 0.92,
64088 52 0.98,
64135 71 0.57,
64185 79 0.09,
64206 34 0.48,
64265 58 0.19,
64354 96 0.29,
64436 9 0.52,
64491 30 0.77,
64519 33 0.08,
64590 20 0.5,
64645 6 0.14,
64689 78 0.88,
64771 13 0.98,
64814 78 0.96,
64871 79 0.32,
64890 57 0.21,
64921 56 0.31,
64976 96 0.65,
65055 21 0.84,
65067 15 0.65,
65116 27 0.45,
65151 28 0.16,
65237 40 0.59,
65262 22 0.31,
65291 24 0.79,
65335 55 0.98,
65354 72 0.53,
65411 56 0.97,
65489 14 0.41,
65520 65 0.37,
65525 15 0.87,
65530 35 0.16,
65606 6 0.02,
65633 94 0.81,
65638 28 0.02,
65681 78 0.29,
65721 62 0.76,
65771 13 0.14,
65849 17 0.88,
65879 70 0.93,
65912 80 0.91,
65976 61 0.02,
66019 39 0.02,
66072 20 0.76,
66089 57 0.06,
66125 64 0.94,
66207 22 0.8,
66291 54 0.54,
66307 68 0.23,
66328 50 0.87,
66406 5 0.6,
66423 32 0.44,
66476 59 0.32,
66547 49 0.05,
66554 61 0.67,
66557 72 0.21,
66635 72 0.55,
66655 69 0.04,
66670 66 0.66,
66724 62 0.37,
66726 91 0.02,
66763 90 0.82,
66845 24 0.1,
66888 71 0.67,
66959 99 0.21,
66991 29 0.99,
66992 64 0.8,
67080 16 0.86,
67100 94 0.15,
67179 49 0.91,
67218 61 0.47,
67275 27 0.78,
67286 26 0.93,
67312 29 0.77,
67340 23 0.82,
67425 13 0.31,
67452 58 0.88,
67467 83 0.29,
67534 26 0.57,
67575 88 0.88,
67640 53 1.0,
67698 96 0.79,
67711 61 0.83,
67756 18 0.59,
67835 45 0.12,
67855 57 0.17,
67916 99 0.15,
67971 22 0.13,
68046 31 0.29,
68090 13 0.22,
68170 29 0.9,
68246 48 0.84,
68278 56 0.01,
68298 96 0.2,
68321 84 0.94,
68334 27 0.58,
68361 80 0.44,
68447 74 0.05,
68451 24 0.41,
68524 56 0.99,
68543 99 0.28,
68557 73 0.38,
68562 57 0.02,
68639 81 0.85,
68723 19 0.97,
68779 9 0.98,
68800 53 0.72,
68822 47 0.6,
68904 75 0.84,
68960 55 0.74,
68984 28 0.65,
69016 41 0.52,
69022 78 0.22,
69096 85 0.58,
69117 14 0.83,
69153 94 0.76,
69235 87 0.09,
69317 57 0.77,
69350 39 0.05,
69401 21 0.75,
69447 69 0.3,
69458 85 0.47,
69543 32 0.04,
69555 43 0.99,
69621 27 0.88,
69709 81 0.83,
69771 89 0.52,
69858 7 0.64,
69897 32 0.48,
69932 9 0.55,
70013 81 0.88,
70069 27 0.6,
70081 10 0.02,
70140 42 0.39,
70142 88 0.03,
70153 79 0.36,
70240 79 0.71,
70282 48 0.33,
70331 51 0.78,
70401 33 0.84,
70468 47 0.8,
70506 92 0.72,
70542 71 0.14,
70550 65 0.1,
70585 7 0.26,
70599 34 0.01,
70629 63 0.22,
70686 89 0.77,
70774 91 0.98,
70801 17 0.15,
70847 12 0.91,
70905 38 0.34,
70928 56 0.52,
70940 63 0.84,
70992 37 0.4,
71024 71 0.81,
71093 88 0.1,
71095 52 0.38,
71123 32 0.16,
71191 29 0.97,
71279 26 0.58,
71280 35 0.92,
71320 63 0.65,
71378 34 0.21,
71428 14 0.15,
71457 33 0.26,
71544 95 0.06,
71590 23 0.3,
71632 83 0.07,
71683 76 0.5,
71731 22 0.02,
71793 28 0.11,
71858 89 0.94,
71859 11 0.99,
71873 16 0.25,
71903 51 1.0,
71990 10 0.42,
71992 25 0.3,
71992 75 0.9,
72075 48 0.72,
72083 97 0.66,
72112 64 0.76,
72126 41 0.7,
72176 8 0.46,
72205 2 0.49,
72264 92 0.59,
72278 10 0.61,
72306 36 0.96,
72354 43 0.54,
72396 93 0.23,
72450 81 0.06,
72475 56 0.11,
72482 94 0.22,
72523 45 0.95,
72603 99 0.19,
72681 24 0.57,
72729 44 0.58,
72790 0 0.39,
72833 83 0.27,
72863 80 0.77,
72882 70 0.79,
72903 56 0.95,
72954 27 0.94,
73002 90 0.35,
73034 21 0.71,
73113 67 0.68,
73114 89 0.69,
73181 24 0.98,
73230 7 0.38,
73289 30 0.24,
73290 88 0.37,
73369 70 0.26,
73392 36 0.9,
73473 97 0.45,
73510 25 0.95,
73593 16 0.9,
73682 35 0.61,
73692 93 0.67,
73768 61 0.67,
73854 43 0.49,
73911 11 0.05,
73914 71 0.03,
73960 89 0.29,
74008 53 0.29,
74025 33 0.18,
74036 7 0.52,
74065 95 0.86,
74106 86 0.63,
74137 99 0.74,
74140 50 0.16,
74143 63 0.15,
74218 23 0.59,
74246 79 0.29,
74256 50 0.01,
74289 91 0.13,
74377 56 0.63,
74414 10 0.11,
74501 19 0.43,
74567 53 0.19,
74641 62 0.12,
74717 28 0.83,
74748 69 0.54,
74789 49 0.14,
74875 66 0.17,
74952 9 0.48,
75023 34 0.94,
75105 28 0.14,
75152 89 0.95,
75233 90 0.59,
75290 95 0.33,
75343 11 0.27,
75407 39 0.62,
75449 28 0.38,
75459 57 0.53,
75535 22 1.0,
75562 72 0.96,
75586 28 0.81,
75675 83 0.56,
75717 28 0.04,
75765 73 0.71,
75826 80 0.3,
75898 55 0.1,
75910 12 0.59,
75997 93 0.11,
76010 98 0.76,
76033 18 0.13,
76090 29 0.25,
76168 47 0.65,
76239 47 0.19,
76280 10 0.84,
76306 95 0.4,
76314 38 0.94,
76349 3 0.4,
76415 80 0.44,
76432 69 0.54,
76512 43 0.19,
76550 87 0.48,
76598 79 0.62,
76658 14 0.36,
76730 29 0.82,
76795 34 0.2,
76868 92 0.11,
76894 80 0.31,
76907 76 0.93,
76974 89 0.32,
76983 73 0.65,
77054 21 0.85,
77142 53 0.58,
77157 9 0.55,
77204 68 0.35,
77266 66 0.46,
77273 52 0.95,
77352 64 0.14,
77376 73 0.23,
77447 65 0.12,
77498 88 0.35,
77554 56 0.52,
77598 37 0.44,
77672 98 0.17,
77714 97 0.46,
77775 45 0.77,
77835 88 0.24,
77843 48 0.95,
77891 96 0.83,
77942 80 0.81,
77983 29 0.58,
78017 11 0.63,
78034 19 0.03,
78083 47 0.84,
78157 14 0.57,
78160 88 0.22,
78209 57 0.4,
78210 7 0.2,
78259 32 0.94,
78280 8 0.74,
78355 6 0.71,
78376 6 0.03,
78382 72 0.81,
78459 74 0.75,
78508 63 0.64,
78539 23 0.75,
78539 52 0.91,
78558 19 0.88,
78567 73 0.99,
78623 90 0.5,
78657 14 0.74,
78664 20 0.44,
78724 74 0.3,
78785 26 0.61,
78865 48 0.55,
78887 78 0.41,
78975 4 0.48,
79062 61 0.54,
79090 34 0.56,
79132 38 0.74,
79155 38 0.71,
79234 56 0.31,
79237 31 0.07,
79280 99 0.55,
79283 52 0.74,
79296 23 0.22,
79381 18 0.82,
79389 77 0.96,
79474 96 0.19,
79499 96 0.64,
79528 20 0.63,
79600 89 0.59,
79650 95 0.58,
79724 94 0.73,
79770 31 0.52,
79851 30 0.79,
79936 46 0.94,
80006 37 0.7,
80006 13 0.8,
80070 8 0.88,
80087 68 0.9,
80145 82 0.46,
80233 13 0.86,
80246 82 0.2,
80256 27 0.53,
80258 55 0.67,
80318 30 0.62,
80349 69 0.84,
80376 13 0.75,
80453 47 0.21,
80539 27 0.57,
80576 44 0.62,
80612 46 0.91,
80663 48 0.29,
80663 5 0.92,
80689 50 0.89,
80715 4 0.21,
80792 87 0.05,
80849 9 0.83,
80856 29 0.89,
80923 64 0.54,
80957 27 0.25,
81008 52 0.49,
81047 40 0.28,
81101 65 0.37,
81171 84 0.54,
81215 79 0.18,
81261 29 0.47,
81314 10 0.13,
81327 64 0.91,
81335 31 0.09,
81424 61 0.05,
81434 75 0.39,
81518 86 0.61,
81534 36 1.0,
81563 20 0.01,
81604 94 0.03,
81613 29 1.0,
81628 89 0.59,
81656 28 0.58,
81661 15 0.43,
81732 20 0.1,
81801 33 0.34,
81849 2 0.14,
81879 31 0.33,
81912 79 0.25,
81936 51 0.57,
81968 35 0.53,
82047 24 0.06,
82120 51 0.81,
82125 10 0.31,
82149 34 1.0,
82220 7 0.11,
82236 89 0.24,
82271 77 0.26,
82341 92 0.18,
82384 62 0.25,
82407 54 0.63,
82495 45 0.2,
82550 54 0.18,
82563 32 0.47,
82588 16 0.65,
82668 26 0.59,
82669 38 0.29,
82742 83 0.2,
82742 40 1.0,
82746 14 0.15,
82797 61 0.75,
82799 78 0.31,
82831 49 0.92,
82851 86 0.8,
82932 14 0.18,
83010 81 0.53,
83065 61 0.84,
83102 11 0.94,
83127 14 0.66,
83131 95 0.86,
83184 92 0.94,
83249 52 0.81,
83307 64 0.59,
83339 61 0.61,
83388 1 0.67,
83399 48 0.19,
83486 79 0.9,
83550 44 0.59,
83582 74 0.22,
83628 79 0.29,
83643 3 0.4,
83714 45 0.09,
83724 95 0.61,
83763 30 0.29,
83791 14 0.87,
83844 90 0.91,
83914 77 0.74,
83942 27 0.32,
83957 75 0.48,
84015 7 0.85,
84056 63 0.35,
84096 96 0.52,
84105 95 0.01,
84128 58 0.74,
84194 42 0.4,
84260 78 0.73,
84301 69 0.09,
84375 12 0.94,
84456 43 0.4,
84487 57 0.35,
84524 1 0.71,
84599 31 0.05,
84634 91 0.76,
84647 1 0.82,
84680 92 0.66,
84742 95 0.28,
84763 48 0.26,
84851 65 0.91,
84922 20 0.92,
85010 45 0.68,
85057 52 0.45,
85094 82 0.98,
85123 2 0.86,
85153 1 0.1,
85230 96 0.15,
85289 10 0.03,
85378 55 0.03,
85426 21 0.3,
85426 8 0.59,
85428 55 0.26,
85498 57 0.3,
85566 83 0.53,
85647 78 0.47,
85670 30 0.41,
85700 18 0.96,
85736 22 0.15,
85771 95 0.89,
85807 93 0.09,
85830 24 0.27,
85856 19 0.66,
85918 72 0.37,
85938 58 0.74,
86008 62 0.55,
86030 38 0.96,
86064 0 0.45,
86091 55 0.63,
86102 57 0.3,
86138 99 0.07,
86151 9 0.76,
86225 63 0.94,
86246 82 0.53,
86250 31 0.28,
86307 63 0.34,
86380 90 0.41,
86402 51 0.58,
86450 90 0.68,
86538 51 0.84,
86615 58 0.75,
86674 82 0.88,
86739 99 0.96,
86761 74 0.48,
86783 44 0.33,
86859 14 0.4,
86934 93 0.28,
87020 48 0.98,
87089 66 0.36,
87091 91 0.32,
87117 32 0.63,
87180 9 0.4,
87258 22 0.08,
87269 21 0.19,
87352 28 0.29,
87382 66 0.41,
87443 83 0.84,
87463 75 0.01,
87480 70 0.36,
87512 59 0.97,
87543 9 0.62,
87571 37 0.81,
87647 24 0.46,
87679 10 0.2,
87763 76 0.5,
87802 86 1.0,
87881 3 0.98,
87932 40 0.13,
87963 40 0.29,
88005 37 0.24,
88010 11 0.58,
88054 0 0.38,
88058 93 0.55,
88109 24 0.88,
88186 49 0.48,
88196 90 0.11,
88260 78 0.62,
88266 44 0.71,
88271 11 0.48,
88328 47 0.24,
88354 91 0.57,
88417 30 0.61,
88459 11 0.68,
88507 82 0.89,
88596 44 0.95,
88611 71 0.95,
88691 6 0.79,
88748 49 0.07,
88769 96 0.7,
88844 14 0.56,
88881 3 0.15,
88920 31 0.7,
88957 0 0.45,
89025 37 0.19,
89098 12 0.37,
89161 19 0.06,
89243 56 0.63,
89263 95 0.28,
89328 86 0.77,
89328 53 0.87,
89372 86 0.12,
89416 88 0.99,
89483 89 0.24,
89538 85 0.91,
89590 55 0.64,
89592 11 0.39,
89650 72 0.69,
89673 3 0.38,
89756 55 0.88,
89764 59 0.09,
89790 77 0.48,
89871 47 0.52,
89881 79 0.47,
89909 17 0.73,
89962 59 0.53,
90021 22 0.85,
90058 69 0.8,
90140 30 0.74,
90179 17 0.5,
90205 79 0.75,
90253 86 0.63,
90294 91 0.7,
90307 28 0.95,
90331 47 0.83,
90376 37 0.13,
90424 94 0.36,
90455 25 0.57,
90544 97 0.04,
90567 97 0.43,
90603 93 0.15,
90605 12 1.0,
90653 77 0.7,
90720 12 0.6,
90758 15 0.49,
90820 97 0.43,
90899 39 0.66,
90901 2 0.97,
90951 77 0.63,
90959 5 0.01,
90983 92 0.44,
91044 80 0.23,
91133 55 0.2,
91180 92 0.56,
91228 44 0.51,
91285 77 0.69,
91300 37 0.71,
91386 88 0.73,
91438 72 0.14,
91472 10 0.63,
91524 2 0.52,
91580 2 0.35,
91623 94 0.97,
91698 38 0.37,
91730 23 0.46,
91734 75 0.07,
91797 65 0.02,
91854 48 0.42,
91871 13 0.72,
91944 8 0.16,
91986 79 0.2,
91996 73 0.56,
92022 82 0.62,
92084 15 0.62,
92088 90 0.25,
92098 60 0.34,
92098 72 0.22,
92157 93 0.12,
92192 98 0.83,
92215 37 0.96,
92233 99 0.95,
92233 5 0.92,
92313 94 0.95,
92384 74 0.19,
92393 13 0.57,
92446 43 0.12,
92461 90 0.95,
92531 6 0.15,
92536 41 0.71,
92578 87 0.99,
92619 76 0.13,
92688 80 0.62,
92751 68 0.94,
92782 80 0.38,
92856 83 0.9,
92920 11 0.58,
92941 32 0.32,
92970 52 0.63,
93011 62 0.33,
93027 61 0.38,
93032 30 0.84,
93055 78 0.44,
93102 80 0.22,
93132 9 0.04,
93179 10 0.58,
93231 60 0.64,
93259 94 0.42,
93322 92 0.74,
93389 53 0.04,
93455 88 0.62,
93482 31 0.71,
93551 56 0.68,
93562 47 0.2,
93641 50 0.79,
93677 54 0.65,
93684 22 0.87,
93767 17 0.04,
93777 51 0.13,
93837 68 0.59,
93893 93 0.44,
93954 34 0.32,
94010 9 0.27,
94045 54 0.98,
94085 10 0.67,
94164 36 0.52,
94218 75 0.49,
94261 89 0.08,
94262 55 0.54,
94303 58 0.22,
94321 19 0.98,
94348 48 0.38,
94391 4 0.3,
94473 90 0.44,
94557 27 0.95,
94615 22 0.99,
94681 73 0.23,
94687 16 0.69,
94707 93 0.82,
94784 56 0.34,
94852 73 0.17,
94887 4 0.97,
94906 38 0.91,
94963 8 0.11,
94992 22 0.1,
95036 66 0.52,
95112 77 0.86,
95142 4 0.13,
95203 30 0.46,
95246 3 0.32,
95311 40 0.76,
95376 79 0.42,
95407 25 0.51,
95439 86 0.05,
95526 85 0.14,
95606 13 0.33,
95679 99 0.24,
95762 25 0.06,
95851 78 0.43,
95903 29 0.44,
95911 45 0.07,
95957 3 0.96,
96011 77 0.35,
96036 2 0.73,
96106 33 0.72,
96184 62 0.68,
96202 62 0.76,
96260 92 0.43,
96316 95 0.11,
96362 11 0.55,
96435 14 0.67,
96446 84 0.58,
96517 77 0.4,
96572 64 0.29,
96635 59 0.33,
96660 82 0.93,
96727 63 0.69,
96776 84 0.25,
96781 36 0.57,
96815 65 0.86,
96855 17 0.99,
96922 29 0.87,
96966 39 0.38,
97021 63 0.05,
97051 34 0.52,
97128 71 0.17,
97187 63 0.37,
97244 83 0.09,
97298 82 0.34,
97307 62 0.37,
97353 16 0.07,
97428 43 0.59,
97452 44 0.76,
97518 4 0.74,
97518 96 0.77,
97542 40 0.61,
97569 88 0.88,
97611 68 0.61,
97657 62 0.07,
97666 15 0.55,
97719 5 0.81,
97776 72 0.05,
97816 83 0.67,
97885 15 0.66,
97887 25 0.29,
97971 30 0.8,
98023 68 0.4,
98046 98 0.06,
98048 97 0.29,
98135 43 0.17,
98148 74 0.06,
98201 68 0.53,
98271 32 0.29,
98310 74 0.02,
98365 0 0.72,
98400 37 0.49,
98459 96 0.99,
98515 28 0.63,
98546 68 0.74,
98586 69 0.53,
98671 27 0.87,
98740 12 0.14,
98789 64 0.85,
98833 68 0.26,
98881 88 0.43,
98907 21 0.02,
98967 50 0.17,
99042 1 0.75,
99097 62 0.26,
99106 47 0.94,
99179 66 1.0,
99185 68 0.79,
99234 9 0.33,
99247 72 0.07,
99299 41 0.7,
99328 43 0.73,
99335 37 0.65,
99423 51 0.39,
99472 51 0.94,
99499 34 0.55,
99558 84 0.11,
99600 54 0.93,
99608 37 0.95,
99679 13 0.5,
99735 94 0.23,
99738 56 0.34,
99775 50 0.31,
99786 65 0.01,
99843 66 0.18,
99858 48 0.45,
99880 96 0.18,
99927 36 0.69,
99990 57 0.13,
100003 34 0.15,
100014 67 0.61,
100052 36 0.12,
100104 2 0.81,
100140 61 0.59,
100143 92 0.88,
100163 62 0.63,
100190 11 0.49,
100248 37 1.0,
100257 82 0.66,
100262 1 0.58,
100351 75 0.62,
100421 25 0.34,
100493 62 0.81,
100498 58 0.59,
100581 24 0.48,
100657 38 0.84,
100712 54 0.51,
100760 58 0.93,
100785 94 0.12,
100844 77 0.78,
100865 8 0.39,
100886 41 0.67,
100944 52 0.19,
100944 85 0.24,
100989 61 0.16,
101038 49 0.37,
101111 29 0.75,
101177 90 0.13,
101226 20 0.09,
101312 18 0.93,
101401 95 0.65,
101437 53 0.69,
101480 0 0.51,
101529 97 0.75,
101610 29 0.47,
101685 16 0.9,
101722 48 0.19,
101786 78 0.82,
101856 79 0.4,
101882 83 1.0,
101903 20 0.44,
101922 98 0.14,
101970 54 0.78,
102016 67 0.62,
102085 31 0.15,
102091 21 0.88,
102096 88 0.34,
102173 9 0.87,
102186 97 0.96,
102239 15 0.89,
102279 11 0.59,
102289 31 0.55,
102339 60 0.32,
102391 34 0.47,
102463 79 0.81,
102492 27 0.87,
102516 48 0.69,
102594 49 0.29,
102600 87 0.64,
102620 14 0.5,
102706 34 0.92,
102748 50 0.81,
102751 32 0.21,
102839 70 0.27,
102906 40 0.31,
102948 69 0.93,
102984 99 0.11,
103037 37 0.68,
103116 34 0.32,
103128 43 0.68,
103170 46 0.44,
103236 75 0.54,
103236 55 0.61,
103311 51 0.57,
103374 21 0.6,
103389 48 0.05,
103434 42 0.19,
103495 55 0.59,
103579 63 0.05,
103621 51 0.48,
103650 19 0.34,
103721 37 0.15,
103791 57 0.95,
103860 22 0.8,
103884 40 0.02,
103889 47 0.16,
103896 86 0.99,
103918 7 0.2,
103965 92 0.95,
104041 17 0.08,
104048 58 0.21,
104076 45 0.71,
104133 12 0.04,
104168 24 0.16,
104186 31 0.15,
104201 85 0.48,
104203 76 0.87,
104241 9 0.08,
104241 11 0.89,
104322 24 0.72,
104362 5 0.54,
104424 82 0.27,
104438 12 0.24,
104486 3 0.31,
104532 11 0.09,
104621 70 0.17,
104706 45 0.35,
104723 65 0.87,
104795 21 0.21,
104798 67 0.75,
104856 66 0.61,
104900 15 0.44,
104966 42 0.03,
105035 81 0.58,
105057 37 0.83,
105100 99 0.35,
105151 75 0.87,
105228 54 0.4,
105268 60 0.07,
105294 29 0.39,
105339 87 0.03,
105353 76 0.67,
105434 10 0.62,
105517 61 0.53,
105538 1 0.81,
105618 75 0.45,
105646 39 0.91,
105727 50 0.24,
105786 37 0.93,
105816 12 0.12,
105874 48 0.25,
105918 47 0.02,
105966 18 0.6,
105966 64 0.5,
106020 94 0.5,
106087 45 0.11,
106149 70 0.54,
106201 9 0.01,
106284 81 0.76,
106340 6 0.23,
106342 86 0.99,
106430 95 0.43,
106511 86 0.35,
106558 28 0.15,
106587 61 0.07,
106599 87 0.6,
106674 19 0.42,
106756 38 0.94,
106821 4 0.38,
106898 27 0.97,
106914 32 0.38,
106958 21 0.43,
106963 11 0.73,
107047 0 0.72,
107131 14 0.48,
107208 5 0.81,
107236 28 0.93,
107281 85 0.42,
107300 38 0.82,
107375 51 0.18,
107436 40 0.03,
107463 36 0.37,
107511 9 0.78,
107598 88 0.07,
107648 31 0.37,
107687 40 0.57,
107724 58 0.09,
107794 74 0.08,
107808 8 0.67,
107850 20 0.73,
107855 89 0.29,
107901 28 0.42,
107906 13 0.81,
107920 76 0.95,
107933 93 0.37,
107988 33 0.65,
108029 63 0.86,
108083 66 0.77,
108113 26 0.02,
108167 44 0.2,
108196 33 0.49,
108244 39 0.86,
108268 63 0.9,
108354 9 0.99,
108363 28 0.53,
108421 41 0.12,
108424 27 0.74,
108489 24 0.34,
108569 44 0.06,
108646 18 0.85,
108700 15 0.16,
108763 8 0.35,
108821 76 0.84,
108837 47 0.87,
108889 77 0.44,
108947 11 0.44,
109030 23 0.72,
109085 8 0.59,
109103 65 0.38,
109155 91 0.19,
109181 55 0.77,
109268 37 0.63,
109291 72 0.66,
109318 56 0.19,
109367 40 0.63,
109403 40 0.38,
109407 67 0.2,
109431 58 0.96,
109462 68 0.95,
109477 9 0.74,
109517 69 0.9,
109546 88 0.88,
109624 23 0.09,
109637 85 0.57,
109661 61 0.33,
109711 12 0.55,
109738 8 0.78,
109753 64 0.66,
109839 94 0.83,
109845 26 0.8,
109877 84 0.59,
109933 79 0.75,
109936 60 0.45,
110010 2 0.12,
110065 10 0.61,
110112 96 0.9,
110122 0 0.07,
110160 54 0.67,
110174 34 0.76,
110198 4 0.55,
110281 55 0.9,
110368 91 0.01,
110417 82 0.59,
110470 75 0.98,
110472 51 0.61,
110540 8 0.47,
110574 96 0.6,
110604 34 0.24,
110620 58 0.73,
110675 3 0.63,
110739 94 0.23,
110803 27 0.33,
110815 88 0.34,
110879 56 0.29,
110925 89 0.81,
110935 41 0.59,
110953 21 0.23,
111040 67 0.73,
111045 71 0.1,
111052 18 0.98,
111141 82 0.04,
111217 75 0.05,
111266 55 0.83,
111341 92 0.65,
111368 82 0.99,
111453 32 0.4,
111491 12 0.95,
111554 16 0.66,
111632 4 0.98,
111642 48 0.28,
111673 40 0.13,
111695 9 0.41,
111742 44 0.16,
111769 37 0.64,
111774 5 0.31,
111858 65 0.59,
111918 54 0.9,
112000 43 0.23,
112039 46 0.75,
112060 66 0.47,
112144 74 0.38,
112216 58 0.51,
112275 48 0.27,
112339 5 0.91,
112357 30 0.97,
112364 36 0.03,
112380 37 0.01,
112452 35 0.23,
112531 88 0.58,
112615 71 0.95,
112676 67 0.08,
112705 27 0.77,
112783 34 0.18,
112783 97 0.7,
112792 52 0.28,
112819 13 0.24,
112905 60 0.67,
112937 90 0.01,
112954 6 0.8,
112982 44 0.37,
112999 31 0.02,
113072 64 0.15,
113143 42 0.76,
113219 96 0.6,
113288 53 0.77,
113317 78 0.02,
113356 29 0.92,
113440 3 0.64,
113517 31 0.58,
113552 40 0.6,
113600 71 0.93,
113614 71 0.7,
113679 81 0.51,
113751 43 0.83,
113820 44 0.95,
113846 93 0.09,
113859 49 0.37,
113907 20 0.91,
113979 22 0.12,
114010 48 0.67,
114043 48 0.46,
114111 55 0.27,
114187 67 0.25,
114275 8 0.2,
114356 48 0.43,
114397 22 0.8,
114406 91 0.23,
114443 60 0.18,
114456 11 0.99,
114468 63 0.42,
114478 55 0.7,
114553 70 0.47,
114599 2 0.7,
114662 76 0.11,
114747 90 0.7,
114780 91 0.59,
114821 61 0.81,
114850 79 0.37,
114927 99 0.77,
114959 36 0.72,
114998 5 0.54,
115083 95 0.35,
115147 68 0.11,
115173 13 0.68,
115210 45 0.09,
115230 71 0.51,
115280 45 0.33,
115326 17 0.51,
115349 25 0.86,
115378 40 0.2,
115457 24 0.13,
115537 45 0.21,
115602 43 0.09,
115606 84 0.51,
115635 90 0.23,
115667 10 0.63,
115706 83 0.54,
115729 44 0.93,
115810 79 0.66,
115818 70 0.23,
115874 86 0.39,
115942 65 0.63,
115981 62 0.27,
116028 13 0.12,
116033 98 0.69,
116034 58 0.75,
116086 25 0.32,
116166 59 0.9,
116228 84 0.4,
116275 82 0.96,
116310 91 0.35,
116347 60 0.19,
116382 32 0.2,
116404 46 0.45,
116464 73 0.77,
116519 0 0.01,
116520 86 0.66,
116574 44 0.7,
116581 25 0.8,
116657 11 0.05,
116742 21 0.62,
116780 18 0.09,
116806 61 0.38,
116895 24 0.82,
116898 10 0.99,
116968 72 0.64,
117048 46 0.16,
117081 85 0.56,
117121 92 0.16,
117207 7 0.47,
117228 96 0.24,
117231 84 0.61,
117242 95 0.77,
117326 87 0.39,
117392 98 0.98,
117440 15 1.0,
117514 79 0.48,
117534 4 0.5,
117550 48 0.69,
117583 23 0.17,
117635 71 0.62,
117695 89 0.08,
117747 21 0.39,
117821 54 0.72,
117836 96 0.61,
117918 23 1.0,
117965 14 0.66,
118026 31 0.15,
118080 62 0.43,
118155 61 0.58,
118231 65 0.41,
118319 81 0.2,
118350 51 0.98,
118390 53 0.37,
118420 17 0.59,
118448 90 0.94,
118505 46 0.54,
118547 36 0.35,
118596 14 0.42,
118601 78 0.78,
118645 73 0.51,
118672 20 0.05,
118726 12 0.77,
118746 53 0.56,
118826 47 0.29,
118884 76 0.58,
118924 56 0.15,
118955 67 0.28,
119025 13 0.38,
119073 68 1.0,
119133 16 0.25,
119215 0 0.64,
119220 39 0.55,
119306 71 0.31,
119331 79 0.15,
119417 33 0.11,
119437 31 0.65,
119508 23 0.42,
119579 88 0.73,
119652 68 0.61,
119700 78 0.78,
119772 67 0.43,
119853 67 0.54,
119930 91 0.63,
119944 80 0.99,
120002 24 0.4,
120004 2 0.15,
120051 62 0.52,
120106 98 0.64,
120173 63 0.95,
120173 35 0.54,
120218 45 0.88,
120293 52 0.27,
120306 96 0.41,
120381 24 0.71,
120440 71 0.22,
120484 25 0.42,
120525 37 0.95,
120581 33 0.18,
120617 56 0.91,
120650 44 0.68,
120708 35 0.66,
120732 62 0.71,
120760 63 0.79,
120766 18 0.69,
120778 4 0.99,
120840 89 0.99,
120870 29 0.39,
120937 58 0.57,
120983 14 0.76,
121038 57 0.41,
121079 28 0.44,
121158 19 0.86,
121196 11 0.93,
121221 96 0.74,
121302 71 0.16,
121366 51 0.3,
121399 19 0.35,
121454 32 0.62,
121502 94 0.3,
121553 76 0.76,
121561 6 0.5,
121589 38 0.41,
121663 93 0.89,
121741 90 0.71,
121794 9 0.39,
121883 18 0.02,
121914 34 0.73,
121992 82 0.26,
122002 62 1.0,
122086 28 0.04,
122087 41 0.08,
122104 75 0.13,
122163 15 0.5,
122230 37 0.21,
122312 35 0.24,
122389 35 0.51,
122470 29 0.95,
122537 95 0.17,
122563 92 0.1,
122629 57 0.77,
122655 50 0.44,
122676 79 0.01,
122742 4 0.96,
122745 9 0.56,
122811 41 0.69,
122867 45 0.86,
122919 56 0.83,
122952 31 0.18,
123002 99 0.61,
123039 35 0.57,
123115 29 0.33,
123170 95 0.13,
123245 12 0.12,
123326 85 0.68,
123380 50 0.25,
123450 7 0.1,
123490 86 0.17,
123532 60 0.31,
123581 21 0.59,
123643 59 0.02,
123676 84 0.15,
123761 76 0.07,
123804 48 0.03,
123893 81 0.62,
123925 59 0.22,
123990 80 0.72,
124044 1 0.94,
124105 11 0.38,
124152 32 0.52,
124208 69 0.92,
124297 26 0.87,
124321 57 0.77,
124404 32 0.08,
124473 55 0.47,
124509 14 0.71,
124581 95 0.65,
124620 19 0.08,
124625 28 0.45,
124638 45 0.31,
124644 87 0.9,
124707 69 0.54,
124783 85 0.53,
124812 77 0.8,
124863 42 0.24,
124900 61 0.67,
124963 43 0.5,
124996 55 0.01,
125032 46 0.31,
125106 17 0.86,
125134 8 0.11,
125156 3 0.21,
125234 35 0.9,
125235 52 0.24,
125293 0 0.91,
125340 95 0.01,
125417 46 0.15,
125477 7 0.59,
125520 14 0.68,
125532 45 0.57,
125588 90 0.6,
125656 56 0.8,
125714 51 0.76,
125769 35 0.27,
125771 55 0.53,
125779 75 0.67,
125790 8 0.34,
125870 65 0.73,
125908 53 0.24,
125954 59 0.28,
125986 96 0.35,
126048 88 0.5,
126065 84 0.24,
126142 91 0.42,
126207 60 0.34,
126209 13 0.03,
126260 57 0.56,
126339 44 0.56,
126398 85 0.39,
126445 77 0.25,
126486 46 0.73,
126498 94 0.2,
126578 46 0.53,
126662 73 0.83,
126697 93 0.07,
126716 39 0.12,
126731 89 0.83,
126814 41 0.57,
126879 23 0.04,
126913 52 0.94,
126981 64 0.95,
127045 14 0.18,
127113 92 0.81,
127195 38 0.07,
127221 2 0.05,
127291 10 0.82,
127297 62 0.92,
127381 12 0.98,
127409 78 0.98,
127473 52 0.96,
127484 26 0.41,
127503 95 0.58,
127528 78 0.57,
127564 94 0.46,
127619 10 0.4,
127621 15 0.65,
127693 19 0.65,
127734 5 0.81,
127798 59 0.55,
127860 55 0.92,
127894 11 0.5,
127929 54 0.79,
128007 54 0.42,
128022 72 0.62,
128083 54 0.03,
128134 8 0.57,
128167 23 0.98,
128177 64 0.65,
128254 3 0.14,
128288 57 0.04,
128291 21 0.35,
128302 36 0.09,
128391 4 0.9,
128459 11 0.15,
128500 91 0.58,
128526 63 0.62,
128577 94 0.79,
128605 31 0.38,
128684 66 0.51,
128754 18 0.2,
128831 55 0.02,
128838 78 0.04,
128907 77 0.12,
128928 73 0.93,
128955 47 0.45,
128960 71 0.52,
128971 24 0.99,
129039 32 0.22,
129089 14 0.69,
129176 68 0.89,
129185 76 0.87,
129244 19 0.93,
129257 93 0.96,
129305 63 0.14,
129349 47 0.46,
129400 58 0.54,
129442 93 0.6,
129513 50 0.8,
129547 35 0.95,
129599 50 0.82,
129643 1 0.01,
129709 27 0.33,
129779 19 0.61,
129832 69 0.39,
129899 21 0.9,
129985 5 0.31,
129996 15 0.28,
130068 51 0.68,
130117 21 0.72,
130135 96 0.66,
130192 25 0.57,
130214 59 0.81,
130266 24 0.09,
130332 0 0.23,
130400 78 0.46,
130417 60 0.76,
130455 12 0.98,
130532 86 0.63,
130617 32 0.44,
130619 55 0.4,
130643 20 0.33,
130683 35 0.79,
130691 17 0.86,
130711 29 0.44,
130716 52 0.67,
130749 12 0.68,
130836 96 0.62,
130878 20 0.83,
130932 18 0.03,
130976 11 0.74,
131064 12 0.9,
131096 98 0.24,
131171 95 0.43,
131197 69 0.88,
131256 99 0.75,
131258 73 0.05,
131288 16 0.88,
131341 71 0.38,
131427 73 0.18,
131502 68 0.68,
131523 29 0.59,
131590 75 0.06,
131658 89 0.34,
131698 68 0.77,
131748 43 0.8,
131758 96 0.67,
131782 13 0.99,
131804 94 0.98,
131832 33 0.46,
131869 46 0.05,
131924 85 0.5,
131948 29 0.74,
131973 91 0.34,
131992 63 0.84,
132063 57 0.3,
132064 28 0.84,
132112 51 0.15,
132201 55 0.11,
132282 41 0.25,
132318 30 0.62,
132379 15 0.53,
132423 9 0.32,
132474 75 0.45,
132503 93 0.76,
132534 30 0.48,
132580 85 0.96,
132630 9 0.33,
132714 47 0.72,
132783 17 0.32,
132793 55 0.64,
132805 10 0.8,
132839 55 0.77,
132896 80 0.74,
132903 91 0.77,
132960 41 0.55,
133016 43 0.91,
133049 45 0.94,
133109 63 0.83,
133170 16 0.42,
133182 40 0.38,
133251 63 0.36,
133340 15 0.19,
133346 1 0.13,
133417 60 0.24,
133468 44 0.9,
133489 59 0.48,
133560 53 0.38,
133607 1 0.19,
133696 22 0.75,
133717 35 0.17,
133742 98 0.41,
133784 22 0.32,
133818 66 0.57,
133866 27 0.24,
133903 85 0.16,
133909 32 0.43,
133934 85 0.8,
134013 36 0.15,
134038 54 0.96,
134043 66 0.37,
134128 30 0.34,
134206 61 0.8,
134223 82 0.54,
134265 94 0.5,
134270 35 0.91,
134347 26 0.04,
134413 64 0.19,
134491 75 0.53,
134540 59 0.93,
134585 37 0.28,
134607 29 0.59,
134635 87 0.09,
134661 17 0.47,
134670 48 0.74,
134757 19 0.55,
134789 70 0.83,
134837 63 0.44,
134888 29 0.75,
134905 87 0.9,
134921 95 0.56,
134990 9 0.12,
134996 52 0.51,
135003 89 0.24,
135072 79 0.89,
135123 40 0.99,
135173 89 0.39,
135261 59 0.15,
135330 75 0.69,
135406 4 0.4,
135415 34 0.13,
135462 98 0.05,
135517 95 0.34,
135518 4 0.14,
135540 66 0.2,
135593 59 0.51,
135659 87 0.87,
135722 67 0.32,
135742 46 0.76,
135816 33 0.5,
135832 95 0.37,
135866 67 0.6,
135890 37 0.58,
135891 81 0.57,
135925 63 0.44,
136011 58 0.21,
136030 49 0.1,
136060 68 0.55,
136060 80 0.08,
136063 34 0.62,
136150 57 0.14,
136226 24 0.81,
136276 68 0.68,
136312 46 0.86,
136321 55 0.98,
136343 99 0.65,
136346 50 0.36,
136405 99 0.31,
136421 76 0.38,
136464 19 0.83,
136480 25 0.77,
136555 52 0.56,
136593 72 0.64,
136599 10 0.7,
136668 37 0.65,
136678 25 0.67,
136758 62 0.22,
136818 53 0.67,
136847 68 0.54,
136893 93 0.93,
136893 60 0.31,
136938 35 0.24,
137005 52 0.71,
137079 73 0.08,
137098 35 0.62,
137102 3 0.12,
137177 70 0.97,
137236 17 0.35,
137309 61 0.95,
137340 70 0.11,
137357 14 0.14,
137420 2 0.62,
137500 5 0.59,
137575 9 0.93,
137657 64 0.77,
137657 48 0.46,
137701 58 0.01,
137770 53 0.17,
137820 81 0.6,
137839 41 0.35,
137875 52 0.43,
137936 60 0.98,
137936 29 0.38,
137961 87 0.2,
137995 70 0.77,
138020 21 0.94,
138052 97 0.65,
138074 39 0.48,
138105 13 0.93,
138169 69 0.16,
138172 35 0.33,
138191 35 0.06,
138205 98 0.61,
138209 12 0.25,
138255 8 0.76,
138323 12 0.07,
138378 54 0.98,
138457 56 0.37,
138546 58 0.8,
138580 35 0.78,
138638 73 0.16,
138679 62 0.19,
138690 32 0.99,
138731 48 0.68,
138788 40 0.78,
138808 77 0.88,
138892 3 0.67,
138892 40 0.51,
138979 82 0.33,
138992 24 0.1,
139024 85 0.36,
139098 64 0.06,
139157 26 0.46,
139157 49 0.03,
139195 8 0.63,
139244 70 0.27,
139296 48 0.48,
139366 12 0.19,
139443 80 0.81,
139485 94 0.94,
139555 50 0.02,
139586 81 0.93,
139650 13 0.96,
139710 6 0.18,
139760 14 0.43,
139789 26 0.14,
139873 69 0.35,
139919 65 0.3,
139950 85 0.76,
139959 93 0.7,
139971 8 0.11,
140052 25 0.71,
140076 61 0.94,
140141 45 0.82,
140174 88 0.86,
140204 3 0.87,
140274 85 0.69,
140283 94 0.38,
140351 7 0.24,
140358 1 0.1,
140379 23 0.89,
140380 65 0.89,
140433 21 0.5,
140450 51 0.62,
140539 34 0.46,
140608 47 0.62,
140696 10 0.25,
140746 93 0.56,
140830 23 0.31,
140871 23 0.93,
140927 6 0.79,
140955 8 0.59,
140964 84 0.94,
140977 38 0.58,
141051 34 0.04,
141092 17 0.94,
141170 20 0.96,
141188 56 0.37,
141191 30 0.79,
141237 20 0.24,
141308 34 0.48,
141348 41 0.94,
141350 52 0.98,
141410 69 0.02,
141481 41 0.19,
141518 61 0.44,
141579 6 0.96,
141627 75 0.13,
141704 96 0.35,
141773 22 0.72,
141790 48 0.9,
141826 35 0.55,
141868 45 0.09,
141872 59 0.81,
141890 15 0.57,
141936 86 0.77,
141992 45 0.04,
142067 49 0.38,
142119 84 0.95,
142147 30 0.69,
142151 36 0.42,
142212 95 0.68,
142243 56 0.83,
142283 69 0.84,
142301 41 0.33,
142349 90 0.5,
142386 49 0.31,
142445 18 0.53,
142514 36 0.67,
142603 13 0.47,
142661 53 0.04,
142693 42 0.06,
142774 91 0.32,
142848 10 0.79,
142899 11 0.47,
142983 28 0.88,
143067 63 0.14,
143143 87 0.44,
143153 90 0.43,
143213 7 0.55,
143240 64 0.92,
143266 10 0.45,
143288 15 0.57,
143290 74 0.31,
143313 94 0.2,
143325 3 0.79,
143402 88 0.54,
143409 90 0.42,
143465 94 0.35,
143496 62 1.0,
143572 91 0.17,
143633 17 0.34,
143707 97 0.85,
143773 25 0.18,
143845 39 0.29,
143899 47 0.83,
143950 33 0.68,
144029 36 0.18,
144043 63 0.13,
144132 51 0.23,
144173 70 0.3,
144194 82 0.59,
144199 63 0.09,
144287 74 0.84,
144342 27 0.64,
144420 26 0.49,
144488 63 0.85,
144504 90 0.62,
144529 17 0.25,
144571 64 0.03,
144608 54 0.56,
144643 60 0.89,
144695 40 0.97,
144712 5 0.41,
144794 14 0.76,
144850 95 0.17,
144902 43 0.06,
144972 15 0.63,
144979 28 0.83,
144987 84 0.48,
145071 42 0.11,
145144 96 0.49,
145205 24 0.94,
145238 58 0.78,
145272 60 0.01,
145323 59 0.88,
145395 89 0.51,
145461 44 0.63,
145466 39 0.26,
145547 8 0.86,
145622 89 0.25,
145631 40 0.19,
145660 27 0.27,
145731 94 0.23,
145791 79 0.63,
145807 63 0.1,
145847 13 0.66,
145898 88 0.74,
145975 31 0.23,
146035 32 0.86,
146106 71 0.32,
146127 44 0.3,
146174 79 0.25,
146181 19 0.36,
146242 87 0.97,
146289 97 0.95,
146301 92 0.93,
146343 70 0.67,
146362 59 0.02,
146427 61 0.3,
146491 70 0.61,
146568 81 0.95,
146623 55 0.03,
146664 88 0.76,
146672 64 0.13,
146691 50 0.6,
146710 20 0.43,
146778 99 0.58,
146817 78 0.87,
146860 62 0.62,
146945 25 0.22,
146968 69 0.37,
147047 40 0.74,
147060 0 0.52,
147144 32 0.17,
147148 13 0.29,
147159 57 0.91,
147187 14 0.44,
147219 64 0.43,
147241 58 0.84,
147319 1 0.31,
147359 10 0.9,
147412 28 0.89,
147424 63 0.54,
147472 92 0.71,
147472 25 0.68,
147540 58 0.15,
147544 79 0.41,
147550 78 0.09,
147602 40 0.82,
147629 93 0.15,
147711 11 0.67,
147758 13 0.27,
147764 94 0.29,
147791 17 0.34,
147856 47 0.4,
147878 61 0.82,
147943 41 0.68,
147997 39 0.81,
148061 41 0.46,
148110 66 0.14,
148180 95 0.16,
148201 80 0.1,
148241 39 0.23,
148269 33 0.28,
148325 71 0.6,
148344 91 0.64,
148389 61 0.3,
148439 73 0.93,
148469 60 0.54,
148548 11 0.1,
148610 60 0.17,
148629 60 0.49,
148664 81 0.32,
148664 18 0.85,
148674 44 0.82,
148740 75 0.42,
148787 33 0.31,
148794 95 0.48,
148862 39 0.84,
148917 60 0.72,
148934 8 0.01,
148950 97 0.65,
149001 20 0.33,
149014 55 0.26,
149055 78 0.97,
149144 57 0.71,
149154 24 0.73,
149226 32 1.0,
149296 4 0.51,
149315 91 0.21,
149329 37 0.2,
149370 64 0.08,
149443 53 0.46,
149464 81 0.42,
149546 53 0.04,
149620 25 0.66,
149661 78 0.64,
149743 66 0.41,
149790 55 0.97,
149805 13 0.8,
149891 68 0.38,
149933 98 0.37,
149990 20 0.82,
150051 64 0.09,
150111 39 0.84,
150180 4 0.34,
150189 16 0.83,
150276 94 0.37,
150339 91 0.03,
150353 56 0.01,
150411 74 0.03,
150422 79 0.83,
150464 69 0.22,
150504 71 0.61,
150567 34 0.78,
150589 56 0.04,
150644 92 0.34,
150646 9 0.29,
150669 9 0.08,
150712 93 0.5,
150775 46 0.62,
150777 37 0.63,
150852 83 0.49,
150935 33 0.25,
150953 3 0.79,
150981 82 0.59,
151020 31 0.06,
151039 70 0.47,
151066 17 0.48,
151096 82 0.6,
151128 75 0.91,
151213 6 0.44,
151230 59 0.72,
151241 98 0.19,
151279 23 0.52,
151334 25 1.0,
151362 84 0.5,
151420 21 0.88,
151456 67 0.95,
151475 56 0.46,
151480 52 0.68,
151503 69 0.36,
151566 31 0.68,
151610 50 0.35,
151653 49 0.42,
151684 22 0.86,
151743 20 0.78,
151828 24 0.41,
151842 86 0.73,
151868 97 0.09,
151886 52 0.38,
151963 10 0.18,
152007 33 0.37,
152049 24 0.71,
152093 28 0.73,
152129 96 0.09,
152163 38 0.84,
152163 27 0.14,
152231 87 0.07,
152231 9 0.13,
152243 65 0.67,
152269 56 0.35,
152310 64 0.7,
152378 70 0.41,
152385 67 0.78,
152409 60 0.78,
152495 96 0.81,
152528 33 0.4,
152541 12 1.0,
152551 33 0.74,
152573 16 0.55,
152618 90 0.27,
152674 1 0.22,
152763 6 0.53,
152773 71 0.93,
152802 12 0.75,
152832 83 0.31,
152859 65 0.26,
152868 20 0.01,
152907 33 1.0,
152909 15 0.77,
152976 39 0.59,
152976 10 0.89,
153019 76 0.35,
153049 45 0.95,
153127 6 0.76,
153133 11 0.94,
153175 89 0.3,
153203 74 0.39,
153227 90 0.07,
153266 52 0.49,
153290 71 0.14,
153300 15 0.76,
153326 51 0.58,
153413 35 0.1,
153471 90 0.1,
153527 4 0.25,
153603 79 0.85,
153682 17 0.46,
153771 87 0.87,
153857 31 0.29,
153897 23 0.59,
153958 13 0.62,
154041 54 0.98,
154063 14 0.98,
154091 83 0.93,
154166 59 0.07,
154211 99 0.91,
154275 12 0.19,
154345 32 0.08,
154356 34 0.95,
154440 51 0.07,
154451 79 1.0,
154467 83 0.59,
154512 15 0.3,
154526 17 0.41,
154563 55 0.57,
154563 97 0.02,
154582 23 0.01,
154637 24 0.37,
154671 69 0.23,
154678 40 0.52,
154764 27 0.74,
154842 15 0.51,
154894 36 0.89,
154895 57 0.09,
154945 23 0.6,
154973 14 0.12,
154980 71 0.48,
155044 95 0.03,
155044 47 0.15,
155061 70 0.66,
155132 5 0.52,
155217 1 0.36,
155272 64 0.55,
155278 65 0.62,
155292 40 0.23,
155352 92 0.68,
155377 75 0.54,
155457 33 0.22,
155501 4 0.22,
155534 19 0.71,
155595 22 0.05,
155673 12 0.49,
155688 83 0.7,
155701 61 0.25,
155739 73 0.02,
155786 18 0.86,
155864 33 0.06,
155871 39 0.15,
155956 97 0.12,
155968 86 0.43,
156020 65 0.29,
156039 25 0.73,
156056 60 0.83,
156122 86 0.6,
156162 56 0.56,
156165 91 0.85,
156198 49 0.18,
156283 79 0.94,
156321 76 0.96,
156339 6 0.65,
156341 93 0.38,
156385 34 0.28,
156448 18 0.09,
156492 40 0.4,
156507 78 0.24,
156557 53 0.47,
156620 7 0.94,
156658 46 0.16,
156690 62 0.15,
156727 50 0.94,
156794 2 0.78,
156804 52 0.61,
156824 38 0.08,
156844 97 0.06,
156916 27 0.99,
156939 77 0.55,
156995 84 0.68,
157072 78 0.41,
157080 74 0.52,
157154 2 0.01,
157214 13 0.45,
157255 51 0.38,
157335 60 0.07,
157362 94 0.15,
157442 52 0.23,
157490 97 0.01,
157559 78 0.73,
157629 36 0.61,
157664 12 0.32,
157689 64 0.81,
157694 89 0.02,
157698 18 0.69,
157735 84 0.65,
157798 16 0.26,
157848 65 0.08,
157874 41 0.82,
157902 44 0.41,
157987 49 0.84,
158027 56 0.78,
158075 59 0.74,
158138 84 0.56,
158159 45 0.85,
158245 97 0.24,
158252 79 0.53,
158307 82 0.77,
158329 48 0.99,
158414 20 0.18,
158472 8 0.79,
158540 86 1.0,
158556 85 0.42,
158576 54 0.39,
158662 9 0.66,
158692 40 0.16,
158740 26 0.16,
158743 0 0.27,
158753 29 0.87,
158814 76 1.0,
158867 43 0.89,
158916 7 0.13,
158978 86 0.7,
159060 8 0.25,
159134 60 0.87,
159209 17 0.83,
159253 17 1.0,
159311 86 0.88,
159367 82 0.23,
159386 69 0.84,
159469 11 0.17,
159528 25 0.17,
159597 85 0.97,
159640 96 0.46,
159687 48 0.91,
159701 15 0.05,
159730 45 0.09,
159769 27 0.81,
159791 87 0.9,
159818 83 0.74,
159850 8 0.72,
159889 16 0.34,
159955 42 0.49,
160044 31 0.76,
160093 19 0.63,
160178 3 0.66,
160244 84 0.59,
160244 96 0.53,
160297 25 0.38,
160327 3 0.72,
160343 10 0.28,
160351 40 0.11,
160437 31 0.41,
160511 15 0.79,
160578 29 0.1,
160610 76 0.49,
160648 75 0.59,
160670 2 0.6,
160725 57 0.81,
160779 33 0.06,
160866 87 0.23,
160949 23 0.87,
161004 82 0.29,
161055 89 0.87,
161140 24 0.28,
161219 86 0.22,
161270 57 0.47,
161321 61 0.43,
161337 4 0.28,
161339 96 0.79,
161385 44 0.56,
161447 3 0.61,
161476 79 0.9,
161551 79 0.16,
161566 35 0.49,
161575 76 0.15,
161632 86 0.01,
161674 18 0.39,
161759 23 0.28,
161799 34 0.48,
161810 56 0.12,
161887 97 0.5,
161932 10 0.02,
161934 54 0.05,
162008 43 0.47,
162097 27 0.87,
162111 55 0.75,
162136 59 0.61,
162145 55 0.36,
162230 51 0.04,
162317 89 0.4,
162344 86 0.19,
162395 71 0.23,
162478 57 0.97,
162541 40 0.45,
162587 53 0.15,
162618 24 0.8,
162672 44 0.6,
162675 11 0.13,
162743 91 0.37,
162821 27 0.89,
162826 24 0.99,
162836 65 0.69,
162908 68 0.38,
162964 14 0.66,
163014 69 0.07,
163026 90 0.28,
163097 5 0.29,
163144 62 0.99,
163216 84 0.42,
163305 95 0.88,
163323 54 0.22,
163332 42 0.05,
163415 96 0.4,
163475 0 0.09,
163499 40 0.75,
163513 16 0.77,
163548 27 0.73,
163573 79 0.12,
163633 3 0.21,
163633 34 0.46,
163677 83 0.08,
163719 99 0.12,
163790 16 0.48,
163861 70 0.97,
163895 24 0.56,
163941 93 0.73,
163999 60 0.3,
164059 12 0.91,
164101 76 0.53,
164109 91 0.3,
164178 8 0.78,
164197 12 0.85,
164250 21 0.4,
164262 7 0.02,
164280 22 0.1,
164294 24 0.19,
164316 59 0.5,
164388 70 0.62,
164411 77 0.04,
164485 80 0.88,
164510 29 0.44,
164538 64 0.31,
164606 39 0.25,
164647 65 0.74,
164712 88 0.52,
164726 95 0.28,
164770 55 0.58,
164823 58 0.95,
164834 97 0.25,
164915 2 0.05,
164955 72 0.24,
165023 14 0.16,
165046 7 0.85,
165088 82 0.59,
165118 12 0.69,
165145 60 0.01,
165189 25 0.37,
165215 49 0.67,
165274 74 0.82,
165320 91 0.27,
165365 34 0.53,
165421 35 0.09,
165452 38 0.65,
165488 30 0.43,
165562 79 0.15,
165596 83 0.27,
165609 9 0.74,
165625 22 0.44,
165658 69 0.58,
165664 28 0.39,
165751 97 0.04,
165837 25 0.55,
165866 9 0.18,
165869 38 0.44,
165871 19 0.52,
165943 34 0.26,
165961 60 0.22,
166039 13 0.85,
166061 43 0.83,
166106 73 0.17,
166120 74 0.34,
166178 86 0.81,
166205 91 0.47,
166293 56 0.1,
166361 21 0.89,
166377 37 0.22,
166458 15 0.9,
166540 21 0.01,
166619 43 0.26,
166664 32 0.12,
166739 10 0.22,
166805 76 0.08,
166843 99 0.31,
166887 66 0.63,
166954 39 0.92,
167013 14 0.35,
167082 1 0.66,
167123 6 0.83,
167210 80 0.31,
167243 79 0.19,
167250 32 0.88,
167300 62 0.66,
167371 7 0.98,
167436 68 0.35,
167474 2 0.91,
167553 42 0.63,
167556 55 0.89,
167592 81 1.0,
167622 39 0.24,
167705 70 0.43,
167744 16 0.23,
167785 28 0.79,
167839 37 0.81,
167900 62 0.4,
167958 17 0.3,
167964 14 0.02,
167969 40 0.62,
167988 87 0.87,
168059 79 0.35,
168138 26 0.29,
168160 12 0.37,
168193 17 0.39,
168236 79 0.14,
168241 43 0.45,
168285 87 0.5,
168363 42 0.58,
168423 50 0.82,
168447 83 0.12,
168474 45 0.13,
168486 56 0.72,
168556 17 0.32,
168586 16 0.3,
168613 81 0.59,
168693 5 0.08,
168711 16 0.21,
168724 16 0.28,
168766 45 0.23,
168788 16 0.5,
168873 51 0.86,
168908 76 0.79,
168947 63 0.11,
169014 86 0.18,
169096 53 0.83,
169170 34 0.41,
169199 17 0.4,
169263 57 0.16,
169350 25 0.71,
169374 79 0.54,
169424 42 0.05,
169471 21 0.86,
169524 50 0.64,
169548 60 0.66,
169573 9 0.5,
169631 91 0.63,
169668 63 0.67,
169752 16 0.21,
169801 83 0.72,
169888 34 0.96,
169937 47 0.29,
170017 93 0.71,
170040 98 0.18,
170117 71 0.76,
170144 95 0.33,
170167 14 0.25,
170180 61 0.8,
170189 23 0.48,
170275 36 0.48,
170322 90 0.46,
170340 85 0.04,
170405 37 0.91,
170427 92 0.5,
170454 71 0.16,
170534 76 0.85,
170563 32 0.22,
170591 26 0.14,
170647 56 0.06,
170717 31 0.11,
170733 48 0.53,
170762 34 0.58,
170842 57 0.43,
170927 50 0.77,
170968 71 0.21,
171003 77 0.18,
171063 59 0.44,
171130 68 0.7,
171184 37 0.48,
171262 14 0.91,
171318 71 0.8,
171341 92 0.82,
171430 25 0.15,
171434 39 0.72,
171522 3 0.37,
171607 73 0.81,
171665 65 0.07,
171675 61 0.89,
171744 53 0.89,
171784 71 0.12,
171825 58 0.67,
171899 61 0.98,
171964 30 0.75,
171966 55 0.77,
172021 72 0.2,
172038 4 0.63,
172103 73 0.03,
172111 43 0.8,
172185 87 0.26,
172206 59 0.44,
172270 47 0.74,
172275 41 0.74,
172340 46 0.17,
172350 43 0.18,
172433 66 0.89,
172472 29 0.13,
172488 0 0.08,
172504 47 0.82,
172517 73 0.78,
172597 26 0.18,
172627 45 0.9,
172679 81 0.79,
172728 67 0.53,
172794 29 0.45,
172816 40 0.18,
172887 79 0.94,
172941 73 0.75,
173016 29 0.59,
173032 68 0.68,
173119 36 0.7,
173131 71 0.5,
173192 24 0.54,
173229 79 0.61,
173290 59 0.69,
173364 23 0.72,
173450 83 0.95,
173533 48 0.76,
173585 43 0.33,
173612 33 0.44,
173662 2 0.83,
173692 32 0.55,
173745 95 0.43,
173757 8 0.12,
173777 43 0.72,
173854 96 0.27,
173865 3 0.95,
173936 65 0.31,
173960 12 0.75,
173981 26 0.55,
174031 38 0.77,
174073 60 0.23,
174083 83 0.43,
174109 52 0.36,
174121 52 0.18,
174200 2 0.98,
174226 19 0.82,
174281 95 0.3,
174313 7 0.48,
174352 89 0.31,
174397 23 0.07,
174403 99 0.57,
174448 48 0.94,
174511 58 0.99,
174513 34 0.47,
174589 64 0.7,
174664 93 0.88,
174742 51 0.83,
174830 18 0.86,
174873 47 0.75,
174932 3 0.59,
175019 67 0.71,
175052 26 0.75,
175138 63 0.03,
175156 9 0.06,
175222 69 0.56,
175306 75 0.16,
175394 8 0.12,
175468 11 0.49,
175504 98 0.07,
175542 49 0.2,
175584 69 0.52,
175642 10 0.8,
175685 2 0.49,
175761 98 0.58,
175850 96 0.2,
175896 38 0.19,
175936 95 0.77,
175977 33 0.71,
175997 73 0.74,
176047 9 1.0,
176047 8 0.87,
176122 82 0.5,
176170 49 0.77,
176182 89 0.94,
176225 60 0.53,
176292 33 0.14,
176343 13 0.43,
176391 68 0.92,
176476 77 0.83,
176521 82 0.62,
176547 38 0.07,
176581 56 0.28,
176621 97 0.74,
176700 23 0.92,
176707 26 0.72,
176774 26 0.66,
176783 6 0.35,
176800 48 0.16,
176849 13 0.88,
176927 21 0.85,
176962 75 0.75,
177018 87 1.0,
177026 16 0.99,
177053 7 0.66,
177130 39 0.54,
177187 4 0.01,
177199 10 0.24,
177199 63 0.77,
177267 90 0.49,
177299 46 0.81,
177336 28 0.75,
177420 15 0.08,
177436 27 0.55,
177482 97 0.74,
177497 7 0.88,
177514 90 0.11,
177528 24 0.21,
177602 8 0.17,
177607 77 0.19,
177683 2 0.33,
177730 42 0.47,
177739 53 0.37,
177761 18 0.69,
177839 12 0.37,
177920 23 0.61,
177974 52 0.2,
178063 87 0.43,
178134 80 0.28,
178189 64 0.18,
178231 14 0.4,
178281 41 0.74,
178360 95 0.04,
178425 69 0.51,
178473 68 0.81,
178481 21 0.54,
178531 95 0.72,
178532 45 0.88,
178589 48 0.27,
178659 24 0.7,
178681 93 0.51,
178718 92 0.91,
178735 12 0.18,
178808 7 0.89,
178850 7 0.14,
178850 85 0.8,
178908 47 0.45,
178910 96 0.73,
178943 34 0.99,
178958 55 0.16,
179027 61 0.38,
179065 17 0.39,
179126 24 0.07,
179129 94 0.39,
179183 64 0.83,
179184 86 0.11,
179195 5 0.36,
179283 17 0.41,
179315 69 0.08,
179368 18 0.62,
179390 87 0.31,
179471 28 0.89,
179475 44 0.9,
179496 26 0.15,
179540 66 0.78,
179581 41 0.72,
179608 54 0.92,
179679 21 0.01,
179703 18 0.9,
179731 9 0.1,
179744 58 0.15,
179829 7 0.29,
179882 84 0.72,
179943 17 0.45,
179945 80 0.08,
180025 9 0.59,
180080 61 0.75,
180133 80 0.85,
180204 50 0.56,
180204 43 0.32,
180232 79 0.72,
180247 7 0.73,
180314 3 0.94,
180378 85 0.83,
180386 88 0.1,
180445 44 0.35,
180472 38 0.99,
180483 46 0.12,
180483 8 0.97,
180486 36 0.3,
180553 95 0.07,
180601 8 0.61,
180685 50 0.34,
180724 98 0.47,
180772 43 0.14,
180775 36 0.47,
180832 33 0.52,
180899 89 0.89,
180918 79 0.96,
180989 87 0.52,
180997 81 0.88,
181044 56 0.71,
181096 38 0.12,
181125 28 0.65,
181186 58 0.79,
181215 76 0.87,
181296 20 0.98,
181346 52 0.91,
181395 12 0.05,
181437 19 0.27,
181447 31 0.9,
181481 70 0.03,
181535 17 0.65,
181596 92 0.1,
181682 60 0.68,
181713 35 0.25,
181790 29 0.13,
181825 42 0.61,
181868 36 0.15,
181909 26 0.83,
181946 64 0.12,
181996 74 0.91,
182067 13 0.42,
182109 8 0.95,
182154 84 0.24,
182193 5 0.31,
182263 82 0.31,
182334 26 0.71,
182337 77 0.72,
182355 26 0.78,
182423 25 0.86,
182425 88 0.68,
182483 62 0.47,
182526 86 0.17,
182574 76 0.88,
182606 37 0.91,
182636 97 0.74,
182703 85 0.28,
182708 80 0.84,
182716 84 0.57,
182775 45 0.5,
182782 87 0.87,
182859 21 0.19,
182921 12 0.04,
182996 56 0.22,
183085 22 0.99,
183104 19 0.69,
183181 51 0.22,
183210 25 0.74,
183246 77 0.65,
183262 37 0.15,
183335 27 0.89,
183407 52 0.14,
183490 22 0.83,
183568 85 0.95,
183625 91 0.15,
183671 70 0.57,
183757 39 0.65,
183834 58 0.92,
183853 20 0.66,
183857 6 0.33,
183889 76 0.84,
183960 21 0.07,
183973 89 0.04,
184059 42 0.3,
184065 37 0.18,
184086 95 0.28,
184127 80 0.63,
184178 73 0.05,
184208 88 0.27,
184255 71 0.65,
184289 0 0.29,
184315 6 0.88,
184356 47 0.79,
184360 82 0.18,
184429 58 0.08,
184437 19 0.1,
184468 67 0.72,
184541 83 0.17,
184623 10 0.25,
184656 98 0.61,
184708 12 0.05,
184728 46 0.89,
184805 0 0.03,
184884 73 0.18,
184921 68 0.55,
184998 98 0.25,
185055 41 0.49,
185130 32 0.15,
185159 14 0.38,
185201 82 0.61,
185256 15 0.19,
185312 20 0.61,
185356 3 0.82,
185364 70 0.04,
185377 73 0.88,
185392 64 0.74,
185426 81 0.27,
185441 13 0.44,
185490 33 0.9,
185490 95 0.72,
185491 19 0.44,
185573 74 0.2,
185598 2 0.26,
185665 46 0.53,
185697 59 0.89,
185736 49 0.13,
185745 18 0.29,
185793 83 0.61,
185823 44 0.45,
185881 68 0.49,
185931 62 0.09,
186006 34 0.1,
186037 30 0.73,
186077 16 0.05,
186098 38 0.82,
186150 62 0.95,
186181 14 0.47,
186233 30 0.07,
186280 70 0.28,
186305 37 0.91,
186370 50 0.98,
186412 87 0.17,
186487 9 0.8,
186543 9 0.09,
186603 55 0.68,
186604 0 0.93,
186624 83 0.11,
186661 17 0.09,
186678 35 0.59,
186763 33 0.1,
186842 65 0.74,
186881 79 0.65,
186894 84 0.08,
186934 67 0.11,
186964 70 0.99,
187013 83 0.77,
187048 29 0.33,
187111 10 0.47,
187152 17 0.49,
187186 28 0.33,
187236 30 0.74,
187286 7 0.58,
187346 35 0.39,
187347 30 0.04,
187413 17 0.32,
187438 9 0.1,
187439 3 0.62,
187462 20 0.66,
187519 18 0.25,
187563 51 0.98,
187568 51 0.22,
187609 27 0.06,
187619 81 0.78,
187685 60 0.89,
187727 56 0.47,
187761 64 0.87,
187763 47 0.75,
187809 38 0.58,
187888 93 0.55,
187894 47 0.98,
187950 4 0.94,
187990 67 0.29,
188077 21 0.72,
188136 56 0.16,
188193 61 0.14,
188215 88 0.12,
188277 65 0.3,
188360 91 0.73,
188416 80 0.49,
188498 97 0.74,
188553 10 0.59,
188641 19 0.99,
188691 99 0.28,
188776 97 0.49,
188841 73 0.5,
188881 60 0.77,
188946 63 0.89,
188984 69 0.56,
189008 77 0.93,
189024 83 0.19,
189068 64 0.41,
189118 37 0.27,
189146 91 0.1,
189226 64 0.35,
189257 90 0.46,
189274 11 0.11,
189301 48 0.71,
189338 26 0.1,
189363 53 0.11,
189400 12 0.71,
189429 6 0.37,
189443 85 0.03,
189453 45 0.11,
189474 70 0.14,
189559 34 0.84,
189612 86 0.84,
189632 38 0.42,
189714 12 0.62,
189738 57 0.64,
189787 20 0.25,
189813 45 0.03,
189833 12 0.77,
189883 25 0.28,
189908 14 0.62,
189995 84 0.94,
190051 55 0.24,
190123 92 0.61,
190128 79 0.43,
190196 90 0.82,
190281 29 0.5,
190284 30 0.8,
190305 2 0.63,
190338 56 0.16,
190377 16 0.11,
190417 10 0.65,
190454 17 0.78,
190501 70 0.77,
190518 46 0.03,
190524 16 0.88,
190568 49 0.79,
190621 37 0.25,
190693 78 0.41,
190697 70 0.86,
190702 11 0.79,
190757 56 0.4,
190773 9 0.07,
190775 62 0.68,
190829 16 0.64,
190842 64 0.06,
190869 62 0.41,
190890 74 0.61,
190942 29 0.16,
191013 96 0.31,
191086 74 0.15,
191153 30 1.0,
191194 88 0.95,
191276 66 0.06,
191362 11 0.93,
191433 60 0.07,
191469 38 0.53,
191525 4 0.04,
191570 38 0.25,
191609 21 0.67,
191691 60 0.87,
191712 36 0.49,
191796 36 0.97,
191863 63 0.78,
191935 54 0.38,
191997 8 0.57,
192003 88 0.78,
192037 62 0.78,
192119 98 0.79,
192164 99 0.96,
192242 67 0.88,
192306 26 0.35,
192342 34 0.92,
192342 97 0.46,
192372 55 0.12,
192402 46 0.76,
192410 48 0.19,
192496 35 0.22,
192548 38 0.77,
192603 80 0.76,
192679 54 0.74,
192679 86 0.96,
192689 91 0.88,
192756 24 0.09,
192832 97 0.03,
192896 82 0.93,
192909 17 0.06,
192990 8 0.02,
193012 30 0.72,
193056 75 0.42,
193130 17 0.46,
193136 22 0.3,
193182 5 0.64,
193184 27 0.49,
193242 64 0.23,
193330 73 0.95,
193383 76 0.38,
193440 90 0.98,
193526 6 0.71,
193608 13 0.45,
193614 61 0.07,
193640 50 0.47,
193711 64 0.31,
193735 77 0.47,
193761 2 0.59,
193834 26 0.31,
193843 97 0.58,
193920 99 0.18,
193951 40 0.34,
194009 95 0.07,
194052 76 0.69,
194075 75 0.61,
194112 0 0.48,
194175 22 0.76,
194198 57 0.3,
194287 58 0.3,
194289 50 0.11,
194357 69 0.57,
194440 90 0.12,
194477 61 0.2,
194513 67 0.86,
194533 40 0.47,
194585 35 0.31,
194643 64 0.1,
194696 11 0.66,
194726 3 0.94,
194804 0 0.13,
194885 0 0.83,
194911 68 0.51,
194921 41 0.98,
195001 76 0.97,
195085 2 0.21,
195097 98 0.22,
195142 16 0.88,
195145 7 0.21,
195174 85 0.62,
195241 35 0.15,
195255 64 0.66,
195310 86 0.89,
195381 17 0.51,
195440 32 0.05,
195525 70 0.97,
195607 26 0.44,
195608 24 0.98,
195633 49 0.03,
195670 59 0.79,
195737 78 0.32,
195822 71 0.4,
195850 22 0.83,
195911 22 0.79,
195943 72 0.46,
196000 95 0.1,
196066 67 0.29,
196154 30 0.23,
196178 17 0.01,
196264 13 0.6,
196329 70 0.13,
196371 83 0.15,
196441 25 0.92,
196446 26 0.22,
196506 74 0.65,
196519 81 0.08,
196529 67 0.32,
196613 69 0.07,
196630 3 0.24,
196694 57 0.76,
196767 13 0.79,
196832 88 0.71,
196862 84 0.08,
196945 89 0.46,
196977 1 0.72,
197066 9 0.92,
197121 93 0.43,
197123 25 0.94,
197187 67 0.33,
197203 7 0.46,
197241 9 0.46,
197272 28 0.74,
197311 13 0.83,
197349 62 0.21,
197383 78 0.54,
197451 81 0.42,
197540 18 0.36,
197559 23 0.28,
197607 83 0.4,
197608 22 0.52,
197660 66 0.56,
197743 67 0.17,
197782 98 0.4,
197838 47 0.05,
197919 68 0.23,
197997 71 0.24,
198035 3 0.68,
198098 10 0.3,
198156 50 0.2,
198214 93 0.19,
198255 1 0.52,
198309 23 0.07,
198382 30 0.74,
198424 49 0.1,
198441 13 0.12,
198462 50 0.71,
198468 36 0.41,
198543 67 0.53,
198609 94 0.07,
198627 43 0.4,
198690 28 0.76,
198702 93 0.26,
198791 70 0.73,
198853 78 0.55,
198920 53 0.37,
198930 80 0.74,
198941 30 1.0,
198998 45 0.86,
199012 11 0.39,
199059 0 0.96,
199063 45 0.39,
199127 20 0.29,
199205 24 0.74,
199209 79 0.12,
199248 72 0.95,
199278 82 0.52,
199339 2 0.78,
199423 33 0.7,
199429 50 0.57,
199478 19 0.5,
199490 35 0.01,
199511 48 0.79,
199587 66 0.15,
199606 23 0.35,
199623 10 0.14,
199696 22 0.85,
199708 10 0.72,
199717 4 0.51,
199798 24 0.5,
199809 43 0.11,
199834 12 0.62,
199851 33 0.08,
199940 56 0.47,
199966 48 0.21,
200042 99 0.43,
200051 46 0.32,
200058 17 0.11,
200103 42 0.65,
200182 22 0.24,
200194 12 0.84,
200252 99 0.96,
200297 55 0.92,
200322 31 0.38,
200410 56 0.34,
200492 48 0.37,
200499 6 0.88,
200505 95 0.55,
200529 50 0.94,
200575 64 0.23,
200624 48 0.78,
200624 57 0.77,
200662 20 0.75,
200746 28 0.7,
200813 78 0.14,
200877 58 0.38,
200920 30 0.03,
200992 12 0.72,
201046 51 0.2,
201057 18 0.7,
201097 89 0.36,
201168 70 0.7,
201211 67 0.87,
201245 48 0.6,
201275 58 0.26,
201320 89 0.09,
201347 52 0.1,
201374 53 0.74,
201415 61 0.34,
201465 72 0.98,
201545 73 0.94,
201618 29 0.69,
201665 34 0.43,
201710 57 0.24,
201762 51 0.53,
201770 63 0.64,
201839 17 0.27,
201924 11 0.81,
202000 82 0.51,
202007 82 0.76,
202019 83 0.11,
202094 98 0.37,
202143 83 0.96,
202227 83 0.78,
202261 9 0.18,
202298 20 0.57,
202372 8 0.95,
202454 0 0.43,
202460 2 0.14,
202523 27 0.33,
202605 90 0.27,
202692 95 0.18,
202711 8 0.7,
202717 26 0.96,
202788 77 0.69,
202819 79 0.54,
202844 96 0.22,
202915 68 0.93,
202954 62 0.12,
202965 20 0.73,
203046 59 0.53,
203130 82 0.18,
203198 77 0.91,
203246 90 0.6,
203322 12 0.35,
203339 80 0.18,
203427 68 0.17,
203468 33 0.15,
203547 2 0.59,
203628 37 0.69,
203671 16 0.5,
203716 68 0.63,
203802 98 0.24,
203853 25 0.54,
203881 48 0.16,
203927 8 0.06,
203965 50 0.89,
204013 93 0.36,
204075 68 0.91,
204081 65 0.49,
204112 34 0.2,
204186 28 0.62,
204271 44 0.07,
204292 99 0.74,
204367 47 0.77,
204404 72 0.85,
204492 84 0.43,
204516 36 0.22,
204588 17 0.98,
204597 68 0.98,
204624 77 0.77,
204694 81 0.74,
204698 33 0.01,
204774 82 0.78,
204806 26 0.32,
204811 65 0.67,
204869 5 0.45,
204950 89 0.87,
204961 5 0.78,
204968 38 0.44,
204976 95 0.23,
205063 46 0.93,
205131 18 0.77,
205216 48 0.59,
205264 45 0.34,
205338 37 0.21,
205351 36 0.16,
205363 63 0.07,
205400 83 0.26,
205461 57 0.49,
205489 50 0.48,
205499 92 0.98,
205566 32 0.36,
205569 47 0.05,
205578 45 0.7,
205619 90 0.83,
205707 15 0.58,
205791 43 0.18,
205799 57 0.59,
205880 94 0.31,
205960 91 0.19,
206015 54 0.22,
206080 47 0.79,
206163 2 0.21,
206209 3 0.01,
206228 73 0.72,
206273 75 0.87,
206356 13 0.92,
206432 68 0.5,
206450 76 0.18,
206491 23 0.72,
206506 64 0.6,
206543 71 0.16,
206569 44 0.97,
206637 43 0.86,
206641 39 0.73,
206655 73 0.81,
206723 16 0.99,
206789 85 0.27,
206803 79 0.7,
206820 59 0.38,
206889 12 0.71,
206970 86 0.03,
206973 35 0.06,
206993 16 0.78,
207022 75 0.06,
207052 42 0.83,
207100 73 0.48,
207139 11 0.29,
207194 62 0.92,
207238 32 0.17,
207299 6 0.16,
207310 19 0.43,
207313 62 0.14,
207314 98 0.53,
207329 50 0.61,
207391 14 0.94,
207479 47 1.0,
207544 12 0.9,
207599 97 0.85,
207681 12 0.25,
207761 63 0.53,
207797 93 0.92,
207844 72 0.54,
207908 25 0.32,
207914 16 0.29,
207984 66 0.54,
207999 63 0.21,
208052 23 0.24,
208125 82 0.7,
208130 70 0.23,
208146 66 0.81,
208229 97 0.83,
208275 27 0.84,
208332 57 0.07,
208419 28 0.41,
208428 37 0.3,
208453 86 0.61,
208528 26 0.43,
208571 49 0.19,
208599 13 0.71,
208678 12 0.24,
208717 49 0.86,
208728 43 0.91,
208751 90 0.58,
208784 10 0.51,
208809 81 0.43,
208813 28 0.7,
208878 59 0.79,
208883 33 0.05,
208933 16 0.28,
208950 19 0.81,
208975 97 0.61,
208979 90 0.05,
209033 84 0.15,
209108 24 0.63,
209150 21 0.86,
209214 63 0.15,
209258 83 0.48,
209291 62 0.97,
209317 50 0.51,
209325 56 0.81,
209355 14 0.4,
209424 15 0.15,
209496 74 0.64,
209500 59 0.88,
209548 17 0.9,
209586 75 0.23,
209595 38 0.36,
209673 92 0.81,
209747 70 0.76,
209774 2 0.09,
209821 92 0.13,
209870 22 0.96,
209945 13 0.35,
209981 77 0.8,
209989 59 0.6,
210078 24 0.42,
210096 52 0.84,
210124 46 0.97,
210195 24 0.71,
210242 69 0.49,
210252 54 0.67,
210275 68 0.67,
210276 37 0.28,
210320 31 0.86,
210356 68 0.68,
210375 28 0.41,
210457 76 0.49,
210500 49 0.57,
210525 30 0.31,
210583 35 0.69,
210664 63 0.14,
210668 62 0.11,
210704 29 0.14,
210724 24 0.44,
210801 27 0.59,
210869 79 0.3,
210939 50 0.38,
211013 72 0.52,
211067 18 0.07,
211100 14 0.95,
211164 4 0.56,
211183 5 0.41,
211221 59 0.38,
211308 89 0.15,
211331 81 0.99,
211349 73 0.73,
211398 56 0.47,
211479 3 0.57,
211560 69 0.06,
211597 5 0.44,
211648 57 0.94,
211653 3 0.03,
211739 99 0.9,
211741 6 0.68,
211805 45 0.45,
211831 31 0.72,
211886 56 0.11,
211893 7 0.67,
211921 56 0.21,
211933 87 0.62,
212020 36 0.84,
212054 96 0.96,
212141 96 0.85,
212174 40 0.58,
212195 78 0.48,
212267 52 0.7,
212279 94 0.62,
212307 38 0.6,
212315 51 0.03,
212343 50 0.57,
212362 41 0.69,
212419 84 0.72,
212460 8 0.56,
212464 57 0.08,
212537 20 0.1,
212570 15 0.98,
212590 70 0.71,
212660 16 0.13,
212661 18 0.37,
212688 91 0.78,
212704 24 0.59,
212723 15 0.58,
212727 73 0.84,
212789 11 0.66,
212806 69 0.74,
212877 73 0.64,
212937 89 0.83,
212999 69 0.84,
213043 53 0.46,
213056 99 0.75,
213103 10 0.22,
213105 35 0.87,
213164 92 0.61,
213169 64 0.79,
213250 2 0.42,
213271 93 0.57,
213341 68 0.05,
213343 95 0.93,
213349 68 0.64,
213354 52 0.11,
213399 28 0.31,
213467 38 0.77,
213515 54 0.23,
213565 75 0.62,
213581 32 0.17,
213581 39 0.72,
213589 77 0.35,
213635 74 0.88,
213698 94 0.07,
213728 62 0.99,
213816 42 0.19,
213853 91 0.76,
213932 89 0.72,
213936 34 0.59,
213982 66 0.35,
214043 46 0.11,
214108 94 0.77,
214159 14 0.24,
214187 85 0.95,
214203 44 0.96,
214291 39 0.56,
214360 75 0.08,
214436 19 0.1,
214466 33 0.18,
214546 51 0.59,
214568 73 0.25,
214587 67 0.75,
214644 57 0.21,
214731 58 0.24,
214759 89 0.9,
214767 83 0.48,
214813 6 0.11,
214835 34 0.24,
214838 61 0.56,
214858 41 0.38,
214934 43 0.74,
214935 43 0.51,
214980 97 0.78,
215044 38 0.33,
215099 7 0.89,
215182 28 0.72,
215236 7 0.22,
215315 67 0.18,
215356 97 0.21,
215409 98 0.28,
215492 33 0.85,
215563 64 0.52,
215634 15 0.47,
215720 12 0.62,
215720 36 0.77,
215795 3 0.69,
215875 93 0.75,
215892 84 0.6,
215939 84 0.97,
215944 77 0.23,
215996 50 0.69,
216003 52 0.25,
216075 9 0.49,
216076 62 0.22,
216087 96 0.02,
216090 2 0.6,
216169 38 0.29,
216217 26 0.15,
216241 98 0.04,
216245 19 0.17,
216297 57 0.76,
216319 97 0.62,
216403 13 0.69,
216424 91 0.57,
216462 54 0.95,
216541 58 0.54,
216582 33 0.29,
216615 88 1.0,
216678 93 0.21,
216691 84 0.98,
216780 47 1.0,
216834 41 0.71,
216838 86 0.68,
216906 94 0.43,
216969 68 0.23,
217015 83 0.4,
217060 92 0.95,
217072 12 1.0,
217086 25 0.34,
217100 70 0.01,
217187 27 0.66,
217258 92 0.5,
217293 65 0.06,
217301 69 0.76,
217332 71 0.85,
217394 4 0.25,
217454 18 0.89,
217464 14 0.5,
217543 63 0.04,
217612 67 0.33,
217615 91 0.18,
217661 12 0.89,
217673 16 0.03,
217713 27 0.64,
217737 70 0.84,
217795 10 0.75,
217844 38 0.85,
217888 4 0.98,
217957 93 0.49,
217961 46 0.8,
217976 25 0.67,
218033 61 0.77,
218076 6 0.78,
218080 0 0.31,
218129 82 0.31,
218139 85 0.29,
218206 28 0.37,
218243 29 0.4,
218301 80 0.07,
218386 34 0.96,
218423 85 0.19,
218499 61 0.56,
218565 53 0.64,
218566 15 0.21,
218613 73 0.95,
218631 82 0.53,
218719 61 0.42,
218803 51 0.15,
218882 23 0.17,
218967 52 0.06,
219029 84 0.96,
219081 22 0.1,
219167 3 0.35,
219245 25 0.92,
219316 53 0.67,
219346 71 0.99,
219417 92 0.78,
219431 34 0.52,
219450 46 0.93,
219480 49 0.78,
219561 17 0.12,
219564 66 0.74,
219600 24 0.71,
219614 4 0.76,
219617 75 0.72,
219649 91 0.81,
219695 70 0.09,
219728 84 0.8,
219798 36 0.85,
219830 8 0.02,
219909 78 0.45,
219935 40 0.06,
219960 45 0.19,
219991 74 0.69,
220067 76 0.13,
220150 93 0.25,
220162 11 0.8,
220183 77 0.98,
220204 90 0.65,
220286 26 0.22,
220322 71 0.1,
220327 38 0.32,
220384 17 0.61,
220454 33 0.94,
220475 15 0.06,
220559 81 0.1,
220587 98 0.63,
220595 55 0.96,
220654 95 0.02,
220715 44 0.46,
220737 24 0.68,
220786 83 0.96,
220846 13 0.43,
220865 62 0.52,
220880 4 0.13,
220914 36 0.9,
220959 22 0.55,
221042 48 0.13,
221060 18 0.03,
221071 9 0.79,
221116 24 0.29,
221146 99 0.98,
221179 97 0.98,
221189 56 0.7,
221272 12 0.99,
221308 94 0.15,
221333 27 0.97,
221333 46 0.54,
221356 14 0.85,
221438 68 0.49,
221469 18 0.36,
221539 55 0.04,
221594 77 0.48,
221680 91 0.61,
221752 6 0.36,
221762 83 0.98,
221841 8 0.76,
221869 69 0.39,
221920 13 0.76,
222001 64 0.75,
222019 15 1.0,
222039 38 0.43,
222057 76 0.01,
222080 58 0.51,
222128 86 0.92,
222159 85 0.54,
222201 63 0.05,
222282 2 0.82,
222348 39 0.84,
222350 20 0.46,
222401 7 0.49,
222449 13 0.06,
222523 8 0.87,
222561 23 0.76,
222578 64 0.1,
222595 2 0.97,
222657 72 0.59,
222670 6 0.81,
222737 17 0.56,
222765 71 0.69,
222819 91 0.32,
222870 47 0.71,
222927 16 0.9,
222965 36 0.09,
223008 29 0.54,
223074 96 0.27,
223091 73 0.79,
223125 24 0.48,
223202 20 0.45,
223280 27 0.95,
223318 40 0.34,
223358 47 0.86,
223378 3 0.25,
223404 24 0.08,
223471 0 0.93,
223524 49 0.67,
223612 78 0.18,
223639 37 0.82,
223699 14 0.7,
223751 3 0.06,
223764 22 0.55,
223765 99 0.51,
223765 44 0.17,
223778 89 0.5,
223829 21 0.59,
223913 82 0.29,
223978 23 0.86,
224007 57 0.66,
224090 49 0.19,
224097 49 0.79,
224168 43 0.26,
224174 70 0.98,
224227 33 0.96,
224227 57 0.06,
224255 52 0.67,
224289 36 0.6,
224361 34 0.14,
224439 91 0.52,
224445 95 0.29,
224517 41 0.55,
224552 33 0.44,
224589 43 0.48,
224652 62 0.82,
224717 32 0.71,
224754 52 0.92,
224794 44 0.58,
224827 43 0.5,
224902 47 0.49,
224915 32 0.07,
224968 1 0.11,
225040 33 0.51,
225059 52 0.53,
225106 81 0.77,
225174 72 0.04,
225203 2 0.34,
225275 85 0.46,
225319 48 0.62,
225380 32 0.9,
225407 71 0.38,
>)