sequence with 100 event types 
(120,132636,
<120 5 0.65,
144 39 0.74,
205 63 0.12,
249 85 0.61,
269 92 0.93,
345 49 0.38,
394 56 0.39,
472 58 0.97,
502 5 0.15,
503 2 0.85,
506 7 0.78,
593 30 0.54,
651 59 0.11,
702 17 0.95,
718 58 0.84,
746 31 0.54,
797 78 0.98,
803 77 0.44,
848 28 0.83,
931 80 0.88,
984 18 0.08,
1050 69 0.7,
1062 51 0.17,
1104 91 0.87,
1162 7 0.32,
1169 4 0.51,
1185 51 0.26,
1218 79 0.09,
1302 4 0.08,
1345 37 0.1,
1361 89 0.48,
1389 44 0.36,
1436 81 0.34,
1512 33 0.03,
1595 62 0.23,
1672 90 0.27,
1690 92 0.88,
1714 5 0.31,
1725 88 0.84,
1804 29 0.54,
1868 35 0.87,
1915 21 0.44,
1959 66 0.59,
1970 12 0.98,
2045 24 0.32,
2048 28 0.69,
2088 34 0.36,
2175 0 0.64,
2198 49 0.14,
2240 14 0.41,
2249 5 0.62,
2317 98 0.09,
2382 2 0.02,
2411 51 0.47,
2419 75 0.87,
2433 7 0.35,
2510 88 0.01,
2598 79 0.53,
2613 69 0.29,
2701 97 0.81,
2717 71 0.5,
2717 42 0.95,
2755 77 0.45,
2759 71 0.36,
2764 78 0.77,
2798 61 0.85,
2866 19 0.79,
2929 98 0.06,
3014 75 0.08,
3090 6 0.67,
3179 35 0.02,
3192 85 0.62,
3267 54 0.46,
3276 81 0.4,
3351 91 0.3,
3390 41 0.55,
3402 59 0.51,
3418 18 0.37,
3449 56 0.47,
3461 75 0.25,
3537 26 0.19,
3612 91 0.11,
3664 52 0.04,
3751 34 0.41,
3840 46 0.12,
3864 92 0.78,
3879 77 0.33,
3920 17 0.63,
3927 50 0.02,
4005 54 0.77,
4019 34 0.22,
4060 86 0.31,
4147 19 0.91,
4170 92 0.48,
4214 68 0.87,
4226 90 0.04,
4310 93 0.31,
4323 20 0.93,
4405 66 0.43,
4474 40 0.17,
4520 83 0.95,
4591 27 0.39,
4650 30 0.03,
4697 6 0.9,
4762 31 0.64,
4825 18 0.91,
4884 68 0.47,
4969 83 0.14,
5010 87 0.87,
5056 17 0.69,
5095 12 0.71,
5139 48 0.57,
5158 29 0.69,
5205 78 0.36,
5258 94 0.8,
5287 38 0.34,
5297 31 0.53,
5320 90 0.04,
5349 77 0.19,
5428 11 0.07,
5501 81 0.62,
5585 50 0.84,
5604 27 0.01,
5647 98 0.47,
5671 89 0.96,
5724 66 0.66,
5809 11 0.88,
5862 34 0.39,
5889 14 1.0,
5894 98 0.62,
5982 63 0.02,
5994 37 0.46,
6059 20 0.15,
6134 40 0.55,
6158 51 0.45,
6197 41 0.07,
6228 76 0.22,
6235 75 0.57,
6301 46 0.97,
6375 1 0.58,
6388 57 0.46,
6391 53 0.67,
6463 68 0.2,
6526 64 0.33,
6547 73 0.83,
6563 10 0.71,
6574 35 0.93,
6633 91 0.88,
6662 83 0.61,
6684 33 0.27,
6691 42 0.3,
6698 92 0.94,
6738 29 0.5,
6781 58 0.05,
6828 4 0.85,
6894 73 0.68,
6901 44 0.5,
6913 31 0.46,
6936 7 0.88,
6953 72 0.5,
6963 60 0.29,
6991 3 0.51,
7008 28 0.58,
7009 64 0.52,
7052 50 0.29,
7138 88 0.57,
7166 58 0.59,
7188 75 0.92,
7221 7 0.58,
7287 15 0.26,
7351 98 0.64,
7396 11 0.03,
7404 72 0.7,
7427 12 0.22,
7473 46 0.79,
7496 70 0.28,
7520 72 0.85,
7521 88 0.72,
7601 49 0.2,
7626 41 0.28,
7655 39 0.21,
7726 47 0.98,
7802 99 0.56,
7879 96 0.22,
7939 32 1.0,
7984 24 0.92,
8037 26 0.46,
8103 48 0.74,
8124 71 0.7,
8179 62 0.94,
8248 53 0.21,
8328 20 0.73,
8358 43 0.09,
8380 34 0.23,
8413 0 0.35,
8481 54 0.96,
8510 29 0.86,
8552 93 0.78,
8595 79 0.01,
8601 12 0.92,
8614 47 0.61,
8622 68 0.36,
8697 9 0.2,
8700 59 0.53,
8708 57 0.13,
8759 20 0.94,
8787 33 0.31,
8828 80 0.98,
8915 59 0.64,
8936 5 0.37,
9018 6 0.88,
9081 58 0.9,
9123 37 0.22,
9187 59 0.23,
9221 70 0.11,
9274 47 0.72,
9276 76 0.54,
9316 57 0.01,
9375 10 0.6,
9444 99 0.17,
9482 1 0.46,
9503 91 0.77,
9516 4 0.09,
9555 63 0.09,
9586 55 0.02,
9622 65 0.56,
9640 14 0.12,
9659 13 0.97,
9684 59 0.38,
9701 86 0.12,
9773 96 0.28,
9834 87 0.79,
9913 41 0.71,
9994 0 0.1,
10082 95 0.4,
10150 20 0.93,
10195 36 0.37,
10266 59 0.21,
10324 3 0.15,
10392 68 0.81,
10422 37 0.68,
10498 93 0.83,
10533 11 0.73,
10579 21 0.43,
10596 34 0.4,
10596 87 0.09,
10650 34 0.7,
10719 27 0.38,
10788 74 0.37,
10815 54 0.9,
10848 1 0.87,
10863 10 0.66,
10899 55 0.96,
10981 79 0.84,
11059 72 0.81,
11088 19 0.88,
11138 81 0.95,
11224 58 0.78,
11287 15 0.88,
11314 68 0.08,
11392 61 0.84,
11397 54 0.18,
11405 78 0.96,
11472 5 0.58,
11486 95 0.2,
11570 10 0.24,
11575 36 0.45,
11588 28 0.93,
11597 45 0.41,
11600 93 0.47,
11670 81 0.11,
11689 87 0.21,
11776 58 0.18,
11828 6 0.4,
11905 82 0.15,
11962 23 0.27,
12028 42 0.42,
12115 62 0.2,
12171 10 0.29,
12248 79 0.86,
12249 74 0.48,
12323 67 0.51,
12389 83 0.77,
12461 54 0.77,
12507 16 0.58,
12571 14 0.26,
12582 36 0.18,
12664 13 0.57,
12700 37 0.77,
12724 5 0.27,
12724 89 0.63,
12795 39 0.23,
12841 81 0.4,
12916 28 0.38,
12967 24 0.89,
12994 1 0.76,
13055 55 0.82,
13132 44 0.96,
13173 45 0.7,
13254 29 0.48,
13277 64 0.03,
13344 38 0.76,
13372 14 0.46,
13402 12 0.22,
13459 17 0.45,
13470 12 0.72,
13515 36 0.76,
13578 9 0.24,
13582 0 0.14,
13632 63 0.69,
13721 70 0.95,
13756 27 0.34,
13757 87 0.87,
13772 76 0.58,
13795 94 0.94,
13871 16 1.0,
13914 26 0.98,
13961 32 0.51,
14039 88 0.25,
14115 85 0.96,
14153 30 0.39,
14220 86 0.31,
14243 18 0.49,
14276 33 0.09,
14278 20 0.29,
14287 79 0.55,
14353 39 0.67,
14395 26 0.75,
14412 91 0.65,
14453 45 0.06,
14536 53 0.51,
14572 55 0.39,
14597 77 0.62,
14601 41 0.62,
14682 80 0.22,
14688 5 0.22,
14691 80 0.59,
14751 26 0.26,
14824 17 0.04,
14894 31 0.45,
14896 57 0.2,
14905 87 0.25,
14923 75 0.01,
14951 27 0.63,
15025 47 0.94,
15078 2 0.51,
15116 86 0.76,
15184 29 0.92,
15215 10 0.48,
15224 68 0.91,
15238 0 0.18,
15302 19 0.53,
15369 48 0.05,
15458 61 0.23,
15547 68 0.05,
15632 68 0.54,
15675 82 0.99,
15728 51 0.63,
15777 29 0.44,
15813 59 0.59,
15879 19 0.14,
15882 19 0.28,
15933 25 0.43,
15956 29 0.16,
15961 60 0.1,
15988 89 0.05,
16002 18 0.79,
16013 12 0.98,
16090 34 0.34,
16139 57 0.03,
16177 38 0.35,
16203 32 0.54,
16287 93 0.8,
16295 38 0.57,
16343 35 0.4,
16393 40 0.49,
16401 91 0.27,
16455 36 0.37,
16484 99 0.08,
16531 37 0.74,
16604 18 0.7,
16618 24 0.24,
16687 16 0.54,
16772 0 0.13,
16834 70 0.82,
16845 82 0.71,
16890 90 0.01,
16912 15 0.53,
16935 57 0.7,
16994 15 0.68,
17068 30 0.85,
17116 45 0.89,
17127 48 0.46,
17134 32 0.05,
17154 0 0.63,
17173 91 0.12,
17258 82 0.22,
17346 50 0.88,
17430 80 0.72,
17470 78 0.9,
17476 61 0.28,
17503 83 0.54,
17524 51 0.14,
17543 55 0.04,
17553 58 0.78,
17590 46 0.89,
17679 95 0.34,
17762 34 0.2,
17781 65 0.53,
17795 96 0.14,
17850 59 0.29,
17865 88 0.99,
17927 1 0.37,
18008 71 0.77,
18095 67 0.65,
18183 95 0.85,
18250 6 0.36,
18286 29 0.4,
18342 60 0.94,
18396 73 0.1,
18430 21 0.96,
18434 44 0.14,
18512 48 0.37,
18515 55 0.05,
18574 43 0.09,
18590 25 0.34,
18672 51 0.55,
18696 52 0.75,
18775 49 0.01,
18837 28 0.32,
18904 13 0.81,
18909 91 0.52,
18948 41 0.19,
19028 56 0.03,
19101 41 0.44,
19143 76 0.05,
19223 38 0.89,
19285 8 0.95,
19343 46 0.17,
19354 6 0.37,
19414 52 0.71,
19438 10 0.3,
19499 11 0.6,
19546 49 0.54,
19603 5 0.51,
19664 68 0.35,
19722 16 0.35,
19779 55 0.13,
19839 59 0.96,
19845 80 0.73,
19915 31 0.49,
19916 60 0.67,
19921 67 0.62,
20002 22 0.29,
20034 43 0.75,
20080 73 0.69,
20091 21 0.65,
20111 63 0.81,
20178 80 0.81,
20182 69 0.34,
20252 55 0.54,
20298 49 0.78,
20337 62 0.42,
20338 49 0.31,
20366 69 0.7,
20379 21 0.91,
20463 50 0.55,
20527 65 0.2,
20601 42 0.37,
20684 49 0.07,
20693 61 0.48,
20707 30 0.07,
20759 34 0.59,
20830 23 0.58,
20839 64 0.6,
20855 43 0.78,
20877 96 0.76,
20965 12 0.95,
21025 24 0.9,
21099 49 0.21,
21183 10 0.84,
21228 88 0.05,
21239 19 0.64,
21279 41 0.61,
21326 52 1.0,
21332 69 0.06,
21381 16 0.81,
21382 9 0.36,
21471 72 0.98,
21540 4 0.25,
21622 25 0.38,
21662 46 0.81,
21680 72 0.92,
21736 74 0.9,
21758 1 0.02,
21827 55 0.65,
21892 14 0.2,
21940 73 0.54,
21989 19 0.07,
22001 66 0.79,
22009 24 0.72,
22045 21 0.5,
22073 55 0.56,
22153 33 0.08,
22210 68 0.41,
22250 28 0.98,
22274 72 0.99,
22344 15 0.16,
22364 4 0.98,
22415 8 0.23,
22451 40 0.22,
22487 17 0.7,
22522 31 0.61,
22568 7 0.93,
22578 8 0.39,
22615 68 0.99,
22624 83 0.33,
22673 95 0.99,
22727 43 0.42,
22744 32 0.51,
22824 0 0.5,
22895 91 0.21,
22897 4 1.0,
22940 66 0.8,
22953 56 0.51,
22957 29 0.89,
23038 86 0.04,
23096 31 0.14,
23147 89 0.98,
23158 30 0.11,
23229 60 0.09,
23299 6 0.19,
23320 17 0.8,
23393 16 0.13,
23447 71 0.94,
23531 96 0.54,
23542 97 0.9,
23554 22 0.07,
23587 35 0.68,
23630 23 0.92,
23714 94 0.15,
23717 70 0.57,
23771 21 0.26,
23803 51 0.52,
23817 26 0.08,
23906 19 0.78,
23925 85 0.54,
23997 52 0.69,
24046 14 0.41,
24075 82 0.48,
24099 14 0.77,
24175 35 0.67,
24210 91 0.76,
24257 71 0.91,
24312 78 0.81,
24347 40 0.11,
24370 83 0.43,
24441 69 0.09,
24458 35 0.93,
24515 66 0.06,
24536 53 0.65,
24612 32 0.93,
24650 51 0.65,
24727 31 0.58,
24736 4 0.11,
24795 4 0.25,
24873 94 0.35,
24934 71 0.75,
24963 75 0.39,
25007 91 0.52,
25054 21 0.06,
25121 50 0.02,
25134 67 0.5,
25170 41 0.23,
25210 75 0.77,
25227 1 0.04,
25302 90 0.3,
25369 5 0.66,
25447 97 0.82,
25526 62 0.62,
25575 76 0.57,
25605 85 0.29,
25676 13 0.88,
25727 23 0.91,
25805 9 0.3,
25865 45 0.42,
25954 40 0.31,
25962 85 0.2,
25980 6 0.33,
25994 63 0.76,
26044 34 0.46,
26082 78 0.17,
26114 32 0.73,
26198 71 0.88,
26236 53 0.52,
26286 62 0.8,
26374 4 0.34,
26453 6 0.78,
26472 82 0.79,
26532 40 0.23,
26540 29 0.39,
26599 14 0.88,
26621 23 0.51,
26648 45 0.43,
26652 78 0.81,
26662 42 0.77,
26747 22 0.22,
26801 4 0.42,
26878 94 0.77,
26937 29 0.43,
27009 35 0.25,
27069 44 0.35,
27127 32 0.81,
27194 59 0.31,
27197 14 0.36,
27264 20 0.54,
27342 12 0.71,
27416 30 0.01,
27444 26 0.48,
27507 26 0.16,
27529 43 0.32,
27558 1 0.18,
27573 65 0.33,
27635 14 0.74,
27713 75 0.63,
27776 37 0.1,
27854 60 0.11,
27931 81 0.54,
27940 89 0.18,
28008 79 0.58,
28065 27 0.96,
28081 80 0.06,
28145 37 0.19,
28176 98 0.58,
28186 33 0.23,
28223 92 0.58,
28266 82 0.1,
28291 42 0.73,
28330 94 0.96,
28363 42 0.32,
28381 6 0.05,
28467 52 0.02,
28507 37 0.72,
28548 66 0.83,
28566 51 0.26,
28609 20 0.53,
28689 2 0.39,
28760 8 0.07,
28800 0 0.99,
28812 58 0.86,
28883 58 0.23,
28928 22 0.71,
28946 83 0.25,
28958 31 0.92,
28962 61 0.93,
29017 59 0.76,
29039 23 0.71,
29085 97 0.98,
29085 68 0.76,
29159 36 0.79,
29190 28 0.36,
29194 37 0.08,
29200 48 0.86,
29210 67 0.46,
29210 35 0.88,
29220 30 0.26,
29280 44 0.24,
29313 91 0.1,
29358 11 0.44,
29362 59 0.6,
29407 46 0.72,
29452 20 0.72,
29475 19 0.44,
29557 72 0.09,
29624 29 0.86,
29684 90 0.48,
29755 14 0.86,
29842 14 0.3,
29925 27 0.02,
29976 88 0.38,
29977 79 0.14,
29998 95 0.94,
30030 6 0.03,
30118 22 0.63,
30165 23 0.22,
30187 21 0.43,
30238 87 0.47,
30296 87 0.51,
30306 14 0.74,
30393 94 0.39,
30454 67 0.16,
30541 77 0.49,
30551 48 0.98,
30584 88 0.2,
30646 91 0.69,
30647 1 0.63,
30705 47 0.56,
30789 65 0.26,
30846 75 0.7,
30868 79 0.84,
30873 66 0.11,
30905 80 1.0,
30994 2 0.26,
31056 70 0.12,
31060 18 0.09,
31117 84 0.83,
31124 72 0.13,
31199 70 0.48,
31265 42 0.24,
31280 28 0.86,
31306 71 0.63,
31320 69 0.25,
31338 56 0.96,
31372 85 0.17,
31408 78 0.85,
31434 37 0.37,
31496 23 0.26,
31530 41 0.84,
31544 40 0.27,
31595 26 0.28,
31682 3 0.54,
31725 73 0.12,
31806 65 0.12,
31892 14 0.43,
31946 24 0.05,
32019 6 0.39,
32055 75 0.97,
32095 52 0.81,
32170 45 0.77,
32259 28 0.43,
32290 25 0.42,
32370 71 0.03,
32376 39 0.92,
32457 11 0.08,
32492 18 0.33,
32571 87 0.89,
32624 67 0.19,
32645 70 0.06,
32695 56 0.16,
32696 67 0.31,
32780 46 0.98,
32855 19 0.03,
32929 51 0.72,
32999 77 0.95,
33015 59 0.17,
33098 18 0.82,
33173 32 0.31,
33244 47 0.86,
33320 95 0.38,
33407 74 0.01,
33430 86 0.31,
33500 48 0.44,
33523 16 0.84,
33606 34 0.63,
33671 31 0.5,
33724 1 0.47,
33740 0 0.28,
33823 16 0.1,
33877 46 0.93,
33933 36 0.58,
33939 24 0.24,
34003 48 0.13,
34038 46 0.68,
34054 19 0.84,
34111 63 0.87,
34136 46 0.25,
34173 81 0.87,
34196 77 0.92,
34248 23 0.56,
34257 15 0.59,
34300 99 0.37,
34322 4 0.53,
34406 9 0.96,
34406 62 0.24,
34451 39 0.91,
34456 91 0.3,
34463 80 0.72,
34547 26 0.17,
34585 16 0.09,
34674 26 0.65,
34735 10 0.8,
34818 50 0.87,
34865 9 0.1,
34936 91 0.63,
34996 22 0.47,
35055 2 0.96,
35091 67 0.48,
35173 43 0.91,
35186 24 0.16,
35250 14 0.33,
35272 66 0.14,
35289 12 0.52,
35315 13 0.79,
35320 16 0.53,
35371 50 0.24,
35416 6 0.05,
35467 82 1.0,
35511 68 0.09,
35581 16 0.47,
35614 45 0.51,
35642 69 0.38,
35698 38 0.81,
35707 83 0.81,
35748 28 0.86,
35770 88 0.09,
35844 34 0.79,
35851 14 0.2,
35891 8 0.8,
35958 43 0.39,
35973 4 0.42,
35998 34 0.61,
36054 96 0.27,
36105 33 0.39,
36172 11 0.96,
36201 90 0.7,
36202 99 0.35,
36260 36 0.72,
36327 35 0.03,
36388 1 0.03,
36451 32 0.2,
36507 17 0.24,
36522 9 0.54,
36531 22 0.4,
36561 9 0.93,
36581 6 0.61,
36588 65 0.15,
36592 30 0.64,
36640 59 0.08,
36652 44 0.5,
36708 70 0.56,
36743 39 1.0,
36789 93 0.53,
36863 80 0.24,
36948 63 0.49,
37002 14 0.27,
37044 13 0.45,
37126 40 0.21,
37170 16 0.34,
37254 33 0.45,
37341 27 0.12,
37402 98 0.63,
37419 50 0.83,
37487 32 0.9,
37491 99 0.84,
37575 80 0.49,
37651 88 0.25,
37686 16 0.08,
37759 93 0.67,
37774 40 0.04,
37816 42 0.04,
37859 9 0.58,
37873 1 0.83,
37942 60 0.7,
38013 86 0.78,
38033 64 0.84,
38046 74 1.0,
38134 14 0.68,
38199 76 0.61,
38273 12 0.73,
38294 90 0.21,
38301 32 0.07,
38374 3 0.4,
38426 15 0.64,
38466 56 0.77,
38495 9 0.39,
38505 1 0.94,
38535 99 0.62,
38564 76 0.45,
38594 76 0.28,
38645 20 0.65,
38672 27 0.18,
38689 61 0.77,
38716 40 0.62,
38790 38 0.15,
38826 12 0.84,
38904 6 0.9,
38984 6 0.84,
38996 18 0.19,
39069 7 0.65,
39138 61 0.27,
39214 36 0.87,
39214 42 0.21,
39279 61 0.08,
39350 13 0.52,
39371 15 0.16,
39422 0 0.01,
39495 64 0.34,
39515 46 0.08,
39595 50 0.48,
39674 16 0.69,
39707 35 0.48,
39713 60 0.03,
39790 0 0.56,
39829 47 0.86,
39897 56 0.01,
39915 55 0.61,
39992 0 0.28,
40034 69 0.31,
40063 61 0.41,
40136 26 0.75,
40164 40 0.82,
40207 48 0.58,
40258 31 0.53,
40294 74 0.09,
40331 53 0.63,
40404 13 0.26,
40435 75 0.5,
40507 41 0.55,
40519 13 0.86,
40592 76 0.05,
40615 71 0.1,
40634 75 0.7,
40646 20 0.85,
40688 31 0.77,
40729 87 0.16,
40790 67 0.65,
40865 60 0.69,
40871 92 0.82,
40887 3 0.14,
40928 55 0.28,
40986 37 0.95,
41041 85 0.58,
41093 50 0.98,
41141 68 0.24,
41158 53 0.82,
41207 11 0.61,
41225 36 0.65,
41257 76 0.9,
41275 27 0.31,
41292 22 0.19,
41292 64 0.72,
41326 33 0.12,
41364 12 0.57,
41390 66 0.36,
41392 25 0.56,
41405 41 0.42,
41485 76 0.59,
41552 5 0.05,
41624 79 0.82,
41695 33 0.81,
41701 80 0.1,
41744 35 0.45,
41781 82 0.49,
41782 38 0.9,
41864 81 0.17,
41873 91 0.14,
41896 77 0.64,
41971 29 0.91,
42017 57 0.18,
42092 28 0.19,
42094 81 0.74,
42109 44 0.29,
42162 31 0.73,
42236 8 0.44,
42321 48 0.78,
42400 68 0.57,
42467 39 0.82,
42523 54 0.91,
42538 32 0.69,
42567 80 0.1,
42570 51 0.88,
42588 20 0.45,
42607 77 0.29,
42613 27 0.4,
42661 35 0.43,
42722 9 0.06,
42783 12 0.74,
42862 40 0.58,
42927 2 0.94,
42948 81 0.64,
43029 32 0.56,
43066 94 0.19,
43079 31 0.04,
43121 52 0.17,
43183 87 0.52,
43237 50 0.94,
43263 27 0.24,
43333 8 0.42,
43403 99 0.23,
43487 95 0.21,
43535 42 0.83,
43538 70 0.71,
43625 53 0.01,
43667 24 0.48,
43702 87 0.58,
43788 34 0.17,
43877 7 0.37,
43890 5 0.04,
43909 74 0.01,
43953 33 0.1,
43973 92 0.8,
43981 27 0.66,
44015 13 0.65,
44040 16 0.36,
44076 55 0.81,
44157 15 0.13,
44214 67 0.62,
44238 9 0.36,
44279 16 0.69,
44366 55 0.55,
44383 91 0.7,
44411 9 0.72,
44474 7 0.42,
44517 22 0.6,
44570 9 0.01,
44604 78 0.25,
44621 35 0.14,
44641 97 0.07,
44694 36 0.6,
44761 29 0.1,
44820 44 0.53,
44843 71 0.9,
44923 42 0.01,
44953 62 0.91,
44982 91 0.58,
45052 42 0.19,
45125 33 0.1,
45129 73 0.43,
45213 76 0.01,
45247 85 0.46,
45294 86 0.95,
45339 77 0.24,
45413 29 0.42,
45421 37 0.69,
45441 45 0.05,
45474 69 0.87,
45491 42 0.6,
45530 30 0.31,
45614 63 0.14,
45621 53 0.53,
45672 2 0.2,
45753 21 0.42,
45785 15 0.81,
45798 54 0.24,
45849 75 0.48,
45931 24 0.41,
45949 96 0.5,
46035 91 0.26,
46119 31 0.35,
46167 76 0.96,
46228 27 0.04,
46280 33 0.04,
46339 98 0.26,
46413 84 0.14,
46419 14 0.26,
46425 49 0.88,
46436 68 0.48,
46504 83 0.3,
46584 80 0.72,
46591 53 0.93,
46647 69 0.76,
46661 59 0.12,
46694 89 0.15,
46697 80 0.05,
46712 36 0.15,
46745 68 0.82,
46784 5 0.09,
46805 81 0.3,
46810 12 0.37,
46861 0 0.44,
46875 73 0.44,
46905 57 0.71,
46921 29 0.51,
46989 81 0.61,
47059 31 0.71,
47138 0 0.3,
47196 76 0.84,
47272 76 0.86,
47316 37 0.61,
47329 60 0.89,
47357 15 0.29,
47384 33 0.24,
47430 63 1.0,
47469 37 0.68,
47557 33 0.69,
47639 15 0.6,
47722 11 0.64,
47775 20 0.16,
47809 71 0.01,
47840 93 0.14,
47860 51 0.86,
47903 96 0.97,
47968 97 0.75,
47995 42 0.83,
48082 78 0.22,
48097 30 0.13,
48118 27 0.47,
48204 20 0.33,
48291 44 0.32,
48319 60 0.07,
48347 20 0.41,
48400 47 0.83,
48408 75 0.31,
48448 71 0.37,
48473 19 0.78,
48556 71 0.32,
48603 69 0.19,
48685 88 0.33,
48750 4 0.55,
48756 92 0.6,
48765 7 0.78,
48800 26 0.74,
48868 68 0.53,
48915 31 0.23,
48994 77 0.24,
49042 15 0.49,
49122 33 0.43,
49182 55 0.37,
49264 72 0.25,
49350 70 0.86,
49405 33 0.88,
49415 31 0.46,
49471 38 0.45,
49553 32 0.19,
49566 16 0.75,
49648 51 0.09,
49652 51 0.23,
49711 50 0.35,
49726 6 0.68,
49778 68 0.59,
49799 87 0.18,
49870 12 0.89,
49909 88 0.87,
49953 4 0.13,
49996 24 0.11,
50023 9 0.1,
50100 59 0.85,
50104 39 0.22,
50134 53 0.46,
50154 93 0.46,
50175 22 0.78,
50225 33 0.62,
50264 90 0.84,
50288 16 0.39,
50355 42 0.65,
50409 45 0.96,
50450 19 0.73,
50531 53 0.72,
50587 36 0.34,
50594 90 0.12,
50641 37 0.07,
50710 95 0.01,
50766 99 0.59,
50844 39 0.82,
50925 84 0.56,
50958 28 0.62,
51021 4 0.92,
51077 71 0.63,
51088 59 0.28,
51095 77 0.6,
51172 61 0.12,
51219 17 0.64,
51288 51 0.44,
51288 48 0.04,
51327 11 0.4,
51377 64 0.17,
51466 31 0.18,
51536 3 0.57,
51563 23 0.3,
51589 73 0.4,
51604 46 0.5,
51613 12 0.2,
51669 0 0.21,
51709 29 0.33,
51755 94 0.17,
51780 73 0.72,
51782 12 0.09,
51871 78 0.48,
51884 31 0.78,
51912 26 0.35,
51954 3 0.81,
51967 13 0.55,
52055 90 0.96,
52086 7 0.25,
52134 7 0.07,
52177 43 0.16,
52182 88 0.46,
52218 44 0.99,
52224 65 0.87,
52229 42 0.1,
52229 72 0.45,
52262 53 0.63,
52327 75 0.57,
52398 79 0.13,
52414 82 0.05,
52415 27 0.99,
52478 92 0.99,
52490 50 0.92,
52545 69 0.52,
52588 79 0.79,
52588 17 0.61,
52658 68 0.6,
52734 16 0.62,
52738 90 0.35,
52813 80 0.71,
52817 35 0.88,
52825 79 0.28,
52907 21 0.47,
52908 57 0.16,
52986 6 0.31,
53034 49 0.45,
53088 92 0.29,
53100 16 0.21,
53132 52 0.05,
53149 23 0.01,
53157 74 0.63,
53158 5 0.53,
53245 78 0.61,
53294 36 0.73,
53360 16 0.19,
53444 53 0.96,
53497 77 0.1,
53543 80 0.83,
53582 54 0.35,
53662 75 0.97,
53709 83 0.43,
53733 12 0.1,
53777 19 0.24,
53861 97 0.07,
53927 10 0.9,
53947 96 0.69,
54018 66 0.65,
54046 60 0.77,
54071 11 0.63,
54082 31 0.31,
54164 57 0.11,
54179 66 0.24,
54207 6 0.83,
54215 20 0.47,
54217 47 0.03,
54267 67 0.41,
54289 42 0.25,
54356 27 0.21,
54360 27 0.91,
54395 97 0.62,
54423 31 0.59,
54504 25 0.1,
54520 88 0.75,
54596 77 0.63,
54676 37 0.6,
54759 58 0.8,
54759 64 0.11,
54800 23 0.81,
54835 98 0.36,
54886 16 0.94,
54902 32 0.17,
54939 94 0.36,
54999 4 0.01,
55040 52 0.15,
55112 89 0.41,
55150 39 0.85,
55177 41 0.62,
55207 12 0.04,
55216 18 0.6,
55274 73 0.96,
55297 92 0.08,
55372 79 0.34,
55408 3 0.55,
55435 35 0.03,
55473 0 0.98,
55490 91 0.87,
55522 14 0.53,
55601 67 0.18,
55620 35 0.4,
55658 88 0.8,
55674 67 0.67,
55755 53 0.8,
55818 53 0.94,
55837 2 0.64,
55870 58 0.19,
55932 16 0.85,
56012 41 0.13,
56074 9 0.6,
56150 22 0.66,
56233 9 0.11,
56288 7 0.27,
56319 96 0.33,
56379 92 0.75,
56465 65 0.09,
56540 16 0.12,
56582 5 0.69,
56616 16 0.59,
56659 87 0.95,
56734 31 0.43,
56757 36 0.1,
56790 73 0.69,
56871 11 0.6,
56960 42 0.29,
56997 8 0.08,
57055 70 0.23,
57110 78 0.99,
57169 6 0.48,
57237 72 0.67,
57273 92 0.12,
57341 78 0.42,
57381 81 0.36,
57388 94 0.43,
57455 91 0.15,
57485 46 0.41,
57530 11 0.06,
57547 11 0.69,
57566 21 0.05,
57573 99 0.11,
57620 46 0.4,
57654 75 0.57,
57669 94 1.0,
57730 26 0.63,
57815 67 0.56,
57895 99 0.45,
57949 86 0.9,
58001 41 0.23,
58045 74 0.65,
58064 97 0.96,
58094 25 0.9,
58118 95 0.23,
58129 32 0.57,
58161 7 0.29,
58235 32 0.83,
58242 5 0.59,
58253 95 0.52,
58305 98 0.07,
58324 73 0.1,
58387 64 0.35,
58433 95 0.17,
58514 88 0.61,
58556 22 0.58,
58561 93 0.76,
58567 70 0.82,
58619 54 0.12,
58703 14 0.27,
58775 89 0.53,
58808 16 0.78,
58887 31 0.25,
58925 89 0.89,
58992 4 0.67,
59031 59 0.62,
59114 3 0.82,
59176 41 0.17,
59203 95 0.56,
59230 26 0.36,
59299 59 0.76,
59385 38 0.79,
59460 29 0.29,
59492 20 0.27,
59578 45 0.96,
59605 58 0.4,
59668 65 0.87,
59746 57 0.43,
59803 17 0.82,
59806 57 0.26,
59826 38 0.82,
59857 71 0.44,
59890 54 0.87,
59907 43 0.66,
59929 29 0.6,
59939 97 0.24,
60022 62 0.71,
60023 96 0.09,
60055 79 0.82,
60106 55 0.29,
60192 41 0.4,
60269 21 0.72,
60303 65 0.32,
60336 62 0.71,
60379 52 0.79,
60421 11 0.83,
60427 45 0.23,
60482 93 0.09,
60504 59 0.66,
60574 82 0.76,
60580 94 0.99,
60660 48 0.35,
60673 86 0.1,
60677 90 0.37,
60686 68 0.16,
60693 14 0.83,
60763 44 0.7,
60813 52 0.09,
60881 24 0.77,
60969 1 0.16,
61019 57 0.85,
61034 9 0.31,
61084 44 0.92,
61115 92 0.81,
61144 24 0.17,
61207 97 0.39,
61208 89 0.65,
61278 5 0.02,
61361 5 0.29,
61378 75 0.28,
61465 14 0.81,
61482 40 0.13,
61523 48 0.18,
61548 11 0.69,
61551 76 0.03,
61631 5 0.43,
61699 89 0.06,
61750 68 0.92,
61833 31 0.37,
61833 39 0.5,
61844 10 0.21,
61883 31 0.01,
61933 37 0.73,
61969 86 0.32,
61971 18 0.31,
62028 76 0.07,
62043 10 0.3,
62050 87 0.98,
62064 78 0.77,
62097 63 0.36,
62179 37 0.11,
62190 82 0.37,
62203 2 1.0,
62243 91 0.41,
62318 30 0.3,
62324 16 0.42,
62411 43 0.08,
62455 32 0.37,
62470 79 0.24,
62556 1 0.15,
62616 23 0.17,
62682 16 0.59,
62694 34 0.31,
62727 3 0.78,
62799 58 0.89,
62857 77 0.86,
62921 6 0.24,
62995 73 0.9,
63064 25 0.17,
63126 86 0.77,
63184 55 0.1,
63219 62 0.57,
63242 26 0.45,
63299 48 0.08,
63360 71 0.34,
63408 65 0.84,
63476 86 0.09,
63511 19 0.72,
63517 47 0.19,
63588 22 0.11,
63671 55 0.07,
63727 95 0.49,
63812 35 0.21,
63859 21 0.26,
63881 8 0.95,
63881 38 0.3,
63884 25 0.33,
63898 1 0.33,
63945 0 0.72,
64025 45 0.2,
64103 19 0.56,
64129 8 0.89,
64198 48 0.2,
64287 37 0.82,
64328 19 0.35,
64381 34 0.31,
64448 47 0.91,
64469 3 0.59,
64536 23 0.31,
64537 98 0.12,
64610 75 0.85,
64618 79 0.4,
64649 99 0.83,
64690 31 0.8,
64749 14 0.4,
64828 27 0.56,
64895 10 0.44,
64963 1 0.27,
65031 16 0.12,
65091 52 0.75,
65107 46 0.01,
65107 61 0.42,
65148 74 0.83,
65207 69 0.53,
65284 77 0.64,
65292 29 0.9,
65304 45 0.38,
65377 11 0.6,
65402 53 0.96,
65460 88 0.29,
65543 35 0.11,
65632 77 0.17,
65721 99 0.26,
65726 70 0.77,
65815 3 0.99,
65837 99 0.88,
65895 91 0.77,
65929 9 0.18,
66006 10 0.16,
66071 92 0.42,
66107 98 0.1,
66193 78 0.08,
66246 74 0.06,
66320 16 0.43,
66355 78 0.44,
66367 65 0.6,
66387 75 0.57,
66471 99 0.27,
66471 77 0.21,
66496 38 0.01,
66549 49 0.42,
66582 67 0.62,
66630 19 0.61,
66676 34 0.37,
66679 12 0.93,
66714 10 0.4,
66729 31 0.58,
66785 34 0.73,
66814 47 0.19,
66816 31 0.49,
66896 30 0.35,
66897 16 0.44,
66899 55 0.18,
66903 83 0.62,
66926 97 0.53,
66991 48 0.43,
67077 85 0.87,
67107 19 0.95,
67149 50 0.72,
67199 77 0.23,
67249 5 0.08,
67326 18 0.73,
67399 45 0.98,
67464 57 0.91,
67527 0 0.74,
67591 10 0.37,
67610 93 0.68,
67626 7 0.6,
67681 84 0.66,
67767 67 0.28,
67787 89 0.19,
67815 14 0.95,
67829 86 0.97,
67845 90 0.52,
67882 15 0.68,
67889 14 0.26,
67938 32 0.37,
67998 57 0.24,
68034 78 0.39,
68077 25 0.41,
68134 92 0.9,
68172 35 0.74,
68253 92 1.0,
68279 57 0.29,
68282 79 0.16,
68295 27 0.67,
68341 18 0.51,
68419 54 0.7,
68419 69 0.19,
68458 4 0.72,
68542 24 0.53,
68616 80 0.98,
68652 36 0.69,
68696 99 0.78,
68699 99 0.03,
68709 36 0.29,
68734 5 0.88,
68776 36 0.3,
68804 22 0.8,
68810 23 0.23,
68837 95 0.55,
68901 59 0.19,
68963 51 0.33,
69015 52 0.24,
69035 64 0.58,
69040 73 0.29,
69057 37 0.21,
69106 99 0.19,
69139 24 0.07,
69218 7 0.97,
69288 51 0.47,
69316 21 0.83,
69363 1 0.32,
69383 47 0.95,
69438 36 0.9,
69493 77 0.91,
69520 4 0.13,
69532 98 0.04,
69555 53 0.04,
69581 0 0.01,
69606 49 0.77,
69620 9 0.96,
69691 51 0.78,
69739 97 0.13,
69798 47 0.06,
69866 98 0.89,
69911 6 0.51,
69925 3 0.16,
70013 90 0.86,
70018 72 0.74,
70067 30 0.45,
70068 26 0.55,
70157 75 0.5,
70174 14 0.65,
70205 90 0.28,
70208 73 0.23,
70226 48 0.01,
70303 20 0.59,
70340 83 0.17,
70362 17 0.14,
70411 68 0.89,
70484 73 0.15,
70507 91 0.38,
70521 71 0.42,
70579 72 0.49,
70585 91 0.07,
70634 1 0.12,
70715 24 0.35,
70740 5 0.89,
70815 59 0.27,
70860 73 0.47,
70893 76 0.97,
70909 94 0.63,
70989 25 0.36,
71010 81 0.59,
71070 12 0.29,
71070 48 0.91,
71125 50 0.89,
71172 43 0.61,
71239 97 0.59,
71252 87 0.94,
71285 67 0.74,
71341 2 0.79,
71374 28 0.31,
71390 56 0.6,
71421 86 0.19,
71443 0 0.92,
71525 35 0.74,
71536 57 0.32,
71569 37 0.4,
71580 16 0.47,
71640 53 0.4,
71660 18 0.89,
71726 73 0.09,
71797 24 0.18,
71867 71 0.72,
71926 29 0.87,
71954 11 0.13,
72004 61 0.5,
72079 41 0.4,
72142 44 0.99,
72174 15 0.1,
72241 41 0.89,
72307 51 0.23,
72392 32 0.02,
72422 86 0.57,
72494 11 0.18,
72510 3 0.07,
72572 67 0.53,
72619 12 0.88,
72641 66 0.4,
72696 85 1.0,
72722 80 0.12,
72732 28 0.29,
72813 7 0.87,
72831 9 0.31,
72920 22 0.49,
72934 77 0.17,
72953 23 0.15,
73037 1 0.53,
73118 6 0.51,
73157 99 0.64,
73201 52 0.14,
73233 10 0.17,
73256 18 0.87,
73331 46 0.15,
73397 78 0.02,
73411 15 0.12,
73439 1 0.74,
73486 32 0.22,
73508 52 0.72,
73513 98 0.5,
73524 24 0.15,
73603 4 0.13,
73637 52 0.51,
73643 3 0.58,
73692 62 0.64,
73726 10 0.53,
73789 33 0.76,
73833 66 0.27,
73896 23 0.91,
73939 39 0.16,
74005 81 0.08,
74047 76 0.53,
74114 45 0.15,
74195 41 0.93,
74230 83 0.28,
74241 22 0.93,
74269 8 0.31,
74356 94 0.14,
74426 46 0.9,
74498 25 0.04,
74575 83 0.34,
74619 50 0.12,
74669 80 0.79,
74673 85 0.49,
74691 37 0.13,
74755 89 0.39,
74816 9 1.0,
74848 61 0.96,
74918 25 0.93,
74940 35 0.78,
74996 15 0.5,
75057 59 0.96,
75112 50 0.74,
75159 22 0.71,
75170 95 0.35,
75197 66 0.35,
75273 84 0.14,
75285 50 1.0,
75298 17 0.52,
75324 52 0.43,
75360 25 0.17,
75380 83 0.47,
75409 33 0.43,
75453 52 0.78,
75510 11 0.88,
75574 8 0.62,
75578 46 0.01,
75614 12 0.01,
75625 38 0.91,
75711 31 0.31,
75743 33 0.49,
75831 69 0.35,
75872 43 0.52,
75889 27 0.77,
75926 4 0.29,
75937 78 0.36,
75973 33 0.49,
76004 17 0.35,
76039 59 0.28,
76091 27 0.78,
76107 74 0.68,
76110 63 0.09,
76198 75 0.15,
76286 63 0.4,
76351 25 0.72,
76396 64 0.11,
76480 44 0.11,
76563 14 0.95,
76647 62 0.83,
76675 87 0.39,
76688 16 0.98,
76737 38 0.59,
76759 0 0.16,
76823 23 0.46,
76848 35 0.55,
76936 26 0.65,
76940 59 0.76,
76982 17 0.86,
77008 29 0.62,
77033 67 0.9,
77044 76 0.34,
77044 76 0.37,
77106 72 0.08,
77167 43 0.44,
77198 29 1.0,
77233 7 0.02,
77276 7 0.72,
77296 16 0.12,
77334 39 0.58,
77344 57 0.21,
77350 44 0.4,
77390 18 0.91,
77430 11 0.86,
77491 46 0.99,
77493 39 0.28,
77522 42 0.47,
77587 72 0.63,
77640 93 0.94,
77640 71 0.38,
77701 59 0.79,
77772 7 0.74,
77837 36 0.85,
77878 95 0.58,
77949 21 0.33,
78025 42 0.41,
78103 8 0.4,
78157 5 0.86,
78183 27 0.58,
78229 27 0.7,
78318 32 0.1,
78387 40 0.56,
78442 95 0.76,
78491 11 0.52,
78552 43 0.49,
78597 53 0.53,
78606 67 0.66,
78657 21 0.65,
78690 77 0.52,
78701 48 0.57,
78716 18 0.12,
78786 75 0.35,
78807 55 0.06,
78881 55 0.92,
78936 64 0.24,
78970 64 0.41,
79038 60 0.9,
79068 14 0.88,
79110 51 0.77,
79118 70 1.0,
79187 36 0.77,
79193 83 0.05,
79226 80 0.36,
79239 85 0.77,
79257 83 0.51,
79324 85 0.48,
79383 32 0.98,
79409 84 0.23,
79459 43 0.13,
79477 41 0.26,
79482 8 0.92,
79543 61 0.08,
79548 10 0.31,
79580 51 0.87,
79639 16 0.21,
79663 60 0.2,
79716 26 0.62,
79755 69 0.4,
79841 65 0.48,
79848 7 0.06,
79870 35 0.07,
79911 76 0.16,
79919 66 0.56,
79985 90 0.84,
80012 20 0.56,
80051 95 0.24,
80098 98 0.27,
80182 33 0.99,
80218 1 0.07,
80304 61 0.5,
80391 35 0.1,
80410 33 0.9,
80421 5 0.06,
80509 92 0.92,
80510 71 0.58,
80569 53 0.26,
80623 42 0.13,
80632 62 0.6,
80691 83 0.17,
80747 2 0.14,
80822 81 0.31,
80842 17 0.66,
80892 78 0.63,
80913 72 0.06,
80992 38 0.9,
81036 4 0.01,
81053 94 0.07,
81070 0 0.22,
81150 88 0.03,
81171 44 0.24,
81187 77 0.45,
81237 78 0.72,
81299 11 0.8,
81341 71 0.38,
81421 15 0.7,
81471 16 0.2,
81488 81 0.74,
81519 37 0.72,
81565 47 0.39,
81641 16 0.92,
81665 93 0.08,
81694 65 0.8,
81777 14 0.87,
81810 92 0.77,
81817 37 0.31,
81861 98 0.67,
81881 27 0.45,
81901 18 0.68,
81915 45 0.82,
81981 54 1.0,
82001 31 0.59,
82060 35 0.5,
82098 51 0.87,
82161 97 0.72,
82205 63 0.2,
82218 31 0.17,
82276 6 0.79,
82332 52 0.02,
82409 83 0.52,
82480 27 0.9,
82487 61 0.05,
82503 83 0.14,
82588 97 0.44,
82616 53 0.37,
82698 13 0.6,
82726 15 0.58,
82801 25 0.17,
82882 64 0.98,
82894 81 0.1,
82971 2 0.02,
82979 55 0.48,
83017 61 0.35,
83094 14 0.6,
83127 36 0.28,
83209 91 0.81,
83298 25 0.51,
83365 66 0.46,
83394 3 0.01,
83468 36 0.84,
83530 22 0.66,
83535 47 0.19,
83615 68 0.4,
83702 74 0.01,
83706 41 0.42,
83744 12 0.74,
83778 90 0.75,
83853 88 0.82,
83859 85 0.05,
83906 94 0.86,
83912 17 0.9,
83981 98 0.35,
83982 33 0.82,
83988 79 0.14,
84055 48 0.51,
84140 42 0.14,
84198 21 0.57,
84271 4 0.85,
84354 80 0.82,
84400 11 0.69,
84441 32 0.63,
84451 89 0.98,
84513 74 0.7,
84559 31 0.64,
84613 47 0.71,
84701 49 0.33,
84788 30 0.33,
84812 97 0.95,
84817 92 0.84,
84874 18 0.56,
84914 55 0.07,
84978 14 0.66,
85037 47 0.2,
85064 65 0.6,
85078 47 0.03,
85096 68 0.54,
85142 67 0.89,
85172 25 0.78,
85249 9 0.01,
85257 86 0.77,
85262 95 0.58,
85324 89 0.51,
85408 75 0.21,
85435 20 0.61,
85468 14 0.72,
85510 40 0.16,
85561 62 0.14,
85636 39 0.77,
85661 20 0.63,
85702 94 0.3,
85776 49 0.25,
85860 30 0.88,
85939 41 0.29,
85978 32 0.1,
86040 25 0.07,
86096 16 0.27,
86120 85 0.38,
86171 72 0.34,
86225 97 0.45,
86268 41 0.79,
86350 7 0.84,
86403 31 0.65,
86464 9 0.08,
86465 54 0.22,
86525 57 0.18,
86589 35 0.73,
86661 46 0.68,
86730 68 0.13,
86768 51 0.21,
86790 54 0.06,
86875 77 0.15,
86937 31 0.14,
86981 2 0.11,
87054 28 0.57,
87096 71 1.0,
87119 14 0.37,
87141 2 0.75,
87151 82 0.89,
87203 32 0.45,
87204 41 0.08,
87219 27 0.69,
87290 68 0.27,
87314 53 0.89,
87315 80 0.46,
87401 2 0.8,
87456 69 0.47,
87528 78 0.3,
87605 80 0.36,
87682 44 0.59,
87740 49 0.49,
87755 57 0.74,
87841 8 0.77,
87856 34 0.84,
87938 96 0.95,
87977 12 0.3,
88014 3 0.76,
88065 49 0.09,
88092 0 0.43,
88143 43 0.03,
88145 0 0.35,
88198 47 0.59,
88231 95 0.28,
88260 39 0.95,
88319 95 0.72,
88346 19 0.08,
88400 62 0.39,
88451 50 0.92,
88464 84 0.85,
88514 21 0.91,
88594 92 0.81,
88634 4 0.04,
88691 66 0.57,
88732 81 0.08,
88781 27 0.11,
88825 43 0.47,
88836 33 0.62,
88836 99 1.0,
88879 68 0.41,
88910 89 0.77,
88963 45 0.04,
88978 9 0.66,
89035 64 0.24,
89054 98 0.73,
89141 64 0.96,
89230 0 0.44,
89304 30 0.22,
89377 25 0.16,
89450 66 0.41,
89463 44 0.03,
89542 16 0.73,
89600 59 0.21,
89613 49 0.42,
89636 73 0.1,
89702 21 0.49,
89730 11 0.28,
89785 37 0.17,
89819 47 0.76,
89891 47 0.25,
89937 21 0.58,
90010 42 0.71,
90061 64 0.76,
90130 39 0.15,
90155 35 0.52,
90229 61 0.99,
90298 35 0.97,
90344 68 0.89,
90378 81 0.72,
90387 94 0.65,
90436 4 0.2,
90482 29 0.96,
90524 52 0.65,
90587 32 0.36,
90620 56 0.36,
90695 77 0.59,
90721 95 0.31,
90801 93 0.01,
90847 45 0.9,
90857 68 0.46,
90939 57 0.65,
90957 30 0.23,
91046 90 0.94,
91119 93 0.17,
91190 24 0.62,
91246 79 0.42,
91286 90 0.75,
91302 64 0.1,
91309 50 0.33,
91390 6 0.46,
91418 11 0.36,
91438 65 0.97,
91441 40 0.22,
91464 12 0.67,
91552 7 0.39,
91561 30 0.15,
91609 0 0.47,
91627 94 0.07,
91692 21 0.22,
91776 76 0.3,
91796 54 0.74,
91827 75 0.85,
91846 15 1.0,
91888 14 0.43,
91973 35 0.79,
92008 26 0.38,
92044 54 0.64,
92061 98 0.39,
92115 64 0.02,
92174 61 0.38,
92229 85 0.7,
92235 83 0.8,
92266 28 0.04,
92334 21 0.59,
92392 4 0.1,
92404 49 0.41,
92482 45 0.02,
92491 79 0.89,
92531 97 0.97,
92584 10 0.03,
92672 49 0.12,
92677 74 0.52,
92703 31 0.29,
92721 58 0.77,
92772 24 0.56,
92842 49 0.28,
92871 32 0.64,
92884 93 0.6,
92901 15 0.8,
92956 66 0.48,
93015 51 0.46,
93037 50 0.85,
93116 20 0.77,
93135 3 0.64,
93216 14 0.29,
93238 16 0.25,
93247 37 0.78,
93263 78 0.4,
93310 94 0.53,
93341 96 0.77,
93426 33 0.56,
93467 3 0.77,
93545 10 0.38,
93603 34 0.62,
93608 60 0.77,
93632 78 0.79,
93633 23 0.87,
93714 99 0.95,
93763 21 0.82,
93796 24 0.51,
93853 58 0.21,
93888 29 0.25,
93901 57 0.15,
93943 99 0.19,
93970 11 0.75,
93992 2 0.42,
94060 86 0.98,
94080 91 0.04,
94129 90 0.51,
94211 81 0.61,
94228 87 0.27,
94242 53 0.1,
94299 35 0.53,
94387 48 0.33,
94391 72 0.05,
94456 53 0.97,
94477 60 0.53,
94564 44 0.07,
94573 66 0.31,
94601 24 0.56,
94609 46 0.32,
94687 24 0.97,
94759 39 0.54,
94826 30 0.81,
94895 0 0.62,
94975 29 0.02,
95011 93 0.59,
95072 54 0.9,
95155 95 0.7,
95219 62 0.26,
95239 65 0.68,
95294 75 0.15,
95340 53 0.81,
95363 23 0.44,
95397 22 0.47,
95428 8 0.35,
95482 52 0.5,
95559 91 0.59,
95584 95 0.82,
95645 35 0.72,
95718 76 0.95,
95731 7 0.65,
95741 95 0.23,
95776 70 0.46,
95844 35 0.02,
95847 61 0.47,
95927 33 0.07,
95964 0 0.97,
95979 98 0.29,
96011 37 0.11,
96048 56 0.79,
96070 30 0.59,
96130 29 0.03,
96199 74 0.27,
96266 53 0.48,
96305 70 0.04,
96326 69 0.59,
96379 23 0.43,
96418 19 1.0,
96422 48 0.87,
96429 84 0.31,
96483 0 0.07,
96507 62 0.28,
96510 91 0.16,
96596 52 0.22,
96609 5 0.99,
96633 67 0.81,
96712 0 0.36,
96748 95 0.94,
96816 59 0.5,
96888 61 0.09,
96911 32 0.93,
96971 42 0.74,
97031 0 0.84,
97039 88 0.72,
97117 60 0.53,
97171 27 0.2,
97177 10 0.9,
97254 72 0.02,
97303 0 0.82,
97384 98 0.96,
97418 4 0.74,
97470 90 0.18,
97517 65 0.93,
97546 22 0.01,
97571 57 0.27,
97582 28 0.08,
97613 30 0.08,
97637 35 0.5,
97659 40 0.52,
97697 51 0.88,
97752 52 0.89,
97764 5 0.28,
97767 74 0.94,
97810 49 0.46,
97857 78 0.85,
97931 15 0.33,
97970 93 0.21,
98018 80 0.13,
98079 85 0.77,
98150 86 0.4,
98167 20 0.76,
98193 48 0.32,
98211 12 0.94,
98246 20 0.75,
98330 87 0.46,
98333 13 0.74,
98411 11 0.64,
98412 5 0.09,
98431 68 0.29,
98500 44 0.43,
98540 97 0.9,
98548 15 0.85,
98549 85 0.32,
98564 66 0.12,
98633 95 0.92,
98655 86 0.96,
98732 3 0.39,
98815 73 0.74,
98904 79 0.14,
98906 13 0.5,
98922 12 0.38,
98988 7 0.48,
99006 32 0.03,
99018 87 0.67,
99046 33 0.06,
99116 17 0.47,
99186 49 0.25,
99245 15 0.17,
99291 44 0.79,
99351 34 0.32,
99394 41 0.15,
99479 67 0.71,
99537 30 0.53,
99587 7 0.68,
99607 38 0.76,
99654 87 0.38,
99722 99 0.73,
99722 65 0.78,
99760 93 0.77,
99770 2 0.85,
99776 11 0.86,
99788 59 0.19,
99808 50 0.15,
99829 80 0.42,
99870 37 0.3,
99875 72 0.24,
99879 5 0.45,
99922 21 0.03,
99963 96 0.6,
100047 49 0.26,
100087 61 0.65,
100173 34 0.67,
100173 52 0.88,
100245 29 0.47,
100320 28 0.04,
100328 52 0.13,
100338 19 0.31,
100354 45 0.58,
100403 24 0.15,
100476 93 0.77,
100517 98 0.53,
100588 38 0.16,
100594 97 0.36,
100648 90 0.97,
100709 85 0.86,
100797 43 0.39,
100808 72 0.51,
100880 37 0.29,
100919 4 0.87,
101000 65 0.58,
101047 22 1.0,
101097 33 0.39,
101174 85 1.0,
101243 75 0.66,
101300 94 0.78,
101329 9 0.81,
101365 54 0.57,
101444 1 0.78,
101480 45 0.68,
101486 42 0.29,
101491 22 0.46,
101504 95 0.91,
101562 34 0.24,
101591 85 0.45,
101613 48 0.38,
101658 18 0.45,
101712 83 0.5,
101793 26 0.06,
101820 9 0.57,
101820 48 0.91,
101831 46 0.36,
101890 26 0.3,
101891 59 0.29,
101960 0 0.57,
102002 42 0.91,
102064 58 0.63,
102072 33 0.34,
102121 91 0.32,
102173 80 0.92,
102191 95 0.32,
102191 64 0.34,
102231 61 0.25,
102287 55 0.24,
102287 70 0.22,
102366 7 0.23,
102421 14 0.19,
102443 13 0.08,
102512 42 0.61,
102576 98 0.04,
102649 77 0.44,
102710 0 0.13,
102742 83 0.4,
102776 50 0.31,
102809 75 0.66,
102884 30 0.99,
102966 84 0.18,
102996 79 0.6,
103055 99 0.57,
103126 95 0.16,
103167 76 0.13,
103173 67 0.32,
103201 63 0.44,
103221 20 0.2,
103238 32 0.53,
103314 92 0.25,
103365 27 0.07,
103397 57 0.63,
103427 93 0.81,
103456 16 0.96,
103468 36 0.92,
103495 56 0.21,
103525 44 0.75,
103596 15 0.39,
103620 55 0.46,
103659 99 0.24,
103742 37 0.62,
103763 88 0.41,
103835 2 0.77,
103914 52 0.6,
103966 7 0.89,
103987 68 0.48,
104036 20 0.5,
104090 89 0.95,
104137 24 0.56,
104223 38 0.82,
104239 52 0.68,
104262 39 0.79,
104266 70 0.92,
104329 67 0.77,
104406 13 0.44,
104430 91 0.57,
104434 67 0.02,
104449 36 0.4,
104511 51 0.41,
104592 87 0.32,
104660 94 0.41,
104662 47 0.3,
104742 43 0.5,
104814 77 0.65,
104814 22 0.8,
104819 38 0.26,
104822 44 0.28,
104851 67 0.17,
104940 83 0.71,
104959 78 0.85,
104998 52 0.04,
105078 54 0.81,
105130 36 0.93,
105200 80 0.14,
105205 40 0.99,
105223 45 0.55,
105289 3 0.46,
105372 82 0.63,
105416 20 0.12,
105420 81 0.5,
105461 46 0.64,
105494 57 0.71,
105496 86 0.12,
105510 26 0.12,
105575 20 0.57,
105598 39 0.06,
105645 26 0.31,
105653 35 0.91,
105742 44 0.42,
105794 45 0.09,
105802 26 0.8,
105885 11 0.63,
105900 9 1.0,
105967 17 0.86,
105969 36 0.02,
105982 69 0.49,
106071 97 0.93,
106084 53 0.64,
106148 24 0.58,
106206 33 0.45,
106210 7 0.94,
106283 86 0.15,
106286 39 0.78,
106321 78 0.28,
106347 85 0.22,
106375 46 0.46,
106391 95 0.23,
106450 68 0.41,
106530 18 0.41,
106549 98 0.53,
106580 53 0.01,
106635 46 0.1,
106704 6 0.65,
106773 50 0.77,
106830 56 0.08,
106917 63 0.97,
106935 97 0.19,
106937 25 0.23,
106954 70 0.48,
106988 49 0.12,
107030 46 0.25,
107056 41 0.42,
107069 9 0.24,
107090 2 0.65,
107170 61 0.59,
107197 6 0.75,
107284 26 0.33,
107303 46 0.53,
107310 33 0.55,
107375 85 0.08,
107449 14 0.69,
107452 19 0.17,
107499 11 0.71,
107551 45 0.59,
107569 87 0.39,
107596 74 0.28,
107680 0 0.14,
107681 61 0.78,
107768 15 0.1,
107827 23 0.84,
107851 61 0.86,
107905 43 0.11,
107974 9 0.21,
108016 23 0.11,
108031 42 0.4,
108087 6 0.09,
108147 11 0.91,
108220 92 0.05,
108278 16 0.55,
108284 75 0.52,
108292 11 0.94,
108332 71 0.25,
108397 38 0.17,
108431 57 0.75,
108483 10 0.02,
108552 55 0.97,
108613 27 0.16,
108645 34 0.46,
108716 62 0.11,
108784 98 0.67,
108831 74 0.42,
108886 67 0.91,
108933 92 0.05,
108943 66 0.73,
109032 26 0.05,
109074 13 0.89,
109092 75 0.88,
109158 6 0.69,
109221 86 0.06,
109238 33 0.11,
109261 72 0.15,
109345 42 0.8,
109418 28 0.02,
109465 86 0.05,
109500 50 0.25,
109534 16 0.2,
109622 1 0.44,
109691 69 0.56,
109749 43 0.7,
109765 13 0.23,
109775 37 0.06,
109836 7 0.81,
109917 30 0.32,
109933 29 0.07,
109971 68 0.3,
110001 90 0.56,
110086 32 0.43,
110130 20 0.03,
110157 94 0.94,
110193 62 0.63,
110218 42 0.8,
110231 51 0.27,
110248 83 0.17,
110334 7 0.02,
110419 11 0.82,
110485 35 0.91,
110494 73 0.2,
110512 9 0.96,
110595 43 0.05,
110641 41 0.87,
110651 57 0.36,
110668 51 0.42,
110693 30 0.79,
110713 14 0.97,
110770 89 0.41,
110809 16 0.86,
110816 96 0.44,
110817 19 0.93,
110906 93 0.22,
110963 61 0.64,
110965 81 1.0,
111049 94 0.24,
111124 84 0.73,
111195 75 0.04,
111275 43 0.03,
111334 42 0.92,
111356 57 0.26,
111416 12 0.51,
111464 99 0.3,
111520 94 0.15,
111574 16 0.38,
111618 40 0.72,
111685 56 0.53,
111708 48 0.28,
111714 59 0.19,
111724 82 0.19,
111724 60 0.23,
111777 86 0.16,
111819 43 0.34,
111849 44 0.92,
111897 67 0.26,
111935 9 0.19,
111958 89 0.16,
112012 58 0.4,
112031 37 0.52,
112046 49 0.37,
112104 98 0.42,
112125 66 0.21,
112162 27 0.55,
112211 54 0.52,
112259 66 0.55,
112330 40 0.33,
112389 20 0.89,
112434 9 0.67,
112489 93 0.62,
112547 61 0.86,
112557 40 0.67,
112558 52 0.83,
112633 2 0.33,
112695 10 0.78,
112753 11 0.87,
112777 38 0.76,
112847 84 0.26,
112865 88 0.02,
112882 60 0.36,
112947 63 0.7,
113027 77 0.62,
113099 52 0.71,
113134 51 0.25,
113222 72 0.2,
113293 4 0.51,
113341 78 0.42,
113379 63 0.51,
113445 0 0.68,
113475 86 0.07,
113542 46 0.34,
113550 42 0.32,
113590 48 0.24,
113632 34 0.08,
113703 40 0.55,
113738 21 0.58,
113777 51 0.9,
113847 12 0.26,
113909 78 0.45,
113946 67 0.2,
113980 97 0.1,
114035 73 0.33,
114099 98 0.51,
114104 43 0.71,
114156 71 0.88,
114233 14 0.02,
114290 40 0.6,
114290 26 0.84,
114297 24 0.96,
114383 28 0.11,
114468 90 0.84,
114526 69 0.79,
114558 29 0.21,
114571 52 0.7,
114613 1 0.29,
114690 29 0.45,
114778 66 0.87,
114794 32 0.86,
114803 1 0.1,
114833 13 0.73,
114918 69 0.1,
114950 81 0.42,
114982 82 0.35,
115051 36 0.4,
115073 16 0.21,
115130 59 0.06,
115207 87 0.93,
115251 10 0.91,
115292 38 0.01,
115318 93 0.1,
115380 65 0.11,
115387 14 0.01,
115458 52 0.6,
115482 5 0.92,
115559 12 0.01,
115593 4 0.4,
115615 62 0.8,
115655 77 0.78,
115740 15 0.06,
115785 60 0.66,
115818 97 0.25,
115899 42 0.83,
115929 27 0.01,
116002 76 0.41,
116071 98 0.13,
116091 31 0.27,
116176 5 0.14,
116246 7 0.13,
116311 9 0.14,
116377 68 0.1,
116451 44 0.44,
116530 13 0.27,
116596 86 0.12,
116615 54 0.51,
116659 54 0.8,
116694 19 0.13,
116769 89 0.65,
116855 11 0.98,
116869 79 0.11,
116945 62 0.64,
116955 64 0.34,
117037 95 0.99,
117067 35 0.48,
117113 37 0.45,
117176 33 0.42,
117230 60 0.93,
117299 92 0.55,
117300 11 0.91,
117309 39 0.82,
117381 31 0.96,
117461 16 0.2,
117472 21 0.14,
117505 71 0.54,
117518 33 0.6,
117521 21 0.56,
117603 99 0.96,
117640 28 0.59,
117720 9 0.63,
117751 22 0.37,
117828 29 0.71,
117834 86 0.51,
117876 97 0.19,
117964 3 0.76,
117975 53 0.73,
118002 93 0.82,
118083 83 0.33,
118156 42 0.97,
118234 96 0.21,
118280 90 0.35,
118300 11 0.89,
118366 34 0.9,
118435 88 0.17,
118441 44 0.73,
118508 7 0.36,
118581 23 0.77,
118584 17 0.64,
118586 99 0.93,
118641 41 0.73,
118699 86 0.14,
118738 31 0.76,
118762 96 0.81,
118769 81 0.11,
118802 24 0.31,
118820 63 0.24,
118888 49 0.46,
118906 97 0.06,
118966 15 0.7,
119037 53 0.51,
119100 86 0.92,
119186 69 0.57,
119202 9 0.62,
119218 54 0.36,
119249 24 0.55,
119279 59 0.33,
119336 6 0.49,
119388 19 0.97,
119457 97 0.43,
119458 11 0.36,
119546 19 0.02,
119615 87 0.12,
119685 9 0.38,
119693 3 0.07,
119748 45 0.73,
119795 77 0.08,
119801 32 0.44,
119851 20 0.92,
119925 45 0.5,
119931 93 0.01,
119938 75 0.85,
119942 53 0.13,
119949 18 0.53,
119968 72 0.51,
119976 57 0.6,
120022 35 0.44,
120109 82 0.47,
120183 62 0.14,
120220 60 0.82,
120234 17 0.63,
120239 71 0.06,
120266 41 0.91,
120305 86 0.33,
120327 45 0.66,
120396 64 0.92,
120441 67 0.88,
120490 15 0.73,
120543 73 0.14,
120563 85 0.74,
120595 15 0.45,
120595 84 0.3,
120643 46 0.71,
120676 72 0.19,
120712 77 0.84,
120774 9 0.25,
120796 17 0.04,
120847 49 0.53,
120866 52 0.23,
120951 16 0.38,
120976 62 0.52,
121018 95 0.99,
121024 32 0.76,
121053 33 0.68,
121084 97 0.2,
121107 34 0.35,
121184 75 0.61,
121224 55 0.61,
121299 57 0.55,
121331 82 0.4,
121383 24 0.61,
121429 34 0.4,
121468 91 0.26,
121535 99 0.13,
121620 77 0.58,
121669 44 0.87,
121739 19 0.83,
121817 89 0.8,
121882 16 0.83,
121935 66 0.5,
121975 99 0.14,
122002 92 0.01,
122056 19 0.7,
122106 61 0.14,
122178 83 0.47,
122181 47 0.17,
122194 77 0.78,
122244 57 0.27,
122320 55 0.85,
122348 16 0.78,
122362 55 0.08,
122445 38 0.73,
122524 45 0.34,
122579 84 0.1,
122635 27 0.67,
122665 9 0.4,
122747 86 0.35,
122780 70 0.53,
122855 26 0.62,
122891 35 0.72,
122966 58 0.45,
123036 70 0.48,
123081 15 0.5,
123147 87 0.99,
123221 79 0.21,
123285 3 0.99,
123346 30 0.45,
123433 64 0.53,
123453 28 0.15,
123503 85 0.71,
123570 71 0.92,
123658 73 0.62,
123736 17 0.47,
123789 23 0.31,
123805 60 0.14,
123893 16 0.5,
123967 49 0.37,
124047 25 0.86,
124136 19 0.98,
124211 77 0.23,
124224 4 0.58,
124299 56 0.91,
124322 50 0.31,
124342 41 0.7,
124376 44 0.37,
124408 83 0.24,
124487 23 0.04,
124573 35 0.44,
124624 92 0.65,
124650 50 0.93,
124727 92 0.61,
124734 80 0.33,
124763 0 0.77,
124847 85 0.08,
124874 12 0.62,
124949 47 0.58,
125018 78 0.32,
125047 63 0.29,
125054 95 0.17,
125134 47 0.72,
125185 11 0.9,
125221 69 0.58,
125256 12 0.64,
125307 22 0.74,
125368 32 0.81,
125399 81 0.35,
125450 13 0.13,
125474 13 0.52,
125539 75 0.59,
125557 19 0.28,
125598 72 0.51,
125624 32 0.27,
125664 73 0.11,
125751 64 0.83,
125827 62 0.69,
125902 39 0.56,
125923 2 1.0,
125996 10 0.62,
126014 62 1.0,
126091 4 0.87,
126112 14 0.46,
126155 1 0.28,
126200 91 0.79,
126270 60 0.8,
126287 32 0.28,
126291 19 0.16,
126363 86 0.77,
126401 91 0.98,
126487 26 0.31,
126543 28 0.43,
126605 88 0.63,
126617 20 0.94,
126624 73 0.88,
126697 10 0.76,
126764 38 0.13,
126831 10 0.2,
126914 8 0.62,
126985 55 0.15,
126994 32 0.25,
127049 3 0.86,
127097 94 0.91,
127118 96 0.73,
127173 84 0.25,
127206 32 0.01,
127226 57 0.19,
127252 79 0.81,
127304 28 0.13,
127358 16 0.98,
127434 57 0.05,
127444 31 0.73,
127447 59 0.99,
127464 55 0.84,
127553 68 0.23,
127569 98 0.31,
127654 77 0.48,
127688 18 0.95,
127765 52 0.62,
127781 1 0.01,
127840 6 0.1,
127928 15 0.48,
127930 20 0.48,
127998 48 0.07,
128054 66 0.63,
128133 1 0.64,
128180 74 0.91,
128244 1 0.1,
128305 5 0.32,
128367 96 0.15,
128411 21 0.61,
128413 25 0.76,
128444 0 0.82,
128485 66 0.03,
128503 64 0.07,
128525 23 0.27,
128563 52 0.74,
128644 58 0.94,
128695 21 0.65,
128718 73 0.57,
128787 87 0.09,
128833 42 0.53,
128870 97 0.86,
128931 87 0.13,
128938 99 0.54,
128993 86 0.33,
129014 11 0.57,
129086 38 0.16,
129091 54 0.21,
129173 62 0.04,
129250 87 0.27,
129325 5 0.34,
129352 67 0.64,
129365 26 0.94,
129425 72 0.58,
129495 22 0.82,
129538 74 0.91,
129589 78 0.48,
129640 45 0.73,
129675 47 0.34,
129726 83 0.31,
129729 74 0.86,
129812 44 0.43,
129899 0 0.34,
129968 4 0.71,
130028 73 0.77,
130100 8 0.38,
130160 42 0.37,
130193 8 0.47,
130280 23 0.09,
130354 17 0.95,
130396 66 0.61,
130468 79 0.13,
130493 23 0.52,
130494 32 0.78,
130559 51 0.4,
130620 61 0.23,
130657 89 0.03,
130672 82 0.66,
130730 28 0.05,
130790 16 0.19,
130832 99 0.77,
130897 4 0.84,
130965 90 0.64,
130982 46 0.15,
131004 63 0.02,
131082 82 0.98,
131131 74 0.22,
131166 10 0.34,
131178 16 0.66,
131221 30 0.96,
131282 82 0.73,
131315 46 0.02,
131373 74 0.27,
131422 48 0.61,
131488 69 0.37,
131554 36 0.37,
131562 80 0.86,
131573 96 0.59,
131624 66 0.88,
131645 44 0.23,
131654 50 0.87,
131702 16 0.95,
131734 62 0.82,
131817 88 0.81,
131829 72 1.0,
131907 4 0.8,
131910 4 0.42,
131951 67 0.01,
131958 11 0.6,
132009 69 0.72,
132078 11 0.17,
132094 13 0.93,
132123 86 0.71,
132135 45 0.52,
132224 56 0.65,
132245 81 0.16,
132252 35 0.69,
132297 37 0.05,
132298 54 0.96,
132338 28 0.41,
132374 98 0.67,
132385 51 0.46,
132416 11 0.9,
132495 81 0.04,
132566 84 0.87,
>)