sequence with 50 event types 
(120,266076,
<120 30 0.03,
152 29 0.23,
199 11 0.98,
220 17 0.94,
236 44 0.87,
266 13 0.71,
304 6 0.45,
368 23 0.61,
414 13 0.93,
470 11 0.65,
526 38 0.85,
552 32 0.63,
559 21 0.29,
600 47 1.0,
662 47 0.6,
738 48 0.65,
824 27 0.35,
845 22 0.76,
877 30 0.35,
940 26 0.55,
970 48 0.55,
985 3 0.16,
1037 7 0.54,
1112 31 0.72,
1119 12 0.47,
1147 1 0.57,
1162 15 0.9,
1244 42 0.24,
1281 0 0.82,
1352 45 0.91,
1414 28 0.95,
1450 44 0.91,
1495 29 0.94,
1506 19 0.18,
1591 26 0.52,
1678 40 0.74,
1741 43 0.56,
1820 5 0.78,
1896 10 0.59,
1967 31 0.02,
1999 26 0.29,
2009 24 0.07,
2050 4 0.36,
2067 33 0.71,
2118 43 0.76,
2147 1 0.8,
2234 1 0.72,
2269 35 0.31,
2317 43 0.33,
2363 28 0.61,
2448 22 0.77,
2524 6 1.0,
2553 40 0.5,
2612 5 0.78,
2644 18 0.6,
2724 22 0.15,
2793 39 0.29,
2824 24 0.36,
2825 22 0.21,
2858 34 0.66,
2872 32 0.76,
2961 22 0.26,
3020 49 0.93,
3076 27 0.37,
3113 28 0.21,
3156 0 0.9,
3206 28 0.44,
3252 24 0.44,
3305 19 1.0,
3384 30 0.69,
3425 26 0.37,
3479 33 0.77,
3546 41 0.83,
3632 8 0.14,
3684 15 0.04,
3746 9 0.06,
3759 27 0.06,
3760 27 0.32,
3786 13 0.68,
3859 4 0.87,
3892 28 0.99,
3961 39 0.62,
4045 0 0.03,
4068 14 0.03,
4070 22 0.24,
4114 8 0.9,
4169 41 1.0,
4193 1 0.09,
4198 41 0.15,
4286 37 0.05,
4336 32 0.17,
4381 34 0.55,
4390 27 0.72,
4402 41 0.1,
4472 2 0.45,
4492 22 0.82,
4581 25 0.84,
4628 19 0.02,
4677 16 0.25,
4746 13 0.91,
4805 14 0.71,
4805 41 0.25,
4834 17 0.93,
4875 27 0.11,
4910 1 0.87,
4951 18 0.97,
4974 4 0.4,
5035 9 0.51,
5076 21 0.87,
5094 35 0.04,
5094 49 0.87,
5139 16 0.95,
5212 35 0.68,
5234 41 0.46,
5251 46 0.31,
5310 37 0.12,
5333 30 0.9,
5380 0 0.88,
5407 22 0.33,
5431 34 0.29,
5503 44 0.27,
5535 21 0.58,
5574 39 0.79,
5577 14 0.35,
5638 29 0.53,
5689 26 0.36,
5739 31 0.58,
5769 4 0.38,
5816 25 0.5,
5859 0 0.96,
5942 35 0.15,
5993 21 0.24,
6011 37 0.12,
6047 28 0.01,
6110 18 0.23,
6121 46 0.02,
6174 20 0.68,
6250 36 0.67,
6308 39 0.21,
6314 28 0.45,
6369 25 0.55,
6445 26 0.07,
6475 0 0.45,
6506 42 0.78,
6534 26 0.75,
6594 40 0.15,
6658 28 0.06,
6699 21 0.57,
6717 35 0.32,
6806 32 0.19,
6875 24 0.82,
6939 32 0.39,
7025 5 0.58,
7081 22 0.71,
7161 35 0.83,
7215 6 0.37,
7264 9 0.94,
7310 11 0.21,
7316 25 0.89,
7386 38 0.66,
7460 10 0.02,
7530 22 0.4,
7618 18 0.05,
7663 1 0.19,
7716 17 0.99,
7799 15 0.36,
7828 37 0.55,
7853 17 0.86,
7864 10 0.84,
7922 36 0.25,
7927 28 0.37,
8005 18 0.69,
8054 5 0.43,
8123 26 0.67,
8184 41 0.63,
8223 15 0.24,
8239 20 0.71,
8240 25 0.27,
8308 21 0.73,
8321 23 0.57,
8374 25 0.08,
8417 3 0.32,
8488 48 0.46,
8493 0 0.2,
8511 19 0.69,
8587 3 0.5,
8649 7 0.34,
8688 40 0.17,
8737 10 0.44,
8765 18 0.21,
8837 15 0.39,
8874 21 0.36,
8937 13 0.13,
8972 14 0.17,
9059 38 0.92,
9138 29 0.01,
9140 14 0.05,
9195 21 0.11,
9199 8 0.22,
9217 47 0.3,
9262 34 0.79,
9289 22 0.75,
9333 31 0.03,
9383 14 0.51,
9438 21 0.21,
9475 48 0.05,
9558 10 0.23,
9565 4 0.04,
9621 3 0.52,
9657 40 0.39,
9668 38 0.7,
9755 25 0.66,
9764 3 0.81,
9850 2 0.81,
9920 33 0.4,
9979 42 0.29,
10042 2 0.04,
10073 6 0.04,
10094 26 0.44,
10130 3 0.34,
10130 7 0.39,
10202 38 0.71,
10268 27 0.67,
10340 26 0.09,
10391 18 0.46,
10428 7 0.26,
10441 23 0.33,
10447 2 0.41,
10500 45 0.92,
10543 44 0.14,
10608 21 0.56,
10670 8 0.5,
10700 6 0.58,
10711 20 0.58,
10744 48 1.0,
10805 20 0.98,
10843 18 0.72,
10926 0 0.37,
10942 42 0.47,
10945 43 0.27,
11033 6 0.27,
11063 21 0.76,
11132 26 0.47,
11203 14 0.32,
11207 34 0.63,
11222 14 0.61,
11249 2 0.46,
11278 39 0.76,
11297 25 0.36,
11312 34 0.48,
11312 16 0.27,
11328 4 0.36,
11338 30 0.31,
11426 33 0.5,
11480 8 0.31,
11485 24 0.57,
11513 9 0.78,
11592 4 0.18,
11673 30 0.32,
11674 45 0.88,
11720 22 0.21,
11756 39 0.38,
11781 1 0.14,
11808 48 0.51,
11817 17 0.01,
11850 40 0.18,
11905 7 0.36,
11965 11 0.6,
12054 31 0.84,
12090 20 0.03,
12152 23 0.99,
12157 31 0.06,
12177 33 0.04,
12190 44 0.27,
12247 27 0.1,
12274 24 0.89,
12294 24 0.02,
12315 41 0.69,
12384 33 0.07,
12399 33 0.28,
12435 19 0.32,
12515 34 0.26,
12528 23 0.32,
12592 9 0.89,
12658 44 0.48,
12745 38 0.73,
12786 1 0.58,
12873 3 0.87,
12913 37 0.48,
12988 8 0.46,
13009 40 0.41,
13097 36 0.15,
13164 48 0.98,
13203 23 0.05,
13217 11 0.25,
13282 4 0.96,
13286 16 0.87,
13344 45 0.88,
13420 20 0.34,
13502 41 0.04,
13502 45 0.71,
13547 13 0.2,
13549 3 0.14,
13600 34 0.63,
13666 15 0.98,
13728 39 0.57,
13793 47 0.93,
13827 33 0.7,
13842 44 0.76,
13886 34 0.88,
13932 38 0.32,
13988 25 0.41,
14024 36 0.45,
14078 2 0.62,
14117 7 0.87,
14204 32 0.18,
14235 3 0.79,
14248 41 0.05,
14291 42 0.31,
14324 12 0.13,
14365 3 0.33,
14425 17 0.52,
14469 8 0.97,
14526 34 0.98,
14592 35 0.33,
14615 40 0.09,
14692 9 0.61,
14734 30 0.95,
14769 4 0.5,
14822 32 0.01,
14824 4 0.48,
14840 22 0.27,
14884 31 0.23,
14900 5 0.63,
14944 22 0.53,
15010 7 0.47,
15035 21 0.69,
15062 8 0.59,
15103 42 0.48,
15172 32 0.45,
15216 25 0.25,
15274 31 0.94,
15358 1 0.29,
15432 36 0.11,
15489 28 0.37,
15503 48 0.34,
15538 34 0.78,
15616 40 0.76,
15638 2 0.82,
15688 12 0.03,
15692 19 0.09,
15764 10 0.33,
15807 48 0.43,
15872 25 0.69,
15899 24 0.76,
15924 32 0.18,
15963 26 0.34,
16046 29 0.92,
16120 20 0.36,
16199 42 0.27,
16269 42 0.63,
16332 29 0.29,
16338 8 0.98,
16350 6 0.9,
16411 28 0.73,
16482 13 0.63,
16558 45 0.81,
16619 27 0.85,
16648 29 0.88,
16737 20 0.16,
16759 11 0.69,
16848 3 0.87,
16900 18 0.03,
16907 24 0.92,
16912 36 0.74,
16918 27 0.58,
16996 34 0.16,
17063 23 0.75,
17122 47 0.51,
17170 23 0.41,
17176 4 0.15,
17235 5 0.82,
17324 41 0.63,
17355 27 0.48,
17369 9 0.53,
17373 46 0.56,
17447 47 0.74,
17486 10 0.87,
17542 31 0.18,
17615 22 0.38,
17669 24 0.28,
17688 22 0.78,
17774 25 0.38,
17821 6 0.47,
17822 7 0.33,
17840 41 0.7,
17843 6 0.95,
17871 16 0.38,
17888 17 0.71,
17974 38 0.56,
18017 12 0.17,
18099 0 0.99,
18127 5 0.34,
18169 7 0.59,
18214 8 0.53,
18260 19 0.76,
18284 48 0.85,
18348 39 0.28,
18401 35 0.09,
18456 8 0.96,
18519 32 0.32,
18586 23 0.38,
18628 21 0.96,
18641 14 0.01,
18661 16 0.51,
18729 46 0.88,
18797 35 0.42,
18847 36 0.49,
18858 42 0.17,
18907 11 0.97,
18948 32 0.55,
19030 34 0.96,
19041 0 0.26,
19057 30 0.1,
19123 8 0.61,
19123 42 0.16,
19143 8 0.24,
19204 25 0.48,
19263 20 0.24,
19351 3 0.46,
19363 23 0.34,
19397 5 0.88,
19422 39 0.24,
19426 49 0.83,
19498 1 0.75,
19586 39 0.29,
19600 48 0.09,
19672 21 0.1,
19695 20 0.4,
19713 39 0.21,
19757 13 0.49,
19764 13 0.38,
19821 6 0.86,
19879 29 0.81,
19892 12 0.9,
19908 46 0.85,
19950 0 0.99,
20026 35 0.84,
20080 14 0.77,
20107 42 0.47,
20196 29 0.92,
20204 23 0.02,
20223 40 0.29,
20247 34 0.24,
20286 39 0.05,
20335 40 0.53,
20351 8 0.46,
20364 10 0.01,
20443 17 0.71,
20449 40 0.13,
20527 48 0.03,
20616 21 0.62,
20642 16 0.7,
20724 39 0.8,
20742 32 0.21,
20757 11 0.91,
20765 32 0.72,
20789 41 0.08,
20854 2 0.29,
20862 29 0.43,
20889 45 0.08,
20924 28 0.49,
20956 31 1.0,
21029 45 0.47,
21069 22 0.86,
21134 35 0.44,
21134 46 0.11,
21205 7 0.62,
21236 2 0.25,
21244 5 0.44,
21301 22 0.04,
21308 5 0.16,
21381 3 0.03,
21455 25 0.12,
21486 22 0.3,
21549 16 0.67,
21587 16 0.2,
21597 29 0.2,
21602 6 0.15,
21684 21 0.01,
21759 20 0.44,
21817 30 1.0,
21822 26 0.52,
21877 47 0.82,
21956 3 0.48,
21957 27 0.56,
22038 43 0.22,
22041 14 0.65,
22077 35 0.72,
22162 31 0.16,
22188 0 0.39,
22204 43 0.36,
22273 37 0.12,
22279 20 0.14,
22287 22 0.94,
22317 36 0.7,
22347 24 0.15,
22349 0 0.58,
22411 16 0.6,
22461 48 0.26,
22522 4 0.78,
22569 16 0.7,
22601 22 0.77,
22621 26 0.21,
22696 7 0.52,
22722 46 0.28,
22794 38 0.66,
22871 37 0.47,
22878 25 0.32,
22959 27 0.53,
23004 24 0.02,
23036 34 0.2,
23088 26 0.47,
23119 8 0.4,
23191 4 0.68,
23234 9 0.5,
23299 49 0.13,
23306 25 0.29,
23374 38 0.32,
23450 16 0.55,
23505 9 0.36,
23568 44 0.69,
23635 9 0.15,
23640 28 0.28,
23712 43 0.12,
23787 21 0.14,
23793 38 0.99,
23867 28 0.84,
23903 25 0.95,
23959 40 0.28,
23987 29 0.82,
24035 26 0.35,
24040 43 0.04,
24117 11 0.91,
24202 31 0.06,
24267 48 0.79,
24320 27 0.49,
24378 39 0.85,
24425 45 0.08,
24457 20 0.88,
24525 24 0.5,
24576 42 0.86,
24577 49 0.86,
24665 26 0.47,
24712 22 0.07,
24786 11 0.5,
24804 9 0.42,
24812 34 0.13,
24844 38 0.08,
24864 18 0.09,
24916 46 0.59,
25003 17 0.44,
25035 36 0.05,
25095 33 0.94,
25098 13 0.86,
25177 3 0.16,
25211 26 0.14,
25220 30 0.68,
25282 16 0.18,
25288 27 0.48,
25333 40 0.32,
25363 11 0.83,
25395 4 0.51,
25430 24 0.18,
25485 5 0.35,
25561 47 0.25,
25615 5 0.29,
25662 47 0.47,
25720 38 0.42,
25778 11 0.35,
25799 2 0.48,
25829 13 0.63,
25903 1 0.13,
25914 31 0.4,
25967 38 0.44,
26007 24 0.74,
26053 42 0.81,
26124 31 0.35,
26167 26 0.05,
26225 47 0.95,
26272 46 0.37,
26294 40 0.19,
26352 20 0.5,
26426 33 0.86,
26456 15 0.98,
26461 33 0.66,
26503 4 0.59,
26589 29 0.67,
26634 1 0.08,
26673 2 0.77,
26691 6 0.01,
26758 20 0.69,
26796 40 0.98,
26860 24 0.4,
26947 26 0.75,
27025 39 0.22,
27033 32 0.1,
27115 4 0.65,
27135 25 0.17,
27146 39 0.2,
27191 24 0.73,
27277 21 0.45,
27323 1 0.96,
27338 19 0.65,
27386 40 0.79,
27462 49 0.38,
27483 16 0.35,
27517 3 0.29,
27574 46 0.02,
27633 49 0.26,
27708 34 0.02,
27717 39 0.04,
27790 36 0.34,
27872 3 0.49,
27956 8 0.5,
27970 34 0.77,
28054 7 0.27,
28063 44 0.75,
28102 45 0.71,
28120 21 0.49,
28183 44 0.27,
28194 15 0.98,
28261 6 0.88,
28261 45 0.13,
28287 11 0.28,
28304 4 0.06,
28343 21 0.35,
28382 26 0.74,
28396 43 0.13,
28399 40 0.89,
28425 4 0.89,
28459 45 0.68,
28537 0 0.63,
28598 42 0.25,
28603 3 0.86,
28642 29 0.04,
28656 10 0.49,
28698 46 0.5,
28751 5 1.0,
28802 43 0.42,
28821 13 0.4,
28849 34 0.34,
28896 15 0.87,
28932 45 0.61,
28985 3 0.73,
29024 48 0.24,
29085 43 0.93,
29127 39 0.5,
29132 45 0.46,
29151 14 0.14,
29180 33 0.67,
29242 10 0.93,
29313 4 0.31,
29399 11 0.54,
29465 17 0.8,
29477 41 0.19,
29494 27 0.46,
29553 30 0.91,
29631 42 0.37,
29648 9 0.74,
29731 13 0.42,
29807 26 0.97,
29892 6 0.7,
29944 23 0.9,
29952 10 0.14,
29962 27 0.78,
29982 34 0.26,
29998 25 0.28,
30025 13 0.2,
30080 42 0.57,
30164 2 0.96,
30194 49 0.29,
30200 47 0.85,
30223 7 0.33,
30247 16 0.42,
30257 34 0.48,
30275 39 0.96,
30295 44 0.08,
30301 39 0.12,
30364 29 0.88,
30378 5 0.17,
30409 48 0.91,
30467 29 0.05,
30515 32 0.78,
30592 37 0.17,
30621 41 0.57,
30651 4 0.3,
30709 38 0.59,
30716 39 0.14,
30722 21 0.61,
30741 11 1.0,
30747 3 0.06,
30820 20 0.95,
30822 27 0.69,
30861 23 0.6,
30934 10 0.94,
31011 18 0.47,
31083 47 0.78,
31155 6 0.54,
31187 43 0.72,
31239 42 0.5,
31283 49 0.43,
31312 23 0.52,
31328 33 0.07,
31334 47 0.67,
31419 13 0.68,
31491 26 0.24,
31504 14 0.88,
31536 10 0.67,
31616 16 0.22,
31642 2 0.74,
31660 24 0.78,
31718 37 0.06,
31782 19 0.71,
31827 9 0.78,
31914 17 0.37,
31958 43 0.57,
32003 28 0.69,
32036 27 0.62,
32080 30 0.06,
32163 24 0.13,
32208 45 0.01,
32248 34 0.65,
32270 1 0.85,
32319 2 0.94,
32403 9 0.56,
32467 18 0.34,
32512 28 0.06,
32529 36 0.55,
32602 35 0.7,
32610 32 0.31,
32664 49 0.27,
32701 4 0.61,
32777 15 0.16,
32786 15 0.47,
32846 14 0.32,
32925 31 0.91,
32957 11 0.92,
33022 21 0.4,
33098 47 0.51,
33176 43 0.47,
33220 23 0.95,
33291 3 0.43,
33374 13 0.68,
33413 13 0.04,
33468 49 0.37,
33486 12 0.7,
33556 49 0.93,
33580 19 0.54,
33599 35 0.79,
33631 24 0.11,
33686 0 0.37,
33695 45 0.39,
33722 39 0.16,
33728 17 0.23,
33800 16 0.17,
33842 25 0.19,
33884 47 0.84,
33913 30 0.66,
33934 47 1.0,
33987 37 0.86,
34011 47 0.98,
34025 22 0.58,
34043 23 0.39,
34064 5 0.61,
34073 31 0.46,
34121 25 0.16,
34171 23 0.58,
34174 37 1.0,
34249 22 0.15,
34305 12 0.34,
34329 27 0.79,
34378 25 0.03,
34382 3 0.37,
34448 16 0.67,
34528 8 0.69,
34597 38 0.67,
34657 45 0.81,
34675 15 0.33,
34747 32 0.2,
34793 30 0.29,
34834 7 0.05,
34907 18 0.95,
34971 6 0.55,
34978 25 0.29,
35033 36 0.46,
35110 7 0.82,
35169 47 0.93,
35179 15 0.78,
35195 6 0.96,
35241 41 0.81,
35321 23 0.52,
35373 9 0.47,
35384 32 0.56,
35416 25 0.13,
35444 13 0.29,
35514 1 0.88,
35590 43 0.34,
35659 28 0.82,
35678 22 0.26,
35689 23 0.65,
35710 40 0.94,
35748 14 0.18,
35814 24 0.4,
35844 21 0.34,
35867 32 0.4,
35940 13 0.89,
36019 3 0.7,
36050 15 0.9,
36066 7 0.18,
36086 10 0.85,
36166 24 0.23,
36191 37 0.32,
36243 15 0.27,
36317 29 0.05,
36336 36 0.44,
36358 36 0.15,
36362 11 0.15,
36431 32 0.41,
36496 46 0.02,
36498 5 1.0,
36557 28 0.11,
36617 5 0.25,
36697 32 0.24,
36728 46 0.44,
36743 16 0.64,
36760 0 0.16,
36801 49 0.41,
36865 3 0.85,
36908 37 0.03,
36913 30 0.08,
36933 42 0.78,
36967 38 0.96,
36984 9 0.39,
37071 23 0.1,
37126 33 0.05,
37203 45 0.24,
37249 42 0.95,
37271 29 0.84,
37304 48 0.82,
37359 34 0.98,
37430 36 0.22,
37498 49 0.46,
37584 30 0.53,
37638 32 0.76,
37687 16 0.43,
37768 47 0.24,
37821 24 0.38,
37832 47 0.94,
37893 35 0.02,
37916 14 0.07,
37947 6 0.74,
38015 38 0.46,
38032 33 0.08,
38111 41 0.66,
38186 32 0.69,
38253 18 0.28,
38287 0 0.69,
38311 34 0.18,
38336 12 0.13,
38386 1 1.0,
38402 24 0.17,
38417 21 0.82,
38444 24 0.93,
38484 48 0.8,
38552 9 0.44,
38632 5 0.11,
38666 43 0.53,
38752 0 0.25,
38766 6 0.46,
38767 31 0.19,
38837 37 0.07,
38869 16 0.69,
38903 21 0.96,
38960 3 0.8,
38989 8 0.36,
39077 0 0.97,
39123 29 0.42,
39123 29 0.69,
39198 23 0.26,
39261 37 0.37,
39283 46 0.32,
39343 43 0.23,
39430 6 0.43,
39449 40 0.57,
39498 31 0.37,
39578 38 0.19,
39604 27 0.62,
39646 49 0.87,
39679 16 0.73,
39735 32 0.2,
39779 29 0.75,
39843 4 0.04,
39849 1 0.2,
39858 46 0.17,
39896 30 0.5,
39930 34 0.48,
39951 4 0.46,
40015 4 0.97,
40097 14 0.97,
40162 30 0.55,
40250 30 0.6,
40282 7 0.44,
40360 3 0.34,
40410 22 0.75,
40434 21 0.53,
40523 25 0.8,
40559 40 0.34,
40567 33 0.37,
40627 19 0.15,
40707 43 0.58,
40731 45 0.73,
40746 13 0.04,
40804 26 0.98,
40804 4 0.28,
40807 24 0.39,
40826 1 0.13,
40845 0 0.6,
40860 19 0.93,
40943 45 0.57,
40993 4 0.45,
41012 3 0.82,
41035 18 0.06,
41045 20 0.7,
41126 28 0.4,
41185 12 0.07,
41186 38 0.88,
41206 13 0.14,
41288 45 0.59,
41313 6 0.07,
41327 1 0.42,
41330 18 0.39,
41388 31 0.31,
41475 11 0.3,
41527 13 0.97,
41572 33 0.51,
41615 21 0.52,
41665 22 0.38,
41700 36 0.67,
41741 11 0.32,
41816 5 0.6,
41842 44 0.84,
41903 34 0.08,
41946 15 0.72,
42012 8 0.06,
42068 49 0.08,
42149 32 0.42,
42166 3 0.05,
42188 16 0.3,
42248 26 0.02,
42278 27 0.67,
42345 36 0.67,
42351 43 0.01,
42394 35 0.86,
42479 46 0.14,
42566 11 0.99,
42635 17 0.98,
42683 32 0.14,
42721 12 0.8,
42776 49 0.5,
42778 16 0.14,
42797 0 0.23,
42870 47 0.62,
42898 46 0.45,
42899 28 0.22,
42925 9 0.91,
42926 36 0.45,
42972 39 0.97,
43060 30 0.97,
43134 0 0.61,
43160 17 0.16,
43233 7 0.44,
43282 17 0.81,
43282 15 0.52,
43342 3 0.47,
43403 36 0.2,
43474 17 0.71,
43541 31 0.55,
43617 17 0.72,
43677 44 0.34,
43730 0 0.75,
43737 1 0.48,
43805 10 0.88,
43873 24 0.71,
43877 36 0.79,
43921 21 0.57,
43941 26 0.23,
43980 9 0.97,
44042 8 0.1,
44068 4 0.32,
44128 25 0.74,
44192 34 0.59,
44251 49 0.96,
44310 29 0.56,
44395 1 0.89,
44403 18 0.53,
44460 13 0.27,
44509 27 0.75,
44535 14 0.48,
44537 47 0.24,
44544 4 0.86,
44547 0 0.62,
44607 15 0.12,
44619 16 0.47,
44661 1 0.29,
44698 24 0.86,
44732 45 0.57,
44747 13 0.14,
44778 21 0.52,
44833 3 0.1,
44890 27 0.47,
44891 46 0.37,
44941 49 0.04,
44953 37 0.46,
44994 30 0.97,
45062 23 0.45,
45128 37 0.16,
45206 17 0.79,
45272 8 0.66,
45305 40 0.26,
45392 18 0.72,
45457 48 0.55,
45508 48 0.49,
45591 42 0.42,
45661 5 0.31,
45691 45 0.91,
45744 34 0.65,
45817 16 0.95,
45883 47 0.79,
45909 7 0.82,
45987 23 0.39,
46057 45 0.95,
46135 47 0.16,
46193 27 0.05,
46277 13 0.25,
46281 4 0.43,
46330 35 0.31,
46408 22 0.23,
46491 47 0.49,
46499 42 0.79,
46557 1 0.46,
46590 43 0.41,
46604 39 0.76,
46689 20 0.33,
46696 27 0.35,
46713 44 0.44,
46735 28 0.73,
46772 20 0.17,
46776 31 0.63,
46802 39 0.96,
46866 39 0.74,
46904 1 0.98,
46920 42 0.95,
46943 24 0.45,
46979 41 0.15,
47014 45 0.86,
47071 10 0.8,
47089 20 0.19,
47173 46 0.62,
47219 22 0.55,
47233 19 0.75,
47303 38 0.75,
47370 28 0.4,
47453 41 0.01,
47499 34 0.78,
47507 47 0.85,
47518 8 0.1,
47523 38 0.41,
47554 23 0.22,
47603 23 0.97,
47651 7 0.45,
47692 17 0.19,
47698 32 0.52,
47729 12 0.65,
47754 43 0.34,
47804 9 0.64,
47851 7 0.31,
47906 19 0.55,
47912 7 0.15,
47964 16 0.51,
47987 28 0.25,
48037 5 0.89,
48111 19 0.37,
48150 21 0.21,
48215 14 0.73,
48273 15 0.21,
48278 6 0.67,
48331 46 0.78,
48355 23 0.45,
48423 21 0.46,
48502 41 0.32,
48565 25 0.43,
48634 27 0.26,
48716 23 0.1,
48760 41 0.98,
48845 42 0.03,
48902 40 0.5,
48934 2 0.7,
48958 9 0.4,
49009 39 0.68,
49042 34 0.82,
49109 13 0.92,
49146 9 0.06,
49187 39 0.86,
49212 28 0.4,
49223 17 0.1,
49238 45 0.65,
49303 26 0.37,
49365 33 0.24,
49404 45 0.38,
49465 19 0.35,
49546 32 0.48,
49635 34 0.08,
49712 27 0.8,
49726 27 0.94,
49748 37 0.73,
49819 30 0.86,
49899 14 0.79,
49949 43 0.64,
49973 27 0.4,
50001 17 0.15,
50059 0 0.24,
50143 20 0.72,
50172 32 0.04,
50187 15 0.42,
50239 14 0.8,
50285 45 0.46,
50360 37 0.04,
50440 44 0.16,
50523 39 0.66,
50531 41 0.51,
50560 33 0.02,
50604 8 0.94,
50648 19 0.28,
50717 10 0.68,
50798 45 0.88,
50853 5 0.56,
50911 27 0.17,
50974 40 0.21,
51047 44 0.86,
51064 35 0.5,
51086 4 0.12,
51133 24 0.84,
51187 24 0.85,
51221 23 0.08,
51245 22 0.57,
51293 13 0.53,
51349 31 0.98,
51384 28 0.16,
51424 32 0.36,
51484 17 0.37,
51529 4 0.93,
51529 20 0.25,
51576 38 0.11,
51602 32 0.27,
51611 2 0.37,
51664 19 0.3,
51669 8 0.87,
51717 30 0.91,
51771 45 0.39,
51841 29 0.11,
51927 0 0.05,
52008 12 0.28,
52093 22 0.31,
52158 24 0.28,
52182 3 0.57,
52197 42 0.14,
52198 47 0.09,
52267 5 0.46,
52335 2 0.56,
52352 49 0.17,
52400 16 0.69,
52483 12 0.21,
52504 7 0.89,
52577 5 1.0,
52633 16 0.64,
52684 33 0.18,
52737 33 0.23,
52742 40 0.21,
52791 33 0.26,
52863 44 0.01,
52921 12 0.91,
52998 46 0.19,
53014 48 0.46,
53052 22 0.45,
53063 11 0.5,
53076 43 0.04,
53082 34 0.58,
53089 37 0.27,
53164 1 0.44,
53200 43 0.23,
53282 30 0.98,
53352 11 0.91,
53409 24 0.59,
53480 47 0.97,
53556 14 0.39,
53576 23 0.57,
53590 49 0.02,
53598 29 0.64,
53641 35 0.57,
53699 34 0.07,
53782 40 0.71,
53820 13 0.15,
53838 37 0.75,
53925 27 0.12,
53986 29 0.39,
54075 49 0.86,
54154 41 0.95,
54193 13 0.55,
54223 11 0.77,
54302 6 0.79,
54358 28 0.2,
54366 14 0.02,
54401 14 0.24,
54451 39 0.97,
54503 20 0.04,
54511 44 0.92,
54564 13 0.81,
54599 9 0.23,
54631 19 0.69,
54718 1 0.51,
54771 8 0.98,
54772 45 0.54,
54779 22 0.65,
54835 15 0.25,
54912 13 0.78,
54912 31 0.63,
54940 19 0.14,
54984 6 0.82,
54995 34 0.01,
55060 11 0.96,
55120 42 0.45,
55166 9 0.62,
55180 29 0.54,
55252 4 0.36,
55256 38 0.73,
55304 16 0.77,
55345 10 0.71,
55370 37 0.03,
55449 47 0.04,
55493 40 0.21,
55494 15 0.14,
55516 10 0.65,
55596 40 0.51,
55602 3 0.06,
55607 47 0.07,
55654 13 0.97,
55679 18 0.09,
55738 14 0.71,
55749 45 0.7,
55780 23 0.87,
55805 10 0.69,
55848 15 0.8,
55886 1 0.75,
55946 39 0.79,
55971 2 0.9,
56055 26 0.18,
56069 8 0.55,
56122 16 0.51,
56199 6 0.81,
56279 35 0.02,
56327 44 0.97,
56334 32 0.83,
56346 17 0.86,
56385 19 0.63,
56407 17 0.36,
56487 46 0.88,
56575 23 0.72,
56608 2 0.97,
56608 24 0.48,
56663 2 0.02,
56712 13 0.64,
56727 47 0.84,
56789 16 0.47,
56861 45 0.91,
56929 12 0.9,
56960 35 0.43,
57028 33 0.51,
57081 5 0.88,
57109 30 0.03,
57197 15 0.35,
57263 10 0.69,
57350 11 0.76,
57401 45 0.75,
57465 7 0.59,
57496 46 0.57,
57541 2 0.62,
57627 6 0.82,
57629 46 0.53,
57701 31 0.16,
57737 35 0.95,
57813 20 0.65,
57848 46 0.95,
57854 12 0.36,
57879 45 0.7,
57920 18 0.2,
58000 5 0.12,
58024 45 0.1,
58032 48 0.28,
58076 41 0.12,
58097 33 0.36,
58131 46 0.19,
58202 41 0.63,
58228 32 0.49,
58245 11 0.84,
58310 26 0.66,
58319 48 0.83,
58342 10 0.35,
58408 44 0.39,
58471 17 0.7,
58522 10 0.09,
58567 8 0.11,
58601 39 0.77,
58642 32 0.99,
58654 5 0.7,
58742 45 0.8,
58816 43 0.25,
58824 15 0.78,
58847 38 0.49,
58897 29 0.25,
58897 15 0.6,
58920 37 0.31,
58935 41 0.31,
58965 13 0.71,
59013 36 0.24,
59072 17 0.99,
59086 22 0.58,
59102 13 0.63,
59161 38 0.18,
59181 35 0.76,
59238 6 0.46,
59307 45 0.82,
59373 23 0.42,
59436 49 0.85,
59507 0 0.8,
59538 48 0.17,
59571 6 0.67,
59647 23 0.09,
59682 8 0.46,
59728 37 0.54,
59805 33 0.83,
59888 49 0.74,
59931 23 0.29,
59947 2 0.59,
59961 3 0.37,
60011 23 0.54,
60033 13 0.93,
60035 11 0.29,
60070 48 0.62,
60074 6 0.47,
60103 32 0.01,
60146 7 0.28,
60156 46 0.14,
60231 31 0.56,
60315 44 0.27,
60335 42 0.98,
60400 45 0.8,
60480 43 0.54,
60482 34 0.28,
60491 44 0.82,
60492 25 0.67,
60501 2 0.09,
60578 5 0.7,
60595 39 0.6,
60630 11 0.56,
60694 2 0.77,
60733 14 0.51,
60762 18 0.14,
60807 18 0.38,
60841 4 0.65,
60905 44 0.51,
60949 5 0.56,
61037 46 0.29,
61053 28 0.88,
61141 0 0.25,
61141 3 0.05,
61175 31 0.49,
61197 27 0.41,
61207 16 0.88,
61215 44 0.23,
61231 3 0.8,
61278 24 0.01,
61365 30 0.62,
61390 44 0.84,
61414 18 0.48,
61462 41 0.96,
61530 20 0.38,
61578 23 0.67,
61637 18 0.37,
61686 0 0.4,
61756 37 0.79,
61828 5 0.97,
61833 18 0.26,
61835 15 0.57,
61885 46 0.03,
61971 16 0.75,
62053 26 0.59,
62114 31 0.77,
62142 11 0.08,
62146 23 0.08,
62203 22 0.48,
62279 41 1.0,
62287 46 0.53,
62374 23 0.92,
62390 6 0.18,
62409 1 0.9,
62412 24 0.87,
62426 5 0.1,
62505 45 0.95,
62544 16 0.28,
62547 21 0.08,
62608 21 0.44,
62608 37 0.21,
62633 25 0.71,
62708 23 0.4,
62715 21 0.73,
62803 37 0.06,
62828 12 0.92,
62879 31 0.8,
62888 48 0.87,
62898 14 0.37,
62932 15 0.69,
62953 27 1.0,
62987 29 1.0,
63026 39 0.68,
63091 38 0.59,
63168 30 0.81,
63168 22 0.03,
63238 27 0.33,
63284 1 0.43,
63359 28 0.64,
63420 4 0.45,
63462 24 0.98,
63521 4 0.11,
63536 16 0.31,
63607 2 0.73,
63669 6 0.22,
63677 34 0.81,
63760 42 0.52,
63821 19 0.15,
63871 24 0.99,
63951 49 0.36,
63965 19 0.4,
64051 38 0.13,
64135 44 0.82,
64156 26 0.87,
64220 41 0.19,
64252 47 0.77,
64282 8 0.03,
64308 10 0.38,
64341 1 0.34,
64375 23 0.36,
64457 42 0.02,
64477 26 0.55,
64536 1 0.62,
64581 43 0.14,
64597 15 0.21,
64624 12 0.91,
64630 2 0.53,
64648 28 0.78,
64651 39 0.57,
64665 47 0.81,
64725 46 0.86,
64811 49 0.27,
64820 9 0.7,
64841 43 0.99,
64924 39 0.49,
64951 14 0.2,
64995 28 0.21,
65082 38 0.78,
65116 8 0.52,
65131 15 0.63,
65210 21 0.41,
65256 3 0.4,
65261 24 0.5,
65315 12 0.64,
65382 9 0.76,
65426 23 0.97,
65477 21 1.0,
65550 42 0.2,
65588 13 0.29,
65654 31 0.19,
65712 17 0.71,
65764 4 0.67,
65782 48 0.69,
65807 42 0.68,
65861 34 0.32,
65918 31 0.59,
65997 28 0.48,
66010 19 0.38,
66010 11 0.94,
66079 13 0.35,
66106 15 0.2,
66123 34 0.19,
66156 25 0.97,
66232 3 0.2,
66320 9 0.86,
66340 36 0.72,
66406 3 0.5,
66419 15 0.32,
66438 9 0.97,
66526 15 0.26,
66529 41 0.02,
66584 10 0.3,
66644 38 0.88,
66645 7 0.07,
66699 5 0.55,
66770 46 0.5,
66818 46 0.05,
66870 23 0.17,
66937 26 0.59,
66992 16 0.44,
67070 16 0.59,
67125 37 0.73,
67126 30 0.07,
67127 9 0.5,
67205 19 0.47,
67266 18 0.19,
67353 19 0.23,
67407 8 0.59,
67414 29 0.41,
67433 47 0.85,
67467 37 0.38,
67549 15 0.75,
67564 6 0.64,
67627 12 0.28,
67647 13 0.97,
67676 32 0.88,
67686 29 0.91,
67691 48 0.72,
67754 40 0.68,
67772 40 0.85,
67794 27 0.61,
67834 7 0.48,
67847 46 0.03,
67897 30 0.9,
67905 28 0.66,
67963 42 0.48,
67969 44 0.19,
68014 13 0.66,
68079 49 0.68,
68164 42 0.04,
68210 32 0.33,
68285 23 0.96,
68345 11 0.06,
68433 39 0.83,
68446 25 0.8,
68507 37 0.24,
68539 0 0.08,
68565 40 0.56,
68597 18 0.54,
68622 16 0.6,
68705 9 0.53,
68740 20 0.43,
68794 17 0.33,
68866 35 0.55,
68926 38 0.51,
68965 49 0.53,
69002 13 0.15,
69047 3 0.42,
69094 39 0.54,
69158 0 0.25,
69167 22 0.67,
69243 46 0.54,
69251 2 0.94,
69279 18 0.05,
69327 46 0.68,
69372 30 0.03,
69461 43 0.42,
69500 49 0.07,
69541 47 0.7,
69551 39 0.1,
69567 3 0.86,
69631 7 0.56,
69705 25 0.34,
69721 20 0.51,
69748 4 0.84,
69772 4 0.89,
69854 3 0.5,
69869 47 0.86,
69927 23 0.89,
69998 24 0.01,
70052 26 0.51,
70114 20 0.88,
70120 36 0.46,
70151 45 0.89,
70212 47 0.26,
70275 15 0.03,
70285 13 0.52,
70299 14 0.75,
70335 11 0.8,
70416 29 0.31,
70503 21 0.09,
70572 8 0.19,
70595 26 0.11,
70631 30 0.6,
70717 3 0.27,
70791 40 0.91,
70859 27 0.85,
70907 28 0.26,
70939 6 0.41,
70973 12 0.62,
70985 27 0.53,
70997 11 0.52,
71057 12 0.59,
71118 32 0.32,
71145 14 0.86,
71224 38 0.54,
71228 37 0.06,
71228 17 0.26,
71303 24 0.28,
71372 3 0.97,
71412 1 0.35,
71501 23 0.01,
71553 48 0.55,
71571 25 0.14,
71641 5 0.65,
71676 14 0.38,
71722 42 0.75,
71757 17 0.62,
71771 11 0.65,
71793 33 0.93,
71841 20 0.23,
71846 23 0.38,
71927 42 0.03,
71987 23 0.05,
72036 9 0.46,
72118 1 0.39,
72182 21 0.32,
72225 45 0.51,
72274 47 0.91,
72292 47 0.49,
72303 37 0.81,
72318 36 0.64,
72375 42 0.96,
72401 45 0.45,
72449 38 0.44,
72499 45 0.04,
72544 3 0.82,
72632 25 0.87,
72683 39 0.02,
72745 12 0.92,
72808 13 0.26,
72876 32 0.21,
72941 25 0.54,
72972 3 0.09,
73002 38 0.76,
73010 1 0.65,
73047 3 0.43,
73113 24 0.39,
73144 3 0.77,
73220 26 0.5,
73225 10 0.54,
73281 49 0.43,
73369 33 1.0,
73399 15 0.19,
73458 21 0.85,
73481 46 0.22,
73541 44 0.22,
73549 20 0.43,
73628 5 0.49,
73643 40 0.21,
73693 6 0.8,
73755 28 0.61,
73771 4 0.38,
73854 6 0.92,
73928 49 0.07,
74000 8 0.49,
74056 49 0.56,
74099 36 0.27,
74137 30 0.77,
74201 39 0.65,
74270 36 0.64,
74356 11 0.32,
74403 29 0.4,
74412 41 0.77,
74454 39 0.03,
74528 29 0.86,
74558 49 0.52,
74582 27 0.4,
74668 25 0.23,
74755 7 0.94,
74798 9 0.32,
74813 7 0.54,
74839 23 0.21,
74913 1 0.26,
74981 40 0.4,
74983 32 0.54,
75069 30 0.08,
75119 44 0.53,
75139 21 0.28,
75192 0 0.59,
75201 9 0.32,
75264 32 0.97,
75286 27 0.34,
75300 47 0.36,
75357 18 0.36,
75390 37 0.33,
75406 19 0.95,
75491 15 0.83,
75533 34 0.01,
75601 13 0.39,
75626 8 0.95,
75647 12 0.57,
75721 18 0.15,
75808 24 0.57,
75869 46 0.45,
75890 1 0.29,
75945 10 0.01,
76031 11 0.34,
76039 48 0.46,
76068 37 0.63,
76072 18 0.1,
76140 24 0.06,
76160 5 0.2,
76228 24 0.47,
76255 34 0.89,
76294 11 0.74,
76316 10 0.22,
76375 42 0.32,
76425 36 0.63,
76496 38 0.94,
76537 10 0.59,
76576 17 0.55,
76641 3 0.2,
76675 12 0.25,
76685 3 0.78,
76723 3 0.44,
76758 11 0.55,
76768 13 0.94,
76809 13 0.16,
76883 31 0.05,
76947 29 0.29,
77025 25 0.86,
77069 45 0.67,
77122 22 0.22,
77175 23 0.04,
77182 18 0.77,
77210 48 0.27,
77231 39 0.95,
77261 26 0.59,
77272 15 0.5,
77357 43 0.62,
77427 38 0.61,
77427 29 0.46,
77502 21 0.45,
77521 17 0.17,
77584 31 0.25,
77638 13 0.27,
77694 34 0.31,
77758 31 0.71,
77810 5 0.53,
77834 24 0.37,
77896 49 0.62,
77926 34 0.04,
77999 37 0.55,
78055 45 0.39,
78059 42 0.21,
78068 5 0.57,
78144 4 0.9,
78219 8 0.74,
78245 10 0.34,
78288 27 0.46,
78328 34 0.16,
78398 2 0.09,
78460 38 0.67,
78541 10 0.94,
78622 32 0.85,
78633 37 0.25,
78703 45 0.72,
78704 33 0.32,
78714 45 0.78,
78764 49 0.45,
78774 36 0.02,
78788 24 0.92,
78842 35 0.57,
78869 13 0.11,
78886 48 0.45,
78955 23 0.21,
78999 16 0.73,
79001 31 0.83,
79012 23 0.7,
79035 13 0.83,
79105 46 0.64,
79117 19 0.92,
79206 4 0.2,
79280 10 0.62,
79280 5 0.32,
79315 13 0.18,
79332 8 0.09,
79365 1 0.47,
79405 38 0.75,
79488 26 0.32,
79522 5 0.2,
79547 42 0.74,
79635 48 0.86,
79710 10 0.38,
79712 36 0.08,
79746 24 0.3,
79817 34 0.28,
79869 47 0.61,
79936 27 0.74,
80003 33 0.49,
80048 42 0.29,
80102 29 0.64,
80189 36 0.39,
80206 8 0.78,
80293 24 0.03,
80312 9 0.51,
80361 36 0.27,
80425 37 0.17,
80504 9 0.6,
80534 44 0.58,
80557 7 0.22,
80639 11 0.75,
80726 32 0.12,
80807 28 0.75,
80827 11 0.24,
80861 42 0.84,
80920 43 0.35,
80979 11 0.43,
81015 44 0.92,
81025 40 0.82,
81051 33 0.86,
81090 25 0.18,
81115 37 0.09,
81155 40 0.24,
81188 29 0.07,
81269 7 0.67,
81301 26 0.64,
81344 6 0.99,
81356 18 0.07,
81375 17 0.55,
81410 13 0.86,
81496 46 0.04,
81536 17 0.27,
81563 31 0.74,
81567 37 0.17,
81598 10 0.09,
81623 39 0.22,
81681 30 0.25,
81689 47 0.39,
81717 4 0.56,
81729 7 0.46,
81815 34 0.9,
81849 25 0.44,
81852 49 0.61,
81935 15 0.24,
81999 42 0.48,
82069 39 0.08,
82144 44 0.31,
82167 12 0.29,
82231 18 0.26,
82239 4 0.43,
82320 45 0.09,
82337 46 0.04,
82381 30 0.8,
82445 26 0.6,
82509 35 0.02,
82511 22 0.72,
82544 19 0.53,
82617 8 0.37,
82663 33 0.27,
82752 37 1.0,
82824 20 0.03,
82857 44 0.19,
82862 28 0.93,
82909 14 0.94,
82921 34 0.17,
82945 36 0.52,
82992 16 0.36,
83029 19 0.9,
83062 8 0.82,
83101 22 0.31,
83143 12 0.66,
83179 9 0.33,
83190 22 0.79,
83232 33 0.98,
83317 13 0.44,
83318 36 0.18,
83327 49 0.45,
83338 19 0.76,
83369 4 0.72,
83445 43 0.72,
83478 22 0.03,
83513 8 0.21,
83513 25 0.71,
83559 5 0.47,
83589 9 0.68,
83655 15 0.61,
83728 6 0.66,
83816 29 0.78,
83871 39 0.42,
83912 6 0.29,
83982 15 0.04,
84053 49 0.7,
84068 31 0.73,
84123 30 0.55,
84128 49 0.35,
84150 44 0.23,
84220 27 0.78,
84289 26 0.07,
84317 23 0.18,
84344 35 0.3,
84376 6 0.63,
84451 5 0.47,
84474 14 0.84,
84508 10 0.2,
84517 32 0.17,
84519 12 0.66,
84590 9 0.49,
84600 45 0.28,
84614 16 0.55,
84648 0 0.36,
84712 29 0.93,
84713 18 0.1,
84723 44 0.57,
84754 42 0.13,
84767 40 0.1,
84800 22 0.27,
84830 15 0.96,
84888 20 0.93,
84940 10 0.22,
84949 30 0.55,
85033 19 0.72,
85098 15 0.12,
85105 32 0.74,
85178 15 0.63,
85183 40 0.52,
85218 40 0.39,
85257 13 0.43,
85312 49 0.42,
85388 30 0.75,
85446 30 0.87,
85473 39 0.88,
85525 31 0.41,
85565 45 0.25,
85623 23 0.46,
85679 8 0.15,
85702 14 0.04,
85773 25 0.66,
85788 47 0.86,
85851 27 0.67,
85902 27 0.67,
85904 24 0.3,
85914 22 0.48,
85997 42 0.37,
86011 24 0.99,
86047 45 0.67,
86082 31 0.03,
86121 38 0.97,
86209 7 0.41,
86234 44 0.27,
86239 38 0.06,
86265 39 0.45,
86327 31 0.16,
86395 40 0.98,
86417 8 0.28,
86456 29 0.44,
86533 9 0.26,
86550 20 0.11,
86620 4 0.89,
86655 41 0.33,
86655 39 0.97,
86730 19 0.65,
86734 5 0.76,
86794 0 0.46,
86859 20 0.46,
86882 36 0.92,
86886 26 0.49,
86916 40 0.17,
86996 4 0.86,
87040 45 0.42,
87041 15 0.1,
87053 20 0.29,
87110 0 1.0,
87163 21 0.11,
87189 47 0.99,
87275 44 0.74,
87358 14 0.49,
87391 31 0.76,
87478 12 0.61,
87529 48 0.89,
87561 8 0.82,
87642 1 0.9,
87662 26 0.32,
87688 5 0.27,
87710 15 0.37,
87715 35 0.49,
87788 6 0.11,
87804 29 0.21,
87825 40 0.47,
87879 13 0.06,
87902 30 0.39,
87917 10 0.49,
87943 32 0.59,
87982 23 0.78,
88024 43 0.87,
88113 44 0.76,
88132 5 0.68,
88161 37 0.33,
88164 48 0.07,
88186 8 0.06,
88203 29 0.17,
88292 22 0.32,
88319 38 0.93,
88370 1 0.08,
88458 15 0.58,
88498 41 0.94,
88557 9 0.08,
88627 42 0.84,
88713 36 0.03,
88767 26 0.93,
88812 30 0.66,
88836 39 0.11,
88847 2 0.77,
88903 31 0.16,
88961 34 0.15,
89033 25 0.45,
89081 8 0.6,
89081 27 0.08,
89136 7 0.39,
89148 8 0.73,
89233 45 0.31,
89255 23 0.9,
89316 29 1.0,
89386 12 0.12,
89399 12 0.62,
89484 21 0.83,
89512 4 0.45,
89538 0 0.92,
89550 2 0.27,
89593 4 0.58,
89647 19 0.97,
89716 36 0.94,
89790 48 0.62,
89867 47 0.37,
89895 43 1.0,
89924 41 0.39,
89971 28 0.64,
89982 24 0.04,
90000 21 0.52,
90059 31 0.75,
90141 17 0.26,
90170 8 0.16,
90224 40 0.39,
90309 41 0.56,
90373 6 0.48,
90427 12 0.04,
90511 8 0.71,
90518 27 0.56,
90595 6 0.22,
90679 29 0.12,
90745 36 0.01,
90758 27 0.16,
90769 29 0.85,
90844 27 0.62,
90878 8 0.49,
90958 24 0.03,
91024 49 0.59,
91032 15 0.66,
91099 44 0.9,
91134 41 0.02,
91212 34 0.71,
91258 25 0.48,
91276 3 0.42,
91325 11 0.42,
91338 44 0.93,
91425 49 0.4,
91507 40 0.47,
91571 40 0.74,
91621 24 0.91,
91666 14 0.07,
91752 46 0.13,
91815 1 0.25,
91873 13 0.31,
91939 9 0.75,
91982 25 0.18,
92046 22 0.21,
92112 44 0.02,
92113 11 0.05,
92190 1 0.68,
92254 15 0.25,
92311 19 0.05,
92355 10 0.84,
92440 0 0.01,
92517 34 0.27,
92584 34 0.42,
92662 46 0.37,
92716 22 0.46,
92716 35 0.6,
92759 28 0.09,
92844 3 0.46,
92906 17 0.04,
92948 48 0.03,
92962 24 0.18,
92970 0 0.04,
93018 36 0.57,
93065 25 0.51,
93094 41 0.99,
93128 42 0.93,
93217 13 0.57,
93256 9 0.49,
93257 17 0.45,
93308 5 0.38,
93309 35 0.62,
93367 41 0.41,
93430 27 0.23,
93484 18 0.08,
93539 25 0.48,
93586 43 0.58,
93643 33 0.41,
93691 0 0.38,
93757 45 0.34,
93779 47 0.61,
93793 21 0.19,
93803 19 0.86,
93861 8 0.8,
93922 21 0.81,
93978 7 0.05,
93982 27 0.38,
93992 39 0.7,
94067 46 0.1,
94090 48 0.83,
94109 26 0.06,
94125 32 0.72,
94203 35 1.0,
94233 19 0.38,
94312 45 0.23,
94349 31 0.19,
94355 35 0.62,
94426 43 0.31,
94451 32 0.35,
94454 15 0.49,
94473 5 0.89,
94479 49 0.67,
94512 7 0.62,
94588 16 0.52,
94667 24 0.54,
94675 27 0.76,
94693 12 0.59,
94759 27 0.96,
94816 8 0.58,
94863 31 1.0,
94876 41 0.26,
94963 42 0.92,
94965 26 0.99,
95025 20 0.98,
95081 23 0.96,
95096 1 0.63,
95105 1 0.08,
95151 39 0.13,
95222 39 0.15,
95240 14 0.83,
95242 20 0.15,
95303 22 0.04,
95367 16 0.54,
95450 32 0.55,
95465 38 0.45,
95544 12 0.47,
95627 49 0.97,
95634 2 0.61,
95682 41 0.95,
95764 30 0.69,
95799 34 0.36,
95806 40 0.48,
95863 43 0.29,
95951 10 0.66,
95968 27 0.52,
96040 10 0.51,
96107 34 0.31,
96126 41 0.22,
96156 37 0.98,
96243 21 0.94,
96269 35 0.54,
96305 39 0.09,
96319 20 0.64,
96406 11 0.16,
96435 2 0.84,
96492 33 0.35,
96514 7 0.14,
96535 3 0.31,
96546 45 0.84,
96608 15 0.36,
96620 34 0.91,
96684 38 0.21,
96685 2 0.57,
96754 3 0.99,
96765 18 0.09,
96772 24 0.98,
96820 18 0.09,
96833 33 0.37,
96863 3 0.42,
96916 41 0.93,
97000 11 0.06,
97083 17 0.05,
97125 8 0.59,
97190 40 0.18,
97221 8 0.65,
97235 18 0.78,
97237 4 0.01,
97314 49 0.92,
97321 25 0.16,
97334 2 0.81,
97403 3 0.7,
97429 19 0.07,
97491 45 0.51,
97536 25 0.84,
97576 14 0.01,
97590 3 0.15,
97647 39 0.03,
97676 29 0.31,
97742 41 0.92,
97805 22 0.25,
97813 23 0.44,
97860 23 0.93,
97927 16 0.34,
97977 30 0.06,
97996 5 0.33,
98064 8 0.87,
98150 14 0.12,
98183 27 0.6,
98204 26 0.73,
98238 47 0.23,
98255 33 0.45,
98308 11 0.49,
98391 36 0.72,
98395 27 0.67,
98406 0 0.54,
98461 22 0.28,
98493 38 0.27,
98536 12 0.42,
98566 15 0.47,
98632 9 0.47,
98720 28 0.94,
98728 13 1.0,
98804 0 0.69,
98824 28 0.26,
98837 49 0.85,
98919 10 0.33,
98922 0 0.56,
98955 19 0.38,
98986 42 0.24,
99036 30 0.74,
99108 2 0.82,
99164 21 0.63,
99221 25 0.11,
99269 26 0.97,
99298 25 0.46,
99325 12 0.87,
99364 47 0.89,
99386 19 0.91,
99459 17 0.58,
99490 37 0.67,
99537 26 0.44,
99538 25 0.19,
99594 49 0.43,
99618 2 0.52,
99621 32 0.97,
99709 25 0.55,
99786 3 0.75,
99873 43 0.35,
99942 14 0.75,
100021 4 0.1,
100106 37 0.35,
100115 10 0.3,
100193 25 0.81,
100203 23 0.33,
100229 17 0.32,
100297 48 0.82,
100350 11 0.99,
100395 8 1.0,
100469 37 0.59,
100509 6 0.1,
100555 48 0.7,
100628 31 0.42,
100702 11 0.22,
100739 6 0.91,
100828 26 0.67,
100876 6 0.21,
100887 32 0.85,
100896 28 0.01,
100944 13 0.65,
100992 38 0.65,
101070 25 0.58,
101157 45 0.9,
101213 36 0.03,
101225 17 0.35,
101250 10 0.22,
101298 1 0.18,
101313 20 0.45,
101359 16 0.08,
101393 19 0.19,
101443 25 0.94,
101493 16 0.32,
101508 3 0.77,
101533 26 0.99,
101545 23 0.26,
101616 44 0.39,
101628 14 0.3,
101665 27 0.65,
101712 24 0.89,
101728 17 0.49,
101733 37 0.2,
101787 14 0.08,
101789 0 0.87,
101792 29 0.14,
101831 24 0.32,
101898 39 0.36,
101935 14 0.58,
101976 25 0.34,
101985 2 0.96,
102062 0 0.11,
102138 41 0.64,
102169 18 0.77,
102188 1 0.63,
102243 37 0.23,
102282 28 0.55,
102295 30 0.67,
102322 40 0.09,
102406 46 0.42,
102457 23 0.65,
102482 3 0.02,
102526 3 0.92,
102543 1 0.91,
102608 36 0.95,
102677 38 0.23,
102686 36 0.37,
102760 6 0.67,
102786 40 0.36,
102866 48 0.15,
102881 1 0.63,
102917 35 0.88,
102942 9 0.16,
102970 6 0.4,
103028 41 0.16,
103059 49 0.63,
103122 39 0.41,
103206 8 1.0,
103231 42 0.1,
103256 15 0.62,
103308 22 0.12,
103322 46 0.87,
103347 31 0.24,
103413 3 0.51,
103465 32 0.87,
103538 44 0.21,
103545 16 0.12,
103621 30 0.77,
103640 40 0.68,
103693 1 0.87,
103739 34 0.47,
103777 44 0.89,
103818 49 0.69,
103853 17 0.58,
103938 12 0.2,
103965 39 0.02,
104038 21 0.25,
104117 22 0.56,
104184 49 0.65,
104259 21 0.92,
104290 9 0.61,
104315 9 0.05,
104387 44 0.73,
104474 41 0.1,
104523 1 0.69,
104595 20 0.71,
104620 21 0.01,
104689 11 0.55,
104718 41 0.67,
104721 34 0.89,
104760 13 0.94,
104788 7 0.08,
104839 21 0.23,
104845 45 0.89,
104891 6 0.28,
104961 10 0.01,
104973 17 0.09,
105012 29 0.94,
105028 5 0.33,
105112 5 0.87,
105143 28 0.7,
105159 37 0.61,
105205 22 0.06,
105271 0 0.51,
105288 41 0.28,
105359 38 0.14,
105408 26 0.88,
105444 22 0.78,
105515 8 0.51,
105555 44 0.16,
105556 7 0.21,
105582 3 0.11,
105642 32 0.99,
105642 23 0.49,
105722 27 0.39,
105744 6 0.25,
105793 28 0.2,
105821 6 0.26,
105891 30 0.25,
105892 48 0.28,
105946 38 0.13,
106012 30 0.3,
106041 22 0.52,
106096 4 0.3,
106175 42 0.35,
106201 34 0.57,
106282 22 0.15,
106325 32 0.37,
106330 24 0.67,
106411 27 0.52,
106431 9 0.65,
106456 33 0.3,
106462 4 0.18,
106547 14 0.82,
106571 42 0.92,
106612 26 0.16,
106695 1 0.56,
106743 7 0.17,
106767 28 0.45,
106772 4 0.05,
106784 20 0.33,
106869 24 0.96,
106915 14 0.83,
106925 44 0.28,
106994 22 0.72,
107028 3 0.37,
107084 42 0.77,
107159 45 0.34,
107199 6 0.39,
107205 39 0.72,
107292 36 0.29,
107360 33 0.99,
107445 25 0.43,
107457 38 0.58,
107540 43 0.33,
107603 22 0.35,
107644 6 0.33,
107688 19 0.44,
107740 11 0.73,
107790 28 0.63,
107856 30 0.83,
107860 23 0.83,
107874 9 0.3,
107877 31 0.69,
107926 29 0.91,
107927 41 1.0,
107995 30 0.82,
108031 29 0.02,
108062 9 0.1,
108075 10 0.16,
108100 18 0.79,
108129 40 0.95,
108210 2 0.6,
108296 41 0.39,
108350 40 0.02,
108407 39 0.19,
108411 26 0.77,
108458 28 0.56,
108519 41 0.62,
108539 19 0.95,
108604 2 0.66,
108673 6 0.93,
108762 35 0.39,
108801 14 0.46,
108852 24 0.16,
108892 37 0.11,
108930 31 0.19,
108941 14 0.12,
108973 30 0.47,
109038 47 0.51,
109080 45 0.88,
109090 30 0.84,
109166 22 0.74,
109253 17 0.13,
109254 6 0.18,
109270 33 0.71,
109271 11 0.15,
109291 29 0.22,
109379 29 0.76,
109425 44 0.03,
109472 11 0.28,
109526 29 0.52,
109541 30 0.35,
109590 27 0.75,
109604 10 0.09,
109649 13 0.16,
109716 18 0.87,
109740 39 0.61,
109815 7 0.66,
109827 5 0.52,
109894 48 0.74,
109929 47 0.91,
110009 18 0.05,
110082 48 0.46,
110171 41 0.75,
110240 39 0.24,
110313 9 0.92,
110356 26 0.79,
110437 20 0.04,
110508 48 0.83,
110580 45 0.75,
110618 16 0.69,
110637 16 0.89,
110718 23 0.95,
110804 2 0.99,
110843 16 0.31,
110849 16 0.92,
110908 36 0.4,
110908 18 0.21,
110990 16 0.22,
111007 48 0.73,
111096 36 0.69,
111163 28 0.04,
111214 48 0.57,
111242 16 0.56,
111278 11 0.07,
111330 9 0.32,
111395 37 0.23,
111402 44 0.04,
111448 12 0.96,
111509 42 0.43,
111554 43 0.21,
111576 37 0.69,
111636 29 0.34,
111675 31 0.35,
111742 22 0.36,
111743 28 0.87,
111793 31 0.03,
111862 41 0.71,
111915 6 0.75,
111955 44 0.96,
112017 43 0.85,
112051 31 0.27,
112106 1 0.33,
112141 19 0.15,
112227 44 0.01,
112270 23 0.16,
112326 42 0.4,
112339 28 0.25,
112425 1 0.74,
112513 48 0.24,
112602 6 0.91,
112647 39 0.68,
112712 11 0.03,
112786 24 0.8,
112863 27 0.97,
112915 0 0.46,
112931 11 0.27,
112960 41 0.69,
113023 47 0.08,
113042 49 0.14,
113056 26 0.08,
113137 29 0.93,
113213 44 0.19,
113242 14 0.78,
113319 29 0.82,
113406 45 0.58,
113488 18 0.28,
113499 40 0.23,
113560 33 0.27,
113567 19 0.45,
113635 41 0.28,
113675 14 0.44,
113750 22 0.69,
113804 10 0.02,
113849 36 0.14,
113935 2 0.11,
113972 35 0.66,
114045 23 0.72,
114129 0 0.39,
114152 21 0.6,
114223 22 0.53,
114232 15 0.29,
114254 20 1.0,
114301 42 0.8,
114384 38 0.9,
114432 36 0.68,
114447 35 0.23,
114469 28 0.65,
114504 44 0.13,
114519 48 0.78,
114577 29 0.18,
114611 28 0.25,
114675 33 0.31,
114703 13 0.3,
114779 47 0.1,
114787 25 0.26,
114840 26 0.88,
114905 9 0.61,
114946 41 0.75,
115016 9 0.11,
115051 12 0.07,
115058 40 0.82,
115139 18 0.09,
115147 10 0.95,
115185 24 0.34,
115239 3 0.86,
115252 16 0.28,
115336 27 0.44,
115389 23 0.77,
115454 33 0.22,
115475 6 0.2,
115518 44 0.93,
115529 2 0.48,
115556 49 0.56,
115641 12 0.96,
115685 30 0.99,
115774 37 0.44,
115805 17 0.97,
115809 49 0.59,
115823 49 0.38,
115870 26 0.72,
115948 11 0.01,
115972 4 0.73,
116031 28 0.74,
116042 26 0.79,
116069 12 0.82,
116103 47 0.23,
116109 14 0.8,
116196 21 0.77,
116213 49 0.14,
116257 11 0.7,
116303 42 0.72,
116376 31 0.31,
116384 27 0.36,
116429 29 0.72,
116449 31 0.67,
116471 28 0.79,
116486 3 0.75,
116534 8 0.75,
116569 45 0.49,
116599 46 0.42,
116602 39 0.63,
116620 38 0.98,
116708 15 0.79,
116744 46 0.57,
116799 6 1.0,
116857 42 0.16,
116898 27 0.65,
116963 31 0.87,
116994 43 0.77,
117007 9 0.08,
117018 44 0.04,
117029 25 0.62,
117099 5 0.5,
117131 12 0.67,
117189 10 0.35,
117259 1 0.08,
117268 24 0.8,
117324 14 0.46,
117410 46 0.22,
117445 13 0.34,
117450 5 0.81,
117495 15 0.32,
117566 13 0.62,
117631 23 0.05,
117636 14 0.77,
117677 8 0.28,
117709 15 0.56,
117747 46 0.79,
117834 4 0.22,
117903 20 0.98,
117961 30 0.96,
118014 0 0.08,
118059 10 0.96,
118064 33 0.63,
118108 25 0.76,
118109 16 0.64,
118172 38 0.07,
118194 17 0.34,
118269 36 0.63,
118328 2 0.49,
118375 29 0.03,
118434 46 0.88,
118495 25 0.72,
118502 32 0.3,
118572 4 0.14,
118639 27 0.89,
118658 12 0.49,
118717 34 0.93,
118743 25 0.97,
118770 37 0.41,
118826 3 0.44,
118891 30 0.38,
118929 40 0.66,
118940 31 0.07,
118956 23 0.28,
119010 39 0.13,
119041 45 0.5,
119059 38 0.4,
119145 14 0.6,
119169 19 0.95,
119174 47 0.11,
119234 41 0.71,
119295 27 0.84,
119318 3 0.06,
119407 37 0.23,
119446 14 0.56,
119518 5 0.92,
119528 44 0.25,
119592 34 0.81,
119620 45 0.28,
119634 25 0.5,
119701 21 0.91,
119717 14 0.66,
119721 9 0.88,
119801 47 0.2,
119818 42 0.79,
119844 18 0.97,
119879 17 0.75,
119937 30 0.77,
120012 23 0.37,
120067 48 0.9,
120087 16 0.8,
120114 27 0.71,
120167 30 0.99,
120187 2 0.8,
120189 11 0.01,
120251 21 1.0,
120328 2 0.07,
120408 37 0.58,
120409 12 0.44,
120411 38 0.38,
120457 33 0.95,
120514 28 0.58,
120552 40 0.09,
120631 20 0.6,
120653 9 0.19,
120731 41 0.54,
120779 16 0.73,
120844 11 0.78,
120889 15 0.77,
120914 10 0.11,
120972 44 0.7,
120982 31 0.06,
121003 29 0.59,
121063 1 0.07,
121068 19 0.52,
121123 26 0.04,
121210 49 0.58,
121280 23 0.81,
121346 27 0.81,
121429 12 0.88,
121443 39 0.04,
121531 15 0.81,
121542 31 0.13,
121553 34 0.07,
121560 7 0.4,
121641 7 0.29,
121650 23 0.34,
121692 37 0.02,
121725 24 0.22,
121768 5 0.69,
121825 16 0.96,
121901 8 0.82,
121963 42 0.15,
121966 17 0.29,
122026 23 0.09,
122112 47 0.63,
122188 46 0.79,
122248 30 0.49,
122300 31 0.92,
122311 17 0.36,
122397 5 0.73,
122477 29 0.27,
122489 23 0.48,
122557 25 0.09,
122634 42 0.6,
122669 13 0.8,
122750 24 0.89,
122828 28 0.03,
122888 4 0.83,
122912 15 0.07,
122949 18 0.82,
122976 11 0.58,
122997 40 0.72,
123066 32 0.58,
123122 15 0.58,
123192 44 0.07,
123239 21 0.85,
123272 30 0.38,
123359 12 0.21,
123416 26 0.89,
123440 39 0.09,
123475 47 0.48,
123486 16 0.41,
123495 19 0.23,
123574 10 0.32,
123662 42 0.95,
123726 7 0.07,
123743 42 0.92,
123769 10 0.84,
123858 36 0.79,
123898 17 0.24,
123926 19 0.48,
123988 36 0.44,
124026 17 0.81,
124096 18 0.05,
124104 35 0.31,
124119 9 0.58,
124206 11 0.52,
124276 20 0.05,
124323 10 0.84,
124380 33 0.71,
124406 25 0.9,
124411 24 0.97,
124427 2 0.07,
124483 1 0.2,
124513 48 1.0,
124564 40 0.14,
124617 14 0.74,
124678 24 0.91,
124694 8 0.86,
124748 18 0.77,
124793 27 0.09,
124881 41 0.04,
124899 47 0.18,
124987 12 0.11,
124996 22 0.58,
125048 9 0.73,
125054 30 1.0,
125061 12 0.64,
125137 30 0.99,
125188 26 0.44,
125247 45 0.19,
125300 12 0.89,
125357 10 0.42,
125365 44 0.81,
125452 0 0.5,
125454 45 0.09,
125523 43 0.68,
125542 36 0.06,
125606 28 0.19,
125655 41 0.64,
125675 39 0.89,
125750 21 0.13,
125836 44 0.53,
125880 22 0.37,
125891 15 0.5,
125919 1 0.32,
125994 30 0.31,
126044 18 0.01,
126105 38 0.81,
126110 14 0.89,
126196 6 0.79,
126223 11 0.46,
126299 36 0.92,
126337 44 0.11,
126421 34 0.37,
126460 4 0.44,
126491 14 0.06,
126572 33 0.4,
126621 20 0.6,
126639 1 0.84,
126718 44 0.1,
126769 16 0.5,
126780 8 0.61,
126797 17 0.25,
126830 4 0.72,
126893 3 0.49,
126970 4 0.64,
126999 13 0.48,
127015 29 0.88,
127057 23 0.89,
127093 9 0.56,
127159 49 0.66,
127208 5 0.54,
127265 1 0.61,
127299 12 0.87,
127302 5 0.78,
127321 26 0.84,
127356 25 0.28,
127371 41 0.95,
127435 15 0.26,
127478 14 0.15,
127530 44 0.59,
127538 1 0.37,
127620 35 0.6,
127680 35 0.61,
127735 0 0.21,
127764 7 0.13,
127773 21 0.33,
127804 40 0.81,
127804 24 0.64,
127828 28 0.89,
127872 46 0.45,
127954 41 0.67,
127988 32 0.66,
127998 4 0.51,
128050 42 0.05,
128120 37 0.31,
128165 23 0.17,
128167 14 0.63,
128168 1 0.42,
128223 40 0.04,
128305 17 0.1,
128319 17 0.84,
128387 46 0.61,
128426 12 0.48,
128507 21 0.46,
128531 18 0.41,
128551 27 0.64,
128610 11 0.87,
128616 33 0.25,
128649 42 0.54,
128717 23 0.71,
128756 17 0.55,
128789 42 0.26,
128850 18 0.14,
128870 15 0.17,
128871 42 0.71,
128906 25 0.44,
128948 24 0.29,
129023 8 0.93,
129082 10 0.98,
129151 9 0.87,
129151 32 0.45,
129201 0 0.6,
129238 46 0.94,
129314 9 0.55,
129363 15 0.52,
129447 9 0.98,
129493 20 0.78,
129523 0 0.24,
129570 48 0.77,
129594 49 0.91,
129674 14 0.76,
129720 16 0.8,
129788 4 0.66,
129824 0 0.8,
129902 21 0.41,
129927 2 0.21,
129997 14 0.27,
130055 12 0.28,
130104 15 0.55,
130180 32 0.13,
130183 48 0.23,
130206 49 0.09,
130210 35 0.62,
130295 49 0.87,
130359 36 0.42,
130421 29 0.85,
130431 14 0.68,
130473 47 0.77,
130532 49 0.07,
130601 33 0.61,
130615 27 0.02,
130682 3 0.62,
130761 15 0.06,
130827 32 0.68,
130840 44 0.97,
130882 14 0.15,
130945 19 0.38,
130954 23 0.42,
130973 7 0.08,
131037 30 0.59,
131072 40 0.29,
131121 6 0.41,
131125 22 0.36,
131194 2 0.51,
131196 37 0.27,
131242 20 0.96,
131312 14 0.9,
131377 28 0.23,
131441 42 0.61,
131446 13 0.42,
131447 32 0.57,
131533 19 0.69,
131551 49 0.12,
131569 16 0.44,
131574 23 0.05,
131624 16 0.51,
131670 7 0.93,
131704 38 0.36,
131776 24 0.82,
131835 7 0.88,
131875 17 0.88,
131941 2 0.13,
131995 31 0.19,
132020 20 0.86,
132035 25 0.64,
132108 28 0.43,
132189 47 0.78,
132228 22 0.54,
132280 40 0.03,
132359 1 0.47,
132389 31 0.26,
132459 45 0.72,
132517 40 0.65,
132525 46 0.77,
132556 21 0.37,
132620 21 0.64,
132673 48 1.0,
132677 13 0.02,
132696 13 0.58,
132730 38 0.69,
132802 22 0.18,
132874 49 0.9,
132916 45 0.14,
132927 32 0.81,
132953 48 0.09,
133020 22 0.74,
133103 14 0.06,
133175 12 0.2,
133209 35 0.75,
133222 36 0.98,
133234 38 0.34,
133274 31 0.33,
133276 5 0.39,
133350 35 0.15,
133391 47 0.34,
133392 49 0.47,
133414 42 0.52,
133422 49 0.3,
133459 13 0.79,
133548 2 0.85,
133602 18 0.04,
133632 19 0.23,
133659 44 0.64,
133708 47 0.13,
133765 26 0.08,
133830 45 0.4,
133886 12 0.27,
133975 34 0.24,
134051 34 0.95,
134069 37 0.25,
134138 13 0.55,
134185 33 0.67,
134221 4 0.25,
134258 42 0.69,
134283 35 0.06,
134328 16 0.13,
134367 1 0.79,
134393 20 0.83,
134448 43 0.12,
134492 49 0.8,
134546 12 0.47,
134554 2 0.37,
134581 16 0.74,
134648 8 0.94,
134720 22 0.87,
134743 8 0.88,
134822 6 0.95,
134867 46 0.12,
134947 14 0.91,
134999 6 0.09,
135050 37 0.52,
135138 7 0.41,
135183 30 0.21,
135228 15 0.31,
135302 24 0.09,
135336 16 0.87,
135390 24 0.4,
135478 17 0.73,
135540 24 0.53,
135564 30 0.02,
135580 26 0.96,
135668 23 0.58,
135692 36 0.99,
135780 45 0.64,
135809 31 0.66,
135857 26 0.13,
135902 47 0.05,
135980 0 0.81,
136069 30 0.91,
136135 0 0.54,
136180 38 0.93,
136246 18 0.26,
136298 31 0.62,
136320 26 0.62,
136386 15 0.49,
136469 33 0.38,
136490 8 0.76,
136532 5 0.1,
136537 20 0.42,
136553 27 0.22,
136621 47 0.63,
136670 44 0.79,
136752 44 0.51,
136818 38 0.22,
136859 37 0.48,
136885 7 0.61,
136935 48 0.67,
137006 25 0.41,
137049 44 0.02,
137086 21 0.85,
137104 1 0.8,
137186 0 0.61,
137222 25 0.79,
137298 14 0.17,
137356 34 0.13,
137408 20 0.07,
137408 12 0.23,
137497 11 0.4,
137499 16 0.29,
137509 35 0.61,
137539 46 0.68,
137545 44 0.1,
137608 17 0.62,
137644 31 0.12,
137670 47 0.36,
137720 36 0.56,
137767 13 0.83,
137772 12 0.09,
137856 43 0.52,
137897 36 0.32,
137964 24 0.57,
138011 40 0.27,
138021 16 0.12,
138043 45 0.72,
138065 6 0.54,
138076 10 0.66,
138126 31 0.08,
138188 30 0.34,
138269 17 0.46,
138300 19 0.76,
138387 30 0.3,
138397 18 0.45,
138451 2 0.45,
138528 21 0.05,
138572 38 0.59,
138639 5 0.25,
138655 15 0.35,
138660 10 0.36,
138731 18 0.29,
138751 11 0.29,
138828 18 0.25,
138911 48 0.25,
138991 29 0.66,
138999 36 0.78,
139040 3 0.22,
139095 38 0.17,
139183 6 0.35,
139272 49 0.3,
139276 43 0.94,
139316 33 0.4,
139318 27 0.67,
139355 12 0.26,
139361 31 0.46,
139404 34 0.38,
139481 34 0.63,
139567 34 0.86,
139629 14 0.01,
139709 41 0.4,
139742 4 0.9,
139750 22 0.3,
139763 7 0.64,
139851 9 0.78,
139924 19 0.04,
139976 5 0.02,
140013 17 0.32,
140080 10 0.56,
140134 39 0.59,
140162 8 0.22,
140237 24 0.63,
140238 34 0.99,
140300 25 0.64,
140381 42 0.15,
140448 18 0.71,
140516 8 0.93,
140550 27 0.74,
140593 34 0.77,
140678 0 0.41,
140740 47 0.5,
140746 41 0.99,
140754 23 0.04,
140830 35 0.31,
140871 42 0.94,
140932 12 0.13,
140980 39 0.59,
141028 46 0.37,
141042 0 0.02,
141111 35 0.72,
141131 2 0.53,
141203 11 0.71,
141227 44 0.62,
141308 25 0.12,
141312 37 0.39,
141386 21 0.84,
141425 19 0.82,
141464 13 0.3,
141535 47 0.25,
141601 45 0.68,
141634 30 0.54,
141650 35 0.06,
141680 22 0.98,
141681 45 0.14,
141705 45 0.98,
141717 33 0.56,
141790 22 0.2,
141875 37 0.14,
141878 49 0.15,
141914 12 0.39,
141924 14 0.38,
141941 27 0.43,
141965 7 0.68,
141998 21 0.76,
142050 33 0.15,
142121 28 0.32,
142161 39 0.2,
142164 7 0.82,
142178 16 0.82,
142213 46 0.13,
142279 24 0.13,
142367 15 0.03,
142397 49 0.19,
142404 44 0.65,
142473 36 0.44,
142544 27 0.16,
142554 8 0.4,
142582 9 0.75,
142585 11 0.55,
142644 17 0.43,
142686 34 0.73,
142691 31 0.54,
142713 19 0.84,
142762 49 0.51,
142809 17 0.49,
142847 8 0.23,
142885 12 0.49,
142899 42 0.25,
142986 39 0.93,
143018 39 0.19,
143077 15 0.83,
143092 6 0.2,
143141 15 0.37,
143176 24 0.34,
143232 8 0.26,
143279 24 0.97,
143310 49 0.42,
143351 37 0.2,
143360 34 0.49,
143381 33 0.47,
143387 8 0.58,
143397 19 0.62,
143457 44 0.35,
143526 47 0.19,
143539 22 0.58,
143596 27 0.34,
143622 12 0.64,
143677 15 0.73,
143682 33 1.0,
143745 1 0.92,
143806 6 0.07,
143880 36 0.4,
143943 43 0.86,
143962 19 0.08,
144016 23 0.25,
144062 9 0.15,
144100 30 0.65,
144123 12 0.52,
144179 15 0.77,
144247 36 0.37,
144249 32 0.93,
144321 18 0.57,
144377 9 0.58,
144429 12 0.65,
144505 4 0.66,
144533 9 0.49,
144560 41 0.47,
144619 8 0.63,
144676 34 0.66,
144746 39 0.06,
144830 11 0.03,
144902 3 0.67,
144917 15 0.05,
144936 20 0.57,
144944 33 0.58,
144991 44 0.13,
144991 36 0.11,
145005 11 0.18,
145047 25 0.56,
145101 26 0.3,
145123 15 0.05,
145202 49 0.89,
145207 31 0.24,
145215 34 0.32,
145284 11 0.04,
145345 19 0.47,
145386 48 0.26,
145426 9 0.57,
145488 26 0.33,
145543 7 0.35,
145602 0 0.33,
145650 39 0.97,
145729 32 0.82,
145786 2 0.06,
145792 9 0.29,
145833 10 0.09,
145888 47 0.18,
145893 8 0.21,
145895 20 0.21,
145926 12 0.63,
145971 2 0.48,
146051 18 0.34,
146059 11 0.33,
146076 8 0.26,
146097 21 0.64,
146125 34 0.57,
146169 31 0.77,
146169 42 0.52,
146176 40 0.43,
146187 19 0.15,
146207 33 0.34,
146258 11 0.68,
146287 21 0.11,
146370 37 0.55,
146384 21 0.3,
146385 8 0.23,
146399 32 0.12,
146406 28 0.8,
146409 21 0.07,
146443 24 0.71,
146494 19 0.75,
146513 47 0.38,
146534 4 0.31,
146582 27 0.53,
146634 15 0.51,
146684 25 0.81,
146723 43 0.94,
146730 17 0.03,
146752 3 0.04,
146758 41 0.79,
146823 15 0.28,
146895 2 0.18,
146937 35 0.34,
146969 23 0.37,
146996 27 0.86,
147057 14 0.84,
147066 41 0.03,
147103 7 0.35,
147165 1 0.95,
147240 49 0.51,
147316 5 0.34,
147336 2 0.76,
147393 9 0.31,
147393 22 0.97,
147404 49 0.19,
147467 45 0.66,
147467 34 0.74,
147494 26 0.16,
147577 0 0.02,
147663 26 0.38,
147702 11 0.86,
147755 42 0.07,
147805 6 0.06,
147826 43 0.56,
147875 30 0.21,
147910 3 0.36,
147950 24 0.72,
148014 5 0.99,
148099 34 0.68,
148101 10 0.66,
148149 17 0.93,
148180 20 0.73,
148181 5 0.85,
148205 44 0.46,
148250 20 0.9,
148290 36 0.3,
148310 4 0.88,
148350 29 0.64,
148439 42 0.29,
148480 37 0.35,
148565 37 0.53,
148589 1 0.7,
148661 26 0.88,
148671 44 0.24,
148672 11 0.77,
148719 16 0.62,
148792 10 0.81,
148853 35 0.78,
148911 32 0.33,
148995 21 0.41,
149018 28 0.72,
149088 21 0.23,
149132 22 0.28,
149153 6 0.13,
149195 15 0.15,
149244 41 0.24,
149249 46 0.72,
149314 38 0.18,
149354 44 0.67,
149440 35 0.49,
149469 46 0.14,
149480 6 0.59,
149516 38 0.76,
149597 17 0.13,
149661 34 0.18,
149731 29 0.55,
149751 41 0.49,
149830 11 0.2,
149913 14 0.6,
149992 23 0.6,
149998 15 0.39,
150007 25 0.44,
150046 44 0.82,
150060 27 0.41,
150108 27 0.72,
150135 36 0.94,
150153 16 0.84,
150198 22 0.91,
150226 20 0.24,
150237 43 0.28,
150273 21 0.57,
150313 2 0.14,
150338 26 0.41,
150356 21 0.79,
150442 36 0.2,
150474 21 0.09,
150524 13 0.76,
150536 2 0.58,
150586 41 0.97,
150650 19 0.01,
150724 45 0.09,
150771 41 0.05,
150835 4 0.99,
150904 11 0.88,
150990 41 0.55,
151038 35 0.49,
151105 32 0.61,
151109 17 0.59,
151135 38 1.0,
151194 15 0.42,
151255 29 0.57,
151275 15 0.66,
151306 20 0.91,
151376 42 1.0,
151461 25 0.82,
151483 39 0.15,
151566 38 0.74,
151601 16 0.06,
151620 15 0.7,
151620 13 0.51,
151620 9 0.04,
151654 38 0.75,
151687 5 0.2,
151734 30 0.11,
151747 32 0.91,
151800 4 0.98,
151879 28 0.73,
151886 24 0.79,
151896 28 0.78,
151961 3 0.24,
152008 44 0.87,
152009 16 0.26,
152009 38 0.49,
152078 46 0.56,
152161 17 0.81,
152203 30 0.31,
152272 14 0.58,
152344 49 0.64,
152370 7 0.77,
152426 40 0.24,
152441 30 0.88,
152459 36 0.22,
152547 20 0.28,
152579 27 0.37,
152649 38 1.0,
152651 10 0.16,
152715 31 0.3,
152771 21 0.31,
152835 31 0.92,
152883 15 0.56,
152887 21 0.06,
152968 5 0.43,
153018 37 0.83,
153064 35 0.57,
153074 3 0.11,
153141 2 0.74,
153172 24 0.38,
153245 13 0.4,
153267 39 0.49,
153276 11 0.95,
153283 34 0.89,
153349 46 0.23,
153401 6 0.83,
153476 4 0.1,
153539 43 0.62,
153565 3 0.6,
153647 22 0.09,
153698 36 0.87,
153738 12 0.82,
153760 1 0.95,
153769 34 0.07,
153805 21 0.28,
153805 40 0.46,
153875 7 0.68,
153947 8 0.09,
154035 42 0.71,
154085 37 0.55,
154169 40 0.38,
154235 24 0.03,
154280 38 0.22,
154298 18 0.47,
154310 18 0.37,
154377 43 0.79,
154405 0 0.1,
154420 30 0.32,
154434 36 0.73,
154499 28 0.41,
154562 48 0.45,
154584 26 0.22,
154600 4 0.85,
154681 13 0.09,
154717 33 0.58,
154725 49 0.36,
154766 25 0.12,
154800 45 0.63,
154834 8 0.04,
154861 16 0.22,
154884 37 0.3,
154921 34 0.58,
154954 5 0.58,
154988 12 0.53,
155067 21 0.83,
155078 22 0.41,
155103 0 0.61,
155180 1 0.5,
155189 37 0.77,
155200 34 0.3,
155276 30 0.15,
155349 46 0.7,
155355 35 0.18,
155361 4 0.33,
155378 9 0.31,
155402 9 0.15,
155469 40 0.79,
155537 19 0.93,
155558 8 0.84,
155643 15 0.55,
155700 14 0.96,
155700 25 0.78,
155728 41 0.13,
155816 39 0.25,
155886 11 0.09,
155947 48 0.89,
155966 0 0.7,
156027 41 0.11,
156066 21 0.41,
156120 2 0.59,
156158 46 0.82,
156205 41 1.0,
156293 48 0.33,
156381 9 0.88,
156408 13 0.43,
156479 47 0.18,
156561 44 0.39,
156597 33 0.18,
156602 29 0.35,
156618 4 0.01,
156640 6 0.76,
156705 41 0.6,
156745 35 0.01,
156776 3 0.53,
156814 10 0.2,
156869 47 0.89,
156905 34 0.65,
156965 39 0.94,
156998 9 0.22,
157046 7 0.83,
157089 24 0.41,
157141 34 0.47,
157168 29 0.04,
157256 32 0.1,
157288 24 1.0,
157327 27 0.15,
157413 25 0.81,
157485 2 0.04,
157503 2 0.31,
157569 2 0.11,
157587 38 0.19,
157615 13 0.02,
157631 0 0.51,
157654 38 0.9,
157719 32 0.27,
157733 25 0.23,
157784 43 0.7,
157788 36 0.61,
157857 5 0.49,
157870 18 0.44,
157931 22 0.32,
157968 25 0.26,
158039 25 0.85,
158056 13 0.65,
158127 23 1.0,
158201 2 0.02,
158268 16 0.48,
158354 4 0.8,
158413 43 0.64,
158458 4 0.88,
158533 20 0.06,
158564 0 0.63,
158633 13 0.97,
158653 11 0.63,
158668 38 0.41,
158728 39 0.28,
158752 40 0.64,
158809 20 0.16,
158818 32 0.9,
158865 25 0.7,
158867 38 0.55,
158890 33 0.9,
158901 21 0.07,
158941 35 0.85,
158982 37 0.85,
159048 27 0.59,
159119 7 0.16,
159205 20 0.59,
159278 9 0.45,
159294 38 0.39,
159317 34 0.87,
159330 14 0.46,
159387 27 0.68,
159389 2 0.15,
159404 4 0.98,
159420 34 0.97,
159468 49 0.08,
159476 11 0.26,
159485 32 0.95,
159541 16 0.8,
159552 1 0.04,
159638 7 0.17,
159683 40 0.92,
159714 45 0.94,
159734 21 0.19,
159798 31 0.31,
159866 35 0.02,
159867 21 0.34,
159890 33 0.27,
159915 30 0.95,
159972 15 0.94,
159976 40 0.53,
160059 8 0.2,
160090 39 0.49,
160146 25 0.28,
160209 0 0.53,
160211 1 0.89,
160292 9 0.16,
160370 10 0.28,
160417 44 0.94,
160440 38 0.29,
160498 14 0.51,
160508 21 0.69,
160539 6 0.38,
160598 1 0.84,
160657 37 0.72,
160690 40 0.06,
160776 4 0.1,
160804 24 0.52,
160873 0 0.91,
160929 22 0.28,
160969 41 0.86,
161021 29 0.14,
161053 19 0.56,
161076 35 0.04,
161160 24 0.78,
161245 31 0.62,
161328 35 0.67,
161346 40 0.4,
161362 27 0.81,
161414 10 0.29,
161465 23 0.85,
161492 17 0.96,
161549 43 0.53,
161622 21 0.36,
161655 39 0.37,
161709 49 0.16,
161753 13 0.24,
161772 12 0.83,
161773 8 0.18,
161825 46 0.25,
161841 24 0.91,
161920 18 0.4,
161957 49 0.24,
162022 43 0.22,
162088 49 0.23,
162147 4 0.66,
162200 47 0.93,
162268 6 0.24,
162283 19 0.95,
162313 10 0.21,
162323 31 0.9,
162379 45 0.85,
162405 38 0.94,
162461 38 0.3,
162497 5 0.99,
162558 9 1.0,
162591 3 0.8,
162678 48 0.37,
162721 27 0.39,
162775 5 0.04,
162776 37 0.28,
162784 12 0.13,
162809 11 0.27,
162868 21 0.42,
162873 16 0.96,
162909 13 0.38,
162951 39 0.91,
162957 34 0.73,
162987 26 0.25,
163059 29 0.12,
163109 26 0.88,
163140 14 0.33,
163188 42 0.52,
163190 6 0.79,
163210 43 0.33,
163216 47 0.77,
163256 0 0.15,
163337 3 0.86,
163374 41 0.78,
163398 15 0.61,
163473 16 0.46,
163493 12 0.29,
163502 11 0.42,
163575 40 0.07,
163661 22 0.07,
163685 20 0.67,
163745 8 0.37,
163793 46 0.62,
163841 39 0.69,
163874 37 0.99,
163930 40 0.36,
163989 38 0.91,
164061 25 0.29,
164070 46 0.2,
164075 5 0.36,
164152 36 0.48,
164169 3 0.62,
164236 28 0.1,
164265 14 0.9,
164274 24 0.64,
164307 19 0.62,
164322 31 0.83,
164358 7 0.69,
164394 27 0.97,
164397 23 0.31,
164410 48 0.82,
164423 12 0.33,
164512 6 0.99,
164526 19 0.84,
164570 38 0.68,
164570 45 0.57,
164641 37 0.02,
164702 27 0.44,
164711 46 0.92,
164785 9 0.09,
164867 10 0.88,
164899 25 0.57,
164951 7 0.16,
164984 46 0.81,
165019 28 0.18,
165024 4 0.9,
165090 23 0.58,
165128 22 0.74,
165171 29 0.41,
165191 39 0.39,
165227 42 0.3,
165230 25 0.94,
165290 3 0.49,
165375 42 0.39,
165455 10 0.29,
165461 8 0.43,
165462 36 0.32,
165475 45 0.12,
165530 48 0.26,
165540 24 0.94,
165556 13 0.63,
165610 41 0.6,
165687 17 0.94,
165717 43 0.31,
165779 29 0.26,
165837 30 0.33,
165926 2 0.8,
165986 4 0.45,
166056 35 0.25,
166108 48 0.75,
166192 11 0.39,
166194 31 0.47,
166232 33 0.55,
166318 21 0.66,
166386 44 0.67,
166417 27 0.88,
166478 5 0.84,
166539 12 0.55,
166608 10 0.22,
166622 24 0.21,
166691 48 0.37,
166751 46 0.55,
166801 5 0.08,
166856 29 0.71,
166919 4 0.74,
166955 16 0.96,
167034 8 0.35,
167081 39 0.92,
167147 46 0.39,
167211 36 0.34,
167214 18 0.81,
167271 11 0.88,
167351 17 0.85,
167408 30 0.14,
167423 3 0.74,
167432 29 0.71,
167470 35 0.44,
167536 39 0.88,
167570 30 0.56,
167631 38 0.26,
167645 8 0.34,
167683 16 0.66,
167698 26 0.43,
167787 15 0.7,
167846 21 0.7,
167886 19 0.19,
167918 17 0.59,
167951 19 0.32,
168025 30 0.33,
168095 22 0.68,
168113 7 0.57,
168200 11 0.53,
168208 1 0.42,
168264 28 0.7,
168312 41 0.86,
168360 1 0.64,
168448 45 0.43,
168467 17 0.82,
168554 49 0.24,
168620 25 0.51,
168668 36 0.3,
168748 24 0.17,
168817 1 0.04,
168833 27 0.92,
168858 17 0.55,
168879 12 0.87,
168886 31 0.2,
168902 49 0.53,
168948 44 0.86,
168979 25 0.31,
169004 10 0.29,
169080 9 0.53,
169122 0 0.25,
169125 6 0.47,
169168 31 0.8,
169227 30 0.52,
169233 4 0.58,
169295 6 0.73,
169365 48 0.53,
169419 35 0.82,
169482 14 0.91,
169504 45 0.65,
169590 17 0.79,
169665 27 0.25,
169715 45 0.62,
169763 5 0.61,
169803 45 0.68,
169822 4 0.67,
169882 40 1.0,
169904 18 0.56,
169911 13 0.73,
169965 17 0.59,
170048 5 0.24,
170125 19 0.4,
170189 48 0.09,
170216 19 0.1,
170288 4 0.57,
170342 37 0.97,
170369 22 0.21,
170394 21 0.67,
170443 25 0.49,
170521 31 0.39,
170551 42 0.06,
170601 8 0.84,
170622 22 0.73,
170671 36 0.42,
170758 47 0.13,
170842 44 0.48,
170909 15 0.63,
170986 16 0.8,
170989 8 0.3,
171023 36 0.21,
171057 31 0.49,
171106 9 0.84,
171157 43 0.68,
171214 30 0.81,
171272 27 0.24,
171334 12 0.99,
171392 43 0.63,
171419 42 0.64,
171427 16 0.52,
171470 10 0.34,
171520 30 0.79,
171603 45 0.7,
171677 38 0.3,
171759 11 0.69,
171824 0 0.26,
171855 49 0.85,
171933 29 0.54,
172005 38 0.27,
172035 36 0.3,
172112 14 0.64,
172193 10 0.45,
172266 30 0.59,
172350 20 0.58,
172435 48 0.34,
172493 33 0.4,
172567 33 0.78,
172605 1 0.95,
172634 1 0.35,
172658 0 0.19,
172739 5 0.48,
172804 28 0.15,
172821 38 0.76,
172824 43 0.14,
172831 3 0.62,
172903 47 0.04,
172963 31 0.76,
172991 21 0.91,
173038 40 0.83,
173042 10 0.31,
173088 40 0.46,
173176 26 0.53,
173191 0 0.67,
173196 35 0.37,
173253 26 0.54,
173339 44 0.89,
173390 20 0.71,
173411 29 0.85,
173415 41 0.97,
173456 3 0.89,
173520 43 0.73,
173585 14 0.71,
173600 23 0.41,
173643 20 0.71,
173703 45 0.08,
173715 28 0.35,
173744 22 0.54,
173781 38 0.19,
173812 13 0.3,
173900 15 0.06,
173968 11 0.86,
174034 31 0.62,
174054 38 0.11,
174081 40 0.22,
174168 35 0.87,
174182 40 0.74,
174249 13 0.5,
174304 38 0.35,
174325 4 0.28,
174357 39 0.92,
174364 40 0.02,
174423 37 0.72,
174484 27 0.54,
174489 28 0.99,
174507 25 0.39,
174584 37 0.27,
174603 40 0.38,
174655 1 0.35,
174729 16 0.52,
174738 9 0.31,
174774 34 0.88,
174859 16 0.18,
174877 0 0.28,
174929 35 0.62,
174979 5 0.58,
175036 49 0.03,
175124 33 0.92,
175202 38 0.08,
175279 23 0.42,
175359 44 0.92,
175368 27 0.75,
175449 3 0.11,
175513 7 0.69,
175514 33 0.51,
175564 40 0.41,
175615 17 0.32,
175668 39 0.87,
175670 34 0.93,
175740 36 0.62,
175761 0 0.61,
175814 5 0.98,
175818 48 0.84,
175887 38 0.18,
175924 19 0.24,
175929 44 0.46,
175992 21 0.56,
176063 25 0.97,
176086 46 0.41,
176126 11 0.58,
176158 17 0.9,
176224 7 0.3,
176292 40 0.55,
176366 48 0.12,
176383 18 0.67,
176442 23 0.92,
176475 43 0.66,
176564 33 0.77,
176605 19 0.24,
176673 36 0.57,
176703 29 0.42,
176755 30 0.67,
176802 31 0.18,
176891 14 0.88,
176955 35 0.37,
177004 4 0.63,
177036 27 0.23,
177058 8 0.73,
177098 30 0.91,
177152 23 0.17,
177186 23 0.28,
177262 3 0.42,
177319 4 0.55,
177327 0 0.91,
177409 3 0.36,
177441 17 0.77,
177460 3 0.96,
177547 3 0.93,
177551 1 0.04,
177584 31 0.97,
177614 22 0.24,
177651 6 0.47,
177701 2 0.79,
177722 27 0.2,
177775 33 0.59,
177822 14 0.06,
177896 11 0.1,
177951 41 0.03,
178039 27 0.71,
178114 3 0.29,
178138 42 0.66,
178146 37 0.58,
178211 18 0.79,
178256 47 0.29,
178296 38 0.47,
178318 19 0.53,
178365 11 0.89,
178376 32 0.04,
178388 32 0.75,
178437 41 0.58,
178521 21 0.28,
178544 37 0.6,
178581 14 0.73,
178614 5 0.59,
178628 19 0.93,
178686 10 0.84,
178771 40 0.36,
178788 5 0.43,
178813 48 0.22,
178860 18 0.94,
178878 22 0.21,
178939 10 0.83,
179020 26 0.46,
179085 39 0.41,
179124 2 0.67,
179137 45 0.54,
179185 17 0.41,
179196 18 0.92,
179272 5 0.8,
179340 9 0.91,
179424 18 0.88,
179505 14 0.98,
179530 42 0.83,
179618 36 0.58,
179631 0 0.62,
179642 17 0.37,
179675 3 0.56,
179698 23 0.98,
179756 47 0.77,
179813 26 0.62,
179897 34 0.59,
179935 22 0.43,
179970 32 0.1,
180040 29 0.08,
180122 10 0.31,
180133 46 0.25,
180170 40 0.26,
180197 19 0.77,
180277 33 0.28,
180342 32 0.6,
180401 48 0.39,
180469 39 0.19,
180539 23 0.76,
180562 32 0.85,
180625 43 0.96,
180708 3 0.14,
180795 46 0.29,
180841 36 0.2,
180929 48 0.04,
180978 1 1.0,
181022 32 0.96,
181037 42 0.63,
181124 48 0.77,
181192 1 0.43,
181253 47 0.47,
181296 33 0.54,
181370 2 0.75,
181378 38 0.14,
181444 29 0.12,
181496 41 0.63,
181531 27 0.75,
181594 26 0.31,
181668 9 0.18,
181704 25 0.76,
181793 5 0.11,
181868 28 0.42,
181939 7 0.02,
181945 49 0.44,
181984 30 0.65,
182006 41 0.69,
182085 12 0.7,
182105 44 0.37,
182112 18 0.93,
182193 9 0.77,
182252 21 0.54,
182253 41 0.48,
182334 7 0.03,
182361 43 0.36,
182424 10 0.38,
182437 13 0.33,
182514 39 0.93,
182528 34 0.17,
182550 30 0.2,
182612 2 0.07,
182684 22 0.04,
182703 38 0.33,
182771 37 0.74,
182777 27 0.17,
182822 1 0.1,
182835 48 0.3,
182846 45 0.59,
182865 18 0.84,
182884 11 0.04,
182951 49 0.51,
183033 21 0.35,
183103 23 0.33,
183151 31 0.12,
183179 48 0.48,
183242 9 0.05,
183277 26 0.74,
183290 21 0.95,
183371 0 0.64,
183397 47 0.19,
183465 32 0.55,
183466 42 0.7,
183467 23 0.12,
183556 8 0.1,
183568 42 0.8,
183643 0 0.83,
183718 12 0.55,
183807 30 0.8,
183845 16 0.2,
183851 44 0.55,
183863 39 0.62,
183881 35 0.4,
183948 0 0.29,
183962 2 0.08,
183977 0 0.12,
184022 7 0.64,
184043 26 0.74,
184058 1 0.57,
184087 19 0.55,
184162 48 0.31,
184171 6 0.1,
184173 14 0.4,
184226 8 0.56,
184237 18 0.11,
184241 18 0.72,
184278 29 0.24,
184309 47 0.52,
184314 45 0.24,
184398 15 0.29,
184478 29 0.15,
184511 26 0.97,
184587 40 0.37,
184630 24 0.05,
184713 31 0.45,
184780 6 0.16,
184823 21 0.42,
184849 0 0.28,
184929 3 0.05,
184963 22 0.09,
184996 48 0.98,
185029 29 0.39,
185034 15 0.27,
185042 37 0.83,
185098 34 0.74,
185115 8 0.05,
185120 4 0.14,
185175 38 0.91,
185195 43 0.78,
185231 16 0.96,
185317 30 0.26,
185355 17 0.39,
185431 44 0.87,
185517 38 0.37,
185588 40 0.46,
185613 10 0.46,
185637 5 0.69,
185687 25 0.14,
185763 21 0.37,
185810 46 0.84,
185830 14 0.7,
185892 22 0.94,
185935 31 0.03,
185944 13 0.83,
186032 33 0.32,
186039 39 0.48,
186122 2 0.71,
186160 6 0.74,
186240 11 0.89,
186327 5 0.79,
186399 20 0.91,
186418 25 0.56,
186439 0 0.53,
186522 38 0.21,
186585 8 0.46,
186585 49 0.86,
186659 33 0.04,
186714 43 0.63,
186743 4 0.48,
186826 13 0.62,
186880 9 0.32,
186967 3 0.27,
186999 37 0.83,
187056 19 0.2,
187137 6 0.78,
187155 25 0.75,
187189 35 0.3,
187210 7 0.76,
187239 17 0.82,
187281 27 0.41,
187318 34 0.92,
187358 22 0.58,
187441 27 0.82,
187502 30 0.68,
187524 10 1.0,
187595 31 0.98,
187634 27 0.11,
187681 5 0.98,
187726 5 0.73,
187761 39 0.33,
187833 42 0.58,
187846 41 0.87,
187854 0 0.31,
187916 40 0.33,
187987 31 0.16,
188032 25 0.38,
188071 16 0.82,
188095 18 0.77,
188108 38 0.28,
188175 1 0.95,
188211 13 0.99,
188246 3 0.36,
188330 49 0.2,
188396 5 0.31,
188456 14 0.24,
188507 48 0.52,
188590 49 0.32,
188620 11 0.35,
188678 43 0.29,
188725 11 0.87,
188725 13 0.25,
188809 35 0.34,
188878 48 0.8,
188918 0 0.93,
188918 20 0.39,
188920 24 0.41,
188962 1 0.32,
189011 14 0.81,
189023 10 0.67,
189031 34 0.35,
189090 30 0.86,
189137 9 0.94,
189196 36 0.74,
189210 26 0.23,
189282 42 0.34,
189308 1 0.42,
189324 14 0.87,
189398 1 0.89,
189457 6 0.02,
189472 32 0.41,
189508 49 0.44,
189526 12 0.83,
189559 9 0.86,
189562 8 0.09,
189612 47 0.62,
189656 14 0.61,
189713 22 0.6,
189747 17 0.62,
189807 6 0.63,
189840 37 0.39,
189909 37 0.14,
189957 21 0.45,
190002 28 0.55,
190046 16 0.18,
190105 26 0.67,
190161 20 0.41,
190191 30 0.09,
190217 21 0.79,
190224 10 0.42,
190249 49 0.58,
190275 7 0.88,
190325 15 0.36,
190336 10 0.05,
190348 28 0.29,
190436 38 0.54,
190519 9 0.49,
190556 39 0.94,
190626 22 0.56,
190712 38 0.31,
190796 20 0.21,
190822 17 0.56,
190860 22 0.41,
190891 11 0.56,
190927 3 0.59,
190944 33 0.67,
191000 30 0.52,
191057 7 0.72,
191137 18 0.61,
191174 37 0.39,
191196 39 0.29,
191247 29 0.15,
191307 27 0.65,
191386 3 0.26,
191459 15 0.12,
191515 41 0.12,
191585 29 0.47,
191600 40 0.38,
191608 4 0.56,
191613 30 0.16,
191620 15 0.49,
191664 43 0.56,
191704 37 1.0,
191772 33 0.9,
191837 19 0.4,
191840 49 0.66,
191926 12 0.25,
192008 47 0.06,
192030 35 0.19,
192041 6 0.85,
192106 9 0.53,
192169 2 0.44,
192218 48 0.69,
192282 27 0.87,
192295 13 0.42,
192346 34 0.04,
192418 28 0.86,
192444 1 0.61,
192530 9 0.27,
192538 35 0.59,
192588 38 0.83,
192657 49 0.87,
192663 45 0.9,
192747 47 0.2,
192830 26 0.03,
192907 39 0.3,
192918 4 0.48,
193005 49 0.48,
193045 28 0.02,
193066 16 0.75,
193106 47 0.73,
193194 25 0.31,
193269 41 0.64,
193343 41 0.74,
193419 6 0.92,
193476 12 0.78,
193489 17 0.28,
193548 4 0.5,
193594 29 0.52,
193683 2 0.58,
193731 15 0.09,
193758 4 0.86,
193775 5 0.77,
193862 28 0.48,
193910 43 0.2,
193984 27 0.64,
194066 43 0.55,
194118 24 0.23,
194151 5 0.68,
194180 20 1.0,
194220 21 0.22,
194303 44 0.47,
194345 24 0.41,
194389 32 0.74,
194423 16 0.69,
194447 35 0.85,
194487 9 0.47,
194528 19 0.01,
194603 46 0.24,
194656 14 0.79,
194687 22 0.26,
194721 46 0.54,
194775 12 0.28,
194805 18 0.94,
194891 40 0.48,
194915 38 0.81,
194995 47 0.43,
195006 10 0.32,
195017 1 0.38,
195058 37 0.14,
195119 11 0.55,
195131 33 0.02,
195189 17 0.6,
195204 36 0.2,
195271 29 0.16,
195313 29 1.0,
195387 48 0.1,
195432 11 0.48,
195448 42 0.2,
195454 23 0.18,
195477 20 0.75,
195494 29 0.08,
195567 44 0.23,
195621 13 0.2,
195673 13 0.8,
195681 25 0.06,
195734 31 0.36,
195822 47 0.07,
195886 48 0.09,
195943 16 0.3,
195989 24 0.74,
196052 12 0.67,
196135 6 0.73,
196196 2 0.67,
196261 44 0.87,
196326 30 0.56,
196337 46 0.35,
196403 23 0.88,
196487 5 0.11,
196546 29 0.1,
196631 36 0.96,
196673 22 0.45,
196717 36 0.7,
196802 29 0.73,
196809 10 0.62,
196880 5 0.28,
196940 38 0.16,
196981 49 0.37,
197012 5 0.34,
197025 28 0.75,
197107 24 0.99,
197156 16 0.79,
197230 40 0.08,
197257 37 0.99,
197278 29 0.96,
197352 18 0.96,
197408 7 0.73,
197474 18 0.45,
197508 25 0.84,
197529 11 0.1,
197537 41 0.54,
197549 39 0.57,
197619 37 0.65,
197691 1 0.16,
197777 45 0.91,
197785 23 0.69,
197832 41 0.13,
197856 39 0.49,
197934 29 0.85,
198006 21 0.96,
198006 36 0.52,
198026 12 0.89,
198060 7 0.78,
198132 17 0.37,
198150 11 0.74,
198168 12 0.48,
198199 33 0.48,
198228 28 0.65,
198267 49 0.13,
198308 4 0.41,
198346 14 0.89,
198399 42 0.67,
198438 42 0.99,
198451 47 0.03,
198519 44 0.74,
198533 42 0.07,
198582 42 0.07,
198631 12 0.25,
198661 4 0.46,
198699 11 0.46,
198738 5 0.34,
198746 41 0.05,
198825 5 0.65,
198856 33 0.3,
198890 5 0.89,
198970 49 0.07,
199010 23 0.22,
199088 8 0.58,
199157 39 0.48,
199167 26 0.79,
199205 10 0.32,
199280 27 0.83,
199339 26 0.01,
199341 13 0.21,
199378 35 0.96,
199419 6 0.01,
199477 28 0.43,
199530 28 0.71,
199585 10 0.23,
199624 20 0.15,
199663 24 0.87,
199674 47 0.28,
199699 24 0.45,
199719 11 0.66,
199776 5 0.28,
199839 3 0.57,
199894 8 0.98,
199903 41 0.34,
199977 10 0.62,
199991 33 0.07,
200055 45 0.22,
200096 29 0.3,
200127 36 0.7,
200209 3 0.8,
200264 35 0.33,
200301 44 0.85,
200354 31 0.89,
200359 24 0.46,
200431 14 0.32,
200464 20 0.64,
200465 14 0.31,
200476 41 0.42,
200551 22 0.49,
200586 17 0.2,
200603 23 0.73,
200629 29 0.16,
200652 11 0.04,
200691 38 0.88,
200759 25 0.53,
200830 49 0.02,
200887 44 0.14,
200890 34 0.44,
200974 15 0.54,
201014 39 0.65,
201092 24 0.29,
201125 27 1.0,
201148 7 0.62,
201156 48 0.56,
201198 10 0.53,
201228 26 0.3,
201244 35 0.66,
201333 12 0.42,
201397 29 0.97,
201404 2 0.7,
201483 38 0.88,
201571 2 0.12,
201618 17 0.65,
201666 38 0.55,
201733 30 0.03,
201760 49 0.45,
201784 49 0.65,
201786 15 0.81,
201843 41 0.26,
201917 19 0.73,
201938 5 0.47,
202018 5 0.1,
202020 27 0.9,
202054 46 0.56,
202103 33 0.39,
202191 45 0.5,
202231 15 0.93,
202292 34 0.92,
202369 15 0.47,
202393 23 0.63,
202423 25 0.67,
202436 32 0.09,
202517 0 0.48,
202597 12 0.65,
202650 20 0.48,
202720 39 0.69,
202803 46 0.16,
202822 19 0.9,
202891 20 0.2,
202897 1 1.0,
202902 29 0.37,
202941 6 0.14,
202969 40 0.82,
203007 24 0.02,
203041 10 0.29,
203093 42 0.05,
203108 23 0.34,
203155 16 0.23,
203209 10 0.23,
203264 14 0.09,
203268 15 0.93,
203320 25 0.1,
203363 42 0.92,
203411 27 0.49,
203443 1 0.34,
203461 39 0.25,
203540 10 0.76,
203557 12 0.15,
203611 24 0.11,
203692 11 0.85,
203767 36 0.45,
203829 0 0.27,
203886 28 0.53,
203921 17 0.76,
203935 4 0.23,
203941 38 0.34,
203972 0 0.27,
204032 33 0.52,
204058 5 0.51,
204130 39 0.85,
204137 4 0.32,
204142 7 0.17,
204177 32 0.99,
204246 19 0.22,
204268 0 0.44,
204295 46 0.41,
204336 43 0.12,
204419 41 0.85,
204437 35 0.46,
204514 19 0.37,
204515 27 0.68,
204579 4 0.32,
204603 42 0.68,
204613 46 0.89,
204698 24 0.46,
204735 28 0.2,
204745 36 0.23,
204812 0 0.68,
204861 30 0.15,
204934 12 0.94,
204975 41 0.8,
205025 13 0.39,
205105 36 0.56,
205177 26 0.55,
205189 7 0.71,
205250 33 0.24,
205256 36 0.64,
205323 46 0.98,
205391 0 0.82,
205409 27 0.03,
205415 8 0.17,
205468 22 0.11,
205512 14 0.56,
205557 48 0.22,
205614 37 0.78,
205692 32 0.38,
205733 43 0.01,
205738 8 0.95,
205812 14 0.08,
205864 42 0.19,
205918 15 0.89,
205935 38 0.32,
205964 45 0.53,
206009 44 0.11,
206065 32 0.75,
206078 7 0.65,
206138 18 0.47,
206223 14 0.01,
206230 36 0.14,
206230 13 0.79,
206275 41 0.92,
206302 4 0.08,
206315 35 0.9,
206342 33 0.82,
206431 39 0.01,
206491 49 0.74,
206530 45 0.95,
206530 43 0.79,
206573 40 0.55,
206634 43 0.24,
206634 4 0.16,
206689 40 0.42,
206744 15 0.97,
206798 49 0.66,
206803 26 0.58,
206833 10 0.75,
206887 9 0.85,
206948 39 0.76,
206958 1 0.63,
206965 45 0.18,
207045 11 0.35,
207086 1 0.06,
207098 11 0.4,
207099 47 0.2,
207136 46 0.71,
207203 36 0.14,
207274 14 0.67,
207306 40 0.52,
207360 2 0.89,
207410 21 0.1,
207441 7 0.31,
207443 49 0.08,
207498 36 0.13,
207511 45 0.46,
207558 29 0.69,
207606 32 0.79,
207688 18 0.53,
207776 13 0.89,
207835 41 0.23,
207863 13 0.67,
207928 10 0.71,
207944 45 0.4,
208017 16 0.46,
208070 29 0.21,
208084 32 0.58,
208139 3 0.52,
208189 42 0.07,
208244 29 0.48,
208320 9 0.36,
208351 16 0.44,
208376 22 0.09,
208438 31 0.89,
208452 44 0.72,
208456 2 0.56,
208492 13 0.75,
208527 32 0.83,
208609 41 0.41,
208609 5 0.58,
208612 7 0.84,
208667 27 0.94,
208691 9 0.56,
208737 38 0.64,
208820 16 0.14,
208851 26 0.95,
208866 11 0.13,
208902 13 0.44,
208922 40 0.23,
209011 25 0.37,
209067 4 0.36,
209086 21 0.82,
209170 24 0.09,
209183 14 0.82,
209265 10 0.23,
209353 46 0.47,
209386 17 0.3,
209390 48 0.48,
209478 48 0.31,
209541 16 0.99,
209607 25 0.87,
209647 21 0.15,
209720 26 0.81,
209749 36 0.8,
209795 43 0.91,
209813 39 0.75,
209832 35 0.19,
209850 15 0.5,
209936 2 0.67,
209963 14 0.01,
209971 16 0.06,
209989 43 0.87,
210051 7 0.4,
210087 40 0.57,
210138 39 0.53,
210152 2 0.71,
210215 11 0.02,
210260 24 0.29,
210314 34 0.44,
210362 39 0.86,
210363 30 0.05,
210400 12 0.32,
210485 13 0.51,
210498 24 0.27,
210505 47 0.26,
210556 29 0.8,
210604 4 0.19,
210635 43 0.55,
210670 30 0.16,
210691 31 0.53,
210767 16 0.18,
210770 2 0.21,
210849 1 0.4,
210876 39 0.77,
210891 22 0.5,
210967 29 0.23,
211048 19 0.61,
211078 12 0.19,
211084 26 0.9,
211108 5 0.18,
211169 22 0.07,
211186 41 0.07,
211190 0 0.64,
211218 22 0.68,
211218 36 0.35,
211268 11 0.5,
211346 26 0.88,
211370 45 0.42,
211421 48 0.31,
211508 21 0.33,
211552 18 0.81,
211594 10 0.38,
211621 21 0.09,
211681 35 0.52,
211719 27 0.25,
211764 6 0.37,
211822 24 0.43,
211851 25 0.88,
211869 4 0.59,
211911 22 0.44,
211963 2 0.17,
211965 35 0.6,
212037 11 0.25,
212119 32 0.87,
212175 21 0.27,
212214 32 0.07,
212254 47 0.24,
212307 14 0.04,
212322 19 0.33,
212400 45 0.52,
212456 43 0.22,
212492 4 0.49,
212519 2 0.47,
212585 48 0.62,
212600 39 0.21,
212634 7 0.15,
212638 1 0.93,
212653 1 0.67,
212682 27 0.55,
212744 14 0.33,
212822 41 0.6,
212843 31 0.76,
212913 15 0.61,
212993 27 0.99,
212997 22 0.86,
213080 41 0.78,
213127 2 0.91,
213128 45 0.36,
213135 48 0.38,
213162 41 0.5,
213226 22 0.52,
213234 12 0.49,
213254 44 0.07,
213301 47 0.99,
213304 41 0.19,
213305 34 0.29,
213389 33 0.21,
213448 21 0.24,
213530 7 0.36,
213589 42 0.61,
213608 37 0.56,
213655 30 0.29,
213698 31 0.14,
213711 1 0.26,
213745 49 0.73,
213827 13 0.57,
213897 31 0.73,
213969 46 0.36,
213969 17 0.2,
214042 35 0.55,
214085 10 0.62,
214114 46 0.04,
214119 10 0.28,
214133 19 0.02,
214160 21 0.42,
214234 26 0.84,
214298 15 0.86,
214318 10 0.8,
214405 20 0.83,
214453 29 0.52,
214475 4 0.31,
214489 31 0.92,
214524 46 0.54,
214555 48 0.72,
214560 36 0.48,
214642 45 0.33,
214655 29 0.09,
214740 3 0.6,
214779 24 0.19,
214804 39 0.89,
214862 5 0.88,
214923 46 0.87,
214986 9 0.24,
214994 17 0.91,
215078 46 0.95,
215109 43 0.78,
215132 2 0.02,
215160 44 0.48,
215167 34 0.03,
215237 5 0.1,
215301 47 0.97,
215301 5 0.1,
215310 21 0.71,
215327 12 0.14,
215378 7 0.27,
215432 9 0.91,
215478 41 0.85,
215516 17 0.26,
215578 9 0.3,
215598 40 0.45,
215638 21 0.66,
215694 40 0.4,
215704 13 0.39,
215727 26 0.08,
215783 15 0.36,
215866 48 0.15,
215905 46 0.39,
215947 35 0.2,
216000 46 0.51,
216002 21 0.34,
216088 19 0.85,
216123 30 0.25,
216208 31 0.05,
216240 12 0.88,
216251 45 0.07,
216325 33 0.57,
216347 6 0.03,
216360 42 0.69,
216406 47 0.02,
216462 14 0.01,
216491 20 0.17,
216497 34 0.8,
216532 46 0.83,
216613 29 0.92,
216636 49 0.69,
216717 14 0.29,
216719 43 0.08,
216741 28 0.47,
216782 19 0.69,
216788 32 0.08,
216862 5 0.99,
216879 5 0.24,
216921 36 0.85,
216934 41 0.24,
217002 21 0.67,
217078 7 0.82,
217135 20 0.77,
217175 49 0.45,
217236 8 0.87,
217321 42 0.86,
217355 21 0.87,
217381 40 0.18,
217407 39 0.11,
217436 8 0.66,
217520 28 0.02,
217526 5 0.83,
217604 29 0.02,
217614 12 0.32,
217634 15 0.08,
217672 4 0.02,
217722 43 0.37,
217766 19 0.74,
217789 10 0.95,
217791 35 0.81,
217847 23 0.6,
217868 24 0.74,
217927 12 0.62,
217951 3 0.65,
218011 34 0.03,
218076 39 0.02,
218078 27 0.21,
218134 32 0.13,
218153 19 0.52,
218182 16 0.1,
218228 34 0.41,
218259 39 0.67,
218312 11 0.08,
218353 38 0.23,
218405 7 0.75,
218409 8 0.77,
218474 13 0.11,
218485 9 0.38,
218491 49 0.92,
218565 31 0.93,
218585 32 0.1,
218618 41 0.27,
218654 12 0.86,
218729 14 0.2,
218799 21 0.18,
218827 48 0.46,
218907 40 0.44,
218934 15 0.51,
218970 17 0.39,
219017 40 0.19,
219084 4 0.68,
219156 40 0.87,
219216 17 0.88,
219264 44 0.06,
219285 4 0.94,
219308 8 0.53,
219392 6 0.83,
219392 6 0.53,
219433 21 0.82,
219437 33 0.1,
219466 25 0.72,
219484 48 0.36,
219524 40 0.92,
219611 48 0.71,
219684 27 0.8,
219741 12 0.33,
219817 45 0.96,
219841 22 0.85,
219841 16 0.61,
219898 25 0.94,
219981 24 0.65,
220003 40 0.83,
220082 7 0.3,
220153 29 0.03,
220239 9 0.74,
220285 4 0.12,
220353 32 0.77,
220438 46 0.13,
220492 5 0.72,
220496 39 0.23,
220572 12 0.03,
220628 25 0.12,
220701 39 0.25,
220781 10 0.82,
220863 30 0.96,
220915 28 0.08,
221003 2 0.91,
221010 25 0.21,
221053 13 0.32,
221139 8 0.23,
221146 7 0.85,
221165 40 0.53,
221188 1 0.32,
221242 29 0.98,
221257 4 0.77,
221330 24 0.92,
221343 5 0.88,
221410 16 0.98,
221460 13 0.34,
221481 45 0.41,
221533 3 0.72,
221539 46 0.35,
221577 23 0.3,
221621 12 0.03,
221638 36 0.91,
221641 12 0.88,
221675 49 0.46,
221692 32 0.12,
221761 3 0.49,
221763 45 0.27,
221787 44 0.73,
221799 32 0.36,
221871 6 0.12,
221915 27 0.03,
221976 47 0.38,
222051 43 0.62,
222112 24 0.92,
222119 12 0.95,
222122 37 0.35,
222181 18 0.17,
222203 21 0.5,
222222 22 0.41,
222245 21 0.72,
222325 46 0.14,
222359 2 0.87,
222403 44 0.1,
222447 38 0.69,
222481 3 0.88,
222554 20 0.01,
222579 47 0.03,
222619 42 0.05,
222702 32 0.69,
222748 18 0.35,
222772 40 0.91,
222859 13 0.69,
222936 24 0.41,
223003 12 0.53,
223023 30 0.24,
223043 31 0.12,
223128 30 0.99,
223129 3 0.05,
223198 5 0.64,
223279 24 0.56,
223335 15 0.3,
223413 39 0.76,
223455 9 0.95,
223484 32 0.21,
223506 41 0.56,
223524 36 1.0,
223582 49 0.13,
223582 27 0.5,
223604 38 0.41,
223688 48 0.79,
223717 19 0.54,
223781 15 0.23,
223794 43 0.35,
223801 26 0.91,
223824 49 0.73,
223851 18 0.5,
223931 14 0.87,
224001 1 0.65,
224018 0 0.71,
224095 19 0.62,
224174 41 0.39,
224221 9 0.96,
224303 46 0.44,
224373 15 0.82,
224399 31 0.52,
224469 29 0.06,
224549 47 0.73,
224613 43 0.15,
224679 42 0.01,
224712 36 0.96,
224750 45 0.27,
224783 19 1.0,
224846 12 0.96,
224866 3 0.1,
224913 11 0.5,
224918 9 0.04,
224924 44 0.74,
225002 1 0.2,
225002 3 0.14,
225053 26 0.29,
225084 46 0.12,
225143 22 0.59,
225148 15 0.6,
225231 20 0.22,
225309 42 0.12,
225389 11 0.44,
225417 44 0.81,
225503 43 0.09,
225547 39 0.86,
225565 42 0.36,
225615 15 0.32,
225622 14 0.4,
225626 43 0.73,
225699 29 0.82,
225731 37 0.62,
225747 29 0.67,
225827 25 0.91,
225870 20 0.82,
225956 40 0.11,
226028 44 0.48,
226078 32 0.29,
226085 10 0.6,
226125 9 0.04,
226162 10 0.14,
226211 1 0.39,
226274 47 0.25,
226330 27 0.12,
226376 7 0.4,
226378 23 0.83,
226448 33 0.17,
226484 39 0.45,
226512 28 0.76,
226591 7 0.59,
226666 1 0.98,
226670 0 0.71,
226756 2 0.35,
226807 13 0.94,
226878 32 0.57,
226946 20 0.41,
227030 12 0.74,
227093 1 0.67,
227107 49 0.37,
227158 37 0.1,
227237 2 0.15,
227319 0 0.79,
227345 6 0.48,
227408 1 0.51,
227412 27 0.24,
227478 6 0.61,
227527 49 0.95,
227615 0 0.52,
227670 19 0.05,
227755 49 0.54,
227820 22 0.54,
227899 31 0.59,
227985 34 0.28,
228027 21 0.57,
228038 41 0.5,
228056 43 0.63,
228128 26 0.29,
228166 40 0.03,
228206 29 0.32,
228238 40 0.68,
228310 45 0.74,
228359 42 0.29,
228391 3 0.85,
228447 8 0.91,
228480 0 0.27,
228521 29 0.16,
228586 18 0.45,
228629 2 0.23,
228692 6 0.56,
228704 4 0.44,
228762 25 0.42,
228820 37 0.39,
228850 16 0.04,
228927 4 0.19,
229004 20 0.55,
229014 33 0.42,
229055 0 0.92,
229130 18 0.92,
229214 34 0.09,
229268 45 0.96,
229268 31 0.55,
229325 5 0.89,
229359 1 0.05,
229447 22 0.41,
229500 6 0.05,
229513 4 0.49,
229598 2 0.82,
229599 49 0.02,
229686 18 0.81,
229700 18 0.29,
229775 27 0.17,
229830 31 0.05,
229911 30 0.8,
229958 42 0.33,
229960 49 0.06,
230045 19 0.31,
230094 12 0.93,
230163 28 0.52,
230210 27 0.45,
230240 20 0.4,
230322 42 0.27,
230366 38 0.36,
230436 39 0.84,
230516 47 0.07,
230591 1 0.75,
230663 27 0.88,
230672 47 0.63,
230711 45 0.91,
230777 30 0.03,
230822 44 0.39,
230906 15 0.24,
230935 44 0.96,
230976 1 0.34,
231018 20 0.14,
231027 17 0.96,
231039 12 0.23,
231071 46 0.77,
231102 4 0.48,
231109 40 0.52,
231123 44 0.45,
231177 25 0.84,
231258 19 0.85,
231315 31 0.99,
231340 11 0.07,
231377 34 0.46,
231410 46 0.03,
231426 19 0.04,
231458 13 0.39,
231467 0 0.2,
231491 38 0.98,
231570 33 0.58,
231638 33 0.43,
231707 33 0.23,
231776 49 0.55,
231801 41 0.92,
231864 8 0.16,
231905 31 0.9,
231911 36 0.28,
231925 14 0.6,
232010 25 0.13,
232063 12 0.64,
232136 14 0.11,
232176 43 0.94,
232219 6 0.61,
232236 38 0.75,
232293 25 0.15,
232344 3 0.65,
232431 11 0.65,
232500 27 0.13,
232559 5 0.79,
232647 7 0.22,
232679 25 0.55,
232756 26 0.16,
232813 46 0.9,
232876 43 0.65,
232909 5 0.45,
232985 9 0.62,
232997 30 0.86,
233056 24 0.52,
233142 40 0.62,
233202 6 0.69,
233215 8 0.7,
233280 33 0.19,
233319 19 0.46,
233379 10 0.65,
233442 21 0.35,
233461 1 0.43,
233531 29 0.78,
233571 45 0.73,
233616 17 0.62,
233691 15 0.11,
233737 24 0.41,
233793 47 0.66,
233830 29 0.22,
233874 31 0.65,
233913 27 0.73,
233957 38 0.48,
233962 26 0.49,
233970 32 0.41,
234038 29 1.0,
234048 25 0.03,
234106 24 0.44,
234110 13 0.08,
234159 20 0.95,
234210 5 0.68,
234247 43 0.62,
234328 18 0.73,
234364 25 0.29,
234414 27 0.26,
234488 13 0.59,
234568 31 0.59,
234616 1 0.3,
234695 34 0.89,
234695 10 0.41,
234763 5 0.89,
234798 29 0.79,
234810 12 0.17,
234857 15 0.7,
234939 2 0.53,
234959 9 0.27,
234965 39 0.99,
235043 18 0.57,
235043 40 0.28,
235121 46 0.01,
235122 39 0.11,
235174 40 0.66,
235178 15 0.38,
235189 10 0.35,
235225 44 0.37,
235234 38 0.41,
235299 19 0.97,
235306 8 0.47,
235388 41 0.74,
235405 44 0.25,
235419 5 0.25,
235475 46 0.05,
235536 23 0.05,
235569 20 0.38,
235571 19 0.91,
235613 42 0.55,
235618 19 0.37,
235620 21 0.6,
235655 14 0.94,
235708 40 0.63,
235763 35 0.51,
235781 48 0.91,
235807 38 0.73,
235825 47 0.61,
235908 33 0.51,
235987 29 0.9,
236014 3 0.78,
236015 24 0.61,
236074 25 0.12,
236113 43 0.09,
236135 18 0.75,
236154 3 0.23,
236199 18 0.78,
236237 2 0.23,
236242 31 0.61,
236309 34 0.46,
236356 20 0.38,
236404 22 0.97,
236477 26 0.29,
236535 20 0.49,
236603 28 0.23,
236606 46 0.18,
236658 7 0.57,
236706 22 0.07,
236794 7 0.35,
236874 32 0.26,
236886 42 0.57,
236918 25 0.69,
236970 18 0.18,
237042 11 0.63,
237074 5 0.39,
237142 5 0.09,
237187 19 0.04,
237227 31 0.87,
237257 21 0.61,
237306 19 0.99,
237345 35 0.6,
237355 15 0.49,
237377 6 0.54,
237432 20 0.07,
237512 46 0.65,
237592 22 0.54,
237656 23 0.85,
237658 32 0.71,
237708 10 0.93,
237753 26 0.78,
237817 49 0.46,
237884 43 0.91,
237897 35 0.79,
237956 44 0.46,
238009 30 0.63,
238056 23 0.35,
238082 36 0.9,
238145 9 0.96,
238148 24 0.54,
238195 0 0.31,
238281 3 0.21,
238301 28 0.74,
238302 5 0.67,
238302 38 0.66,
238389 16 0.56,
238467 16 0.56,
238522 15 0.66,
238556 13 0.01,
238610 14 0.67,
238656 8 0.89,
238733 42 0.98,
238817 45 0.15,
238851 21 0.73,
238910 8 0.55,
238946 47 0.51,
239031 27 0.1,
239065 15 0.88,
239104 35 0.02,
239126 40 0.16,
239140 26 0.97,
239218 30 0.46,
239268 4 0.79,
239269 29 0.04,
239276 48 0.7,
239335 10 0.7,
239405 37 0.12,
239421 10 0.88,
239463 31 0.07,
239508 20 0.35,
239554 24 0.84,
239558 7 0.54,
239624 6 0.68,
239625 36 0.08,
239638 3 0.69,
239721 41 0.83,
239741 2 0.04,
239804 40 0.75,
239893 46 0.65,
239962 13 0.42,
239995 34 0.4,
240037 48 0.34,
240075 18 0.8,
240113 6 0.76,
240182 27 0.95,
240241 23 0.12,
240315 23 0.05,
240324 37 0.6,
240375 28 0.53,
240416 3 0.76,
240432 1 0.01,
240503 43 0.23,
240515 26 0.25,
240522 34 0.18,
240569 42 0.12,
240617 25 0.11,
240678 40 0.4,
240685 30 0.72,
240768 34 0.99,
240837 39 0.04,
240887 1 0.53,
240907 0 0.59,
240994 17 0.72,
241046 30 0.26,
241131 40 0.5,
241214 40 0.74,
241302 22 0.66,
241361 15 0.74,
241422 18 0.48,
241447 30 0.28,
241504 3 0.86,
241561 24 0.52,
241593 35 0.07,
241626 42 0.1,
241685 48 0.18,
241773 6 0.54,
241824 36 0.62,
241869 49 0.66,
241935 6 0.64,
241989 23 0.98,
241991 46 0.93,
242011 49 0.1,
242079 26 0.21,
242081 39 0.54,
242151 28 0.57,
242212 35 0.4,
242291 6 1.0,
242334 17 1.0,
242349 12 0.89,
242350 13 1.0,
242414 7 0.14,
242420 44 0.11,
242431 24 0.83,
242516 0 0.4,
242548 36 0.45,
242623 32 0.44,
242685 46 0.51,
242725 39 0.1,
242805 2 0.27,
242870 40 0.75,
242873 2 0.42,
242943 39 0.17,
243023 7 0.5,
243103 30 0.54,
243191 35 0.96,
243258 10 0.71,
243328 6 0.17,
243408 19 0.96,
243453 36 0.79,
243532 48 0.92,
243578 8 0.52,
243633 12 0.44,
243687 41 0.27,
243763 31 0.95,
243779 22 0.63,
243797 24 0.78,
243884 47 0.01,
243909 28 0.73,
243919 34 0.31,
244007 47 0.74,
244086 2 0.32,
244149 49 0.4,
244200 24 0.06,
244288 24 0.08,
244366 37 0.95,
244438 37 0.93,
244488 3 0.43,
244524 19 0.82,
244566 37 0.17,
244594 7 0.26,
244620 5 0.04,
244703 21 0.75,
244742 39 1.0,
244804 39 0.4,
244857 41 0.15,
244945 42 0.57,
244994 26 0.73,
244995 30 0.53,
245015 11 0.52,
245045 2 0.43,
245057 28 0.74,
245071 30 0.37,
245144 10 0.73,
245227 1 0.96,
245245 16 0.87,
245258 43 0.27,
245258 28 1.0,
245289 45 0.31,
245360 48 0.31,
245363 30 0.16,
245409 1 0.1,
245461 15 0.47,
245466 38 0.32,
245506 47 1.0,
245524 12 0.34,
245574 34 0.25,
245596 40 0.56,
245671 26 0.64,
245685 22 0.4,
245736 32 0.33,
245768 42 0.16,
245802 24 0.77,
245865 46 0.28,
245872 47 0.29,
245891 39 0.25,
245892 43 0.55,
245960 47 0.78,
245984 30 0.2,
246063 3 0.62,
246105 19 0.55,
246135 34 0.9,
246208 6 0.06,
246251 48 0.86,
246338 7 0.96,
246383 22 0.51,
246427 30 0.56,
246472 46 0.49,
246505 45 0.85,
246566 3 0.33,
246618 36 0.93,
246690 42 0.66,
246722 33 0.38,
246743 9 0.36,
246751 48 0.06,
246784 5 0.49,
246797 43 0.82,
246817 42 0.58,
246836 31 0.82,
246847 33 0.21,
246898 47 0.38,
246967 6 0.57,
247054 21 0.59,
247125 0 0.19,
247128 4 0.2,
247187 13 0.41,
247189 4 0.92,
247262 11 0.54,
247314 40 0.81,
247335 48 0.14,
247379 18 0.82,
247416 8 0.5,
247471 24 0.78,
247538 14 0.41,
247538 7 0.82,
247557 31 0.44,
247593 39 0.82,
247649 34 0.1,
247699 34 0.37,
247738 6 0.8,
247761 17 0.44,
247774 25 0.78,
247843 7 0.87,
247902 37 0.76,
247983 21 0.35,
248031 32 1.0,
248083 17 0.04,
248138 19 0.1,
248162 23 0.78,
248173 14 0.59,
248186 31 0.64,
248244 10 0.68,
248310 31 0.81,
248372 16 0.9,
248405 40 0.59,
248455 34 0.03,
248540 34 0.88,
248629 2 0.39,
248708 2 0.81,
248712 4 0.24,
248770 38 0.12,
248823 19 0.39,
248859 38 0.12,
248910 39 0.28,
248964 31 0.88,
249042 27 0.39,
249113 42 0.95,
249136 42 0.64,
249166 46 0.28,
249223 36 0.59,
249241 22 0.98,
249312 22 0.96,
249342 28 0.24,
249411 2 0.78,
249447 47 0.99,
249528 6 0.15,
249594 44 0.11,
249625 22 0.17,
249688 33 0.73,
249753 14 0.06,
249829 11 0.94,
249869 16 0.78,
249872 28 0.3,
249908 14 0.6,
249935 46 1.0,
249993 5 0.71,
250066 46 0.66,
250084 26 0.76,
250165 26 0.98,
250198 7 0.45,
250250 3 0.67,
250291 49 0.68,
250356 27 0.65,
250382 34 0.01,
250442 2 0.9,
250472 17 0.44,
250473 25 0.94,
250539 28 0.49,
250596 9 0.71,
250637 12 0.76,
250651 34 0.12,
250727 1 0.2,
250730 5 0.02,
250745 31 0.61,
250788 20 0.48,
250826 4 0.39,
250896 44 0.33,
250901 19 0.76,
250977 8 0.87,
250978 35 0.71,
250995 40 0.63,
251083 42 0.14,
251169 14 0.99,
251190 38 0.84,
251279 30 0.4,
251349 13 0.3,
251419 5 0.34,
251507 36 0.48,
251596 17 0.67,
251636 11 0.32,
251641 25 0.8,
251728 30 0.12,
251778 27 0.79,
251790 28 0.34,
251852 43 0.46,
251859 13 0.94,
251864 29 0.05,
251879 17 0.89,
251949 23 0.65,
251955 39 0.93,
251963 35 0.21,
252022 41 0.73,
252077 30 0.12,
252092 23 0.72,
252110 47 0.96,
252125 1 0.97,
252190 2 0.37,
252268 48 0.9,
252293 15 0.79,
252381 35 0.7,
252454 30 0.3,
252486 11 0.98,
252547 32 0.1,
252593 38 0.44,
252615 30 0.93,
252679 6 0.66,
252745 0 0.16,
252804 31 1.0,
252866 38 0.64,
252948 4 0.93,
253019 31 0.5,
253027 24 0.31,
253056 40 0.25,
253103 1 0.41,
253180 9 0.46,
253232 41 0.25,
253238 11 0.48,
253297 40 0.94,
253370 41 0.84,
253375 15 0.1,
253421 14 0.59,
253472 19 0.08,
253532 48 0.69,
253619 12 0.87,
253706 33 0.74,
253712 30 0.16,
253761 24 0.27,
253830 17 0.25,
253856 4 0.27,
253890 47 0.67,
253900 43 0.19,
253933 5 0.36,
254003 48 0.14,
254086 22 0.83,
254151 24 0.21,
254154 43 0.1,
254233 28 0.1,
254252 15 0.53,
254258 18 0.15,
254279 43 0.1,
254314 15 0.55,
254332 20 0.4,
254345 4 0.76,
254433 22 0.99,
254441 32 0.73,
254494 11 0.34,
254520 24 0.55,
254604 44 0.72,
254663 31 0.69,
254716 42 0.25,
254749 20 0.46,
254831 40 0.39,
254914 13 0.89,
254960 32 0.21,
255040 21 0.87,
255062 19 0.85,
255098 23 0.21,
255170 47 0.76,
255184 43 0.69,
255187 27 0.32,
255270 3 0.09,
255325 29 0.28,
255335 40 0.45,
255395 43 0.71,
255454 6 0.96,
255504 33 0.87,
255513 44 0.95,
255587 45 0.29,
255638 23 0.35,
255672 43 0.49,
255722 48 0.42,
255741 32 0.88,
255746 44 0.17,
255831 16 0.33,
255850 43 0.72,
255883 12 0.56,
255890 10 0.09,
255977 5 0.61,
255978 20 0.41,
256018 2 0.27,
256052 45 0.56,
256089 24 0.49,
256111 27 0.75,
256127 49 0.56,
256180 27 0.03,
256226 33 0.6,
256278 18 0.65,
256357 3 1.0,
256416 38 0.71,
256491 26 0.18,
256495 30 0.82,
256497 5 0.61,
256536 47 0.95,
256605 9 0.86,
256688 6 0.11,
256697 1 0.84,
256751 35 0.29,
256764 18 1.0,
256794 28 0.54,
256876 26 0.38,
256877 33 0.58,
256931 10 0.09,
256973 23 0.74,
256989 13 0.32,
257077 26 0.93,
257139 6 0.18,
257196 15 0.56,
257232 39 0.71,
257288 49 0.95,
257338 41 0.67,
257359 22 0.97,
257371 44 0.77,
257397 3 0.75,
257408 29 0.79,
257424 28 0.27,
257483 3 0.7,
257571 36 0.96,
257628 16 0.76,
257673 14 0.08,
257744 10 0.76,
257830 6 0.94,
257884 46 0.93,
257898 23 0.02,
257982 19 0.26,
258025 5 0.1,
258106 30 0.69,
258136 14 0.08,
258137 19 0.79,
258200 12 0.91,
258259 1 0.17,
258305 38 0.17,
258363 25 0.47,
258406 34 0.4,
258466 13 0.25,
258552 38 0.19,
258571 14 0.27,
258577 20 0.71,
258645 6 0.46,
258661 22 0.77,
258748 41 0.39,
258748 15 0.23,
258772 8 0.89,
258796 35 0.1,
258868 42 0.95,
258869 48 0.03,
258936 45 0.17,
258988 46 0.54,
259045 14 0.32,
259101 29 0.48,
259160 27 0.06,
259169 15 0.47,
259234 0 0.45,
259244 1 0.85,
259288 11 0.09,
259338 35 0.39,
259390 18 0.55,
259447 23 0.09,
259501 12 0.1,
259590 48 0.59,
259628 20 0.62,
259716 21 0.41,
259754 45 0.39,
259778 31 0.84,
259812 17 0.06,
259872 32 0.15,
259940 15 0.43,
259990 11 0.96,
260065 22 0.78,
260125 28 0.26,
260203 26 0.05,
260257 43 0.95,
260319 14 0.85,
260334 0 0.96,
260360 10 0.05,
260428 25 0.23,
260444 43 0.01,
260465 11 0.53,
260492 39 0.2,
260506 10 0.58,
260529 1 0.67,
260589 14 0.79,
260651 35 0.45,
260706 4 0.89,
260772 25 0.26,
260858 1 0.63,
260859 22 0.25,
260944 24 0.2,
260945 30 0.5,
261011 42 0.18,
261084 16 0.53,
261098 14 0.49,
261179 39 0.7,
261227 31 0.03,
261289 19 0.99,
261300 1 0.52,
261339 45 0.05,
261415 3 0.12,
261468 47 0.1,
261539 0 0.38,
261548 41 0.73,
261593 33 0.8,
261679 17 0.81,
261742 35 0.67,
261768 45 0.9,
261828 27 0.28,
261886 12 0.1,
261902 2 0.22,
261938 21 0.64,
261993 24 0.12,
262077 47 0.85,
262156 27 0.66,
262167 11 0.33,
262220 32 0.35,
262303 14 0.55,
262337 37 0.78,
262423 21 0.51,
262510 9 1.0,
262536 9 0.74,
262567 26 0.42,
262608 19 0.85,
262640 32 0.99,
262642 23 0.91,
262729 49 0.69,
262781 42 0.28,
262787 38 0.73,
262818 10 0.15,
262819 28 0.55,
262854 28 0.92,
262872 34 1.0,
262950 29 0.36,
262969 38 0.25,
263057 11 0.76,
263058 8 0.92,
263082 36 0.38,
263149 1 0.75,
263153 45 0.46,
263229 11 0.78,
263307 44 0.11,
263364 16 0.48,
263428 38 0.11,
263501 34 0.16,
263529 21 0.68,
263536 15 0.37,
263548 47 0.06,
263565 33 0.02,
263631 49 0.93,
263670 7 0.93,
263729 6 0.15,
263746 46 0.7,
263816 23 0.04,
263826 6 0.57,
263870 10 0.14,
263929 34 0.41,
263982 19 0.28,
264048 8 0.92,
264096 28 0.31,
264145 14 0.49,
264146 17 0.65,
264150 39 0.31,
264196 15 0.23,
264236 38 0.63,
264322 49 0.88,
264370 25 0.39,
264375 47 0.31,
264454 33 0.69,
264518 15 0.29,
264607 18 0.7,
264668 9 0.32,
264686 33 0.96,
264689 24 0.54,
264762 20 0.33,
264800 14 0.8,
264876 42 0.41,
264904 2 0.21,
264986 42 0.82,
265041 14 0.92,
265115 24 0.37,
265204 39 0.66,
265229 27 0.64,
265267 0 0.49,
265298 47 0.23,
265319 40 0.52,
265331 12 0.83,
265372 22 0.18,
265411 18 0.8,
265443 48 0.63,
265496 49 0.76,
265528 27 0.48,
265545 26 0.89,
265571 39 0.9,
265624 32 0.06,
265671 18 0.34,
265735 26 0.96,
265812 0 0.08,
265818 42 0.43,
265849 28 0.05,
265915 24 0.07,
265955 5 0.22,
266006 26 0.43,
266037 31 0.19,
266050 34 0.11,
266051 37 0.69,
>)