sequence with 100 event types 
(120,176642,
<120 37 0.82,
134 85 0.28,
190 23 0.1,
213 38 0.04,
245 33 0.01,
277 4 0.18,
297 46 0.88,
352 78 0.28,
402 75 0.96,
406 11 0.3,
424 90 0.73,
507 3 0.1,
595 12 0.52,
684 41 0.87,
706 52 0.66,
792 43 0.11,
854 7 0.96,
872 3 0.82,
901 35 0.19,
928 5 0.86,
957 86 0.81,
983 29 0.27,
1028 76 0.31,
1113 91 0.03,
1118 34 0.83,
1183 63 0.33,
1209 51 0.94,
1279 74 0.16,
1285 96 0.86,
1345 76 0.01,
1366 25 0.79,
1402 1 0.72,
1475 5 0.3,
1523 74 0.13,
1546 74 0.65,
1586 37 0.31,
1598 86 0.87,
1663 5 0.66,
1687 68 0.23,
1718 91 0.21,
1767 24 0.97,
1803 3 0.47,
1875 43 0.93,
1909 50 0.55,
1989 65 0.31,
2061 99 0.96,
2079 68 0.57,
2100 31 0.72,
2151 91 0.58,
2180 69 0.86,
2199 29 0.11,
2234 69 0.57,
2291 21 0.58,
2345 75 0.52,
2364 30 0.93,
2445 17 0.19,
2510 36 0.89,
2553 3 0.98,
2638 20 0.09,
2657 53 0.12,
2668 38 0.38,
2705 47 0.07,
2768 21 0.86,
2833 2 0.82,
2866 14 0.57,
2935 63 0.71,
2993 59 0.91,
3069 67 0.37,
3137 28 0.95,
3212 32 0.35,
3272 18 0.31,
3316 75 0.15,
3364 76 0.17,
3403 75 0.41,
3444 89 0.48,
3505 21 0.46,
3578 59 0.75,
3581 11 0.43,
3600 1 0.73,
3615 10 0.65,
3653 27 0.16,
3704 16 0.33,
3765 40 0.63,
3823 44 0.58,
3865 70 0.23,
3949 30 0.96,
4030 94 0.82,
4061 45 0.72,
4118 41 0.52,
4154 57 0.82,
4156 64 0.55,
4188 5 0.32,
4273 75 0.86,
4356 38 0.62,
4420 12 0.71,
4431 49 0.67,
4508 0 0.4,
4559 41 0.8,
4633 11 0.05,
4644 11 0.35,
4713 10 0.42,
4788 61 0.92,
4863 81 0.74,
4936 99 0.07,
5019 63 0.78,
5100 52 0.46,
5116 91 0.31,
5145 59 0.41,
5224 83 0.27,
5260 82 0.82,
5310 24 0.01,
5358 72 0.38,
5398 91 0.21,
5429 8 0.35,
5501 69 0.18,
5526 7 0.4,
5562 16 0.23,
5603 65 0.14,
5686 44 0.35,
5752 3 0.02,
5794 85 0.09,
5802 84 0.3,
5891 94 0.03,
5892 97 0.98,
5898 92 0.09,
5944 49 0.59,
5954 45 0.49,
5974 5 0.1,
6039 8 0.01,
6044 36 0.67,
6053 51 0.72,
6068 58 0.82,
6124 61 0.97,
6167 3 0.82,
6210 56 0.47,
6210 19 0.52,
6262 6 1.0,
6276 9 0.03,
6304 89 0.34,
6312 46 0.73,
6382 45 0.15,
6448 98 0.97,
6518 68 0.63,
6549 43 0.11,
6615 33 0.01,
6631 17 0.32,
6694 69 0.56,
6701 19 0.97,
6751 62 0.85,
6821 66 0.52,
6835 95 0.79,
6895 83 0.15,
6910 65 0.73,
6927 47 0.86,
7004 24 0.97,
7078 55 0.64,
7080 58 0.34,
7090 33 0.39,
7153 11 0.2,
7169 92 0.35,
7172 45 0.52,
7221 29 0.91,
7262 40 0.67,
7264 42 1.0,
7331 5 0.2,
7343 48 0.72,
7421 28 0.69,
7453 6 0.05,
7480 92 0.35,
7504 61 0.75,
7570 84 0.8,
7612 18 0.01,
7659 24 0.61,
7685 52 0.73,
7763 23 0.97,
7838 4 0.44,
7884 89 0.74,
7901 87 0.27,
7958 55 0.12,
8044 29 0.43,
8065 16 0.15,
8116 49 0.43,
8198 24 0.83,
8211 29 0.83,
8214 92 0.2,
8217 64 0.61,
8306 18 0.56,
8325 40 0.4,
8400 33 0.18,
8413 86 0.32,
8501 1 0.07,
8533 57 0.37,
8562 60 0.7,
8614 78 0.42,
8634 54 0.46,
8655 9 0.27,
8726 12 0.19,
8812 44 0.24,
8852 54 0.09,
8915 8 0.87,
8954 97 0.13,
8987 74 0.75,
9020 42 0.87,
9029 16 0.94,
9078 51 0.34,
9098 96 0.01,
9154 58 0.51,
9215 22 0.35,
9275 25 0.72,
9335 32 0.55,
9359 41 0.17,
9442 2 0.3,
9514 2 0.2,
9545 90 0.47,
9563 24 0.46,
9569 58 0.69,
9655 61 0.04,
9717 86 0.36,
9741 55 0.92,
9789 62 0.32,
9850 17 0.53,
9915 62 0.19,
9934 0 0.19,
9942 77 0.45,
10006 55 0.89,
10027 80 0.73,
10029 90 0.55,
10054 6 0.86,
10066 67 0.39,
10099 89 0.83,
10157 86 0.21,
10203 22 0.68,
10279 14 0.23,
10303 6 0.3,
10383 31 0.48,
10445 54 0.34,
10448 8 0.07,
10483 24 0.97,
10510 69 0.15,
10548 13 0.38,
10583 9 0.11,
10592 52 0.73,
10610 8 0.64,
10620 69 0.8,
10693 90 0.63,
10745 90 0.02,
10763 89 0.99,
10770 2 0.83,
10773 56 0.01,
10789 92 0.81,
10829 29 0.58,
10880 14 0.06,
10957 11 0.98,
11041 19 0.18,
11100 88 0.38,
11175 80 0.01,
11197 13 0.23,
11256 53 0.48,
11340 86 0.58,
11369 92 0.9,
11425 67 0.76,
11491 56 0.98,
11494 10 0.22,
11523 8 0.88,
11524 21 0.17,
11551 65 0.62,
11619 77 0.46,
11708 15 0.46,
11747 62 0.59,
11776 72 0.6,
11827 59 0.69,
11851 29 0.09,
11871 1 0.66,
11895 83 0.73,
11972 94 0.01,
11993 6 0.48,
12032 60 0.3,
12033 57 0.04,
12114 15 0.4,
12164 78 0.51,
12187 71 0.68,
12271 20 0.98,
12337 69 0.24,
12352 26 0.83,
12439 6 0.28,
12492 80 0.98,
12502 83 0.33,
12546 94 0.68,
12591 51 0.1,
12671 40 0.25,
12756 78 0.89,
12777 85 0.57,
12831 44 0.09,
12859 40 0.67,
12908 13 0.79,
12944 12 0.89,
12989 67 0.3,
13031 5 0.01,
13068 46 0.85,
13085 74 0.53,
13118 11 0.88,
13167 50 0.38,
13218 26 0.57,
13304 70 0.76,
13325 75 0.81,
13388 60 0.27,
13429 1 0.43,
13442 36 0.07,
13442 84 0.35,
13465 17 0.19,
13475 30 0.9,
13554 77 0.24,
13612 63 0.35,
13666 13 1.0,
13731 81 0.7,
13748 53 0.56,
13781 4 0.24,
13784 28 0.15,
13847 99 0.01,
13936 25 0.62,
13973 9 0.87,
14052 43 0.55,
14106 75 0.33,
14183 20 0.65,
14197 12 0.65,
14240 32 0.04,
14254 76 0.37,
14313 26 0.85,
14365 85 0.41,
14432 32 0.14,
14507 53 0.54,
14542 42 0.52,
14596 67 0.55,
14600 91 0.34,
14633 95 0.91,
14637 19 0.35,
14684 59 0.06,
14715 16 0.5,
14746 42 0.19,
14815 55 0.57,
14902 34 0.39,
14953 49 0.08,
15014 46 0.74,
15103 86 0.01,
15146 25 0.21,
15228 1 0.03,
15265 22 0.12,
15330 80 0.3,
15407 53 0.71,
15437 20 0.74,
15514 33 0.25,
15527 51 0.13,
15565 48 0.8,
15635 80 0.12,
15719 56 0.27,
15760 44 0.23,
15815 36 0.04,
15832 14 0.34,
15894 92 0.55,
15963 66 0.47,
15978 28 0.44,
16044 45 0.7,
16063 94 0.07,
16107 38 0.23,
16146 58 0.52,
16149 37 0.29,
16203 63 0.74,
16238 7 0.68,
16323 9 0.53,
16366 98 0.9,
16416 99 0.33,
16430 87 0.65,
16430 20 0.03,
16518 44 0.87,
16600 45 0.3,
16616 28 0.8,
16693 86 0.72,
16696 96 0.47,
16758 91 0.49,
16802 58 0.93,
16858 16 0.9,
16916 30 0.2,
16973 75 0.65,
17040 49 0.45,
17111 88 0.31,
17158 65 0.48,
17220 4 0.92,
17264 26 0.69,
17294 34 0.32,
17350 83 0.09,
17430 6 0.81,
17485 79 0.2,
17573 31 0.53,
17618 0 0.2,
17706 3 0.8,
17725 84 0.58,
17748 54 0.94,
17750 36 0.33,
17782 72 0.53,
17854 95 0.93,
17861 95 0.79,
17938 16 0.43,
17994 16 0.61,
18078 59 0.22,
18111 44 0.61,
18164 92 0.08,
18192 78 0.38,
18199 30 0.34,
18240 36 0.27,
18327 18 0.47,
18404 54 0.33,
18451 61 0.03,
18491 60 0.96,
18567 14 0.44,
18584 44 0.72,
18662 43 0.83,
18681 58 0.41,
18734 18 0.66,
18795 52 0.84,
18851 99 0.94,
18911 92 0.34,
18928 0 0.53,
18996 82 0.42,
19077 71 0.57,
19162 3 0.29,
19225 97 0.1,
19228 38 0.17,
19263 27 0.14,
19293 22 0.4,
19293 75 0.56,
19324 7 0.9,
19327 88 0.29,
19366 27 0.96,
19384 6 0.97,
19438 9 0.61,
19516 2 0.3,
19568 91 0.19,
19584 90 0.61,
19634 97 0.81,
19720 17 0.15,
19776 77 0.06,
19806 50 0.62,
19853 85 0.7,
19865 71 0.09,
19875 72 0.75,
19916 2 0.27,
19970 48 0.25,
20018 79 0.9,
20077 82 0.4,
20082 95 0.27,
20131 62 0.76,
20218 27 0.9,
20241 16 0.42,
20305 57 0.35,
20319 97 0.7,
20329 66 0.9,
20408 33 0.31,
20487 95 0.1,
20509 84 0.4,
20564 86 0.92,
20647 5 0.31,
20650 31 0.13,
20672 22 0.72,
20678 73 0.93,
20765 94 0.03,
20836 33 0.94,
20871 10 0.19,
20941 82 0.13,
20966 31 0.78,
21053 81 0.11,
21111 9 0.21,
21136 31 0.81,
21190 95 0.28,
21218 10 0.91,
21284 40 0.41,
21292 86 0.93,
21306 0 0.92,
21372 15 0.99,
21449 71 0.94,
21494 25 0.19,
21536 83 0.86,
21619 43 0.78,
21673 24 0.59,
21724 91 0.23,
21769 3 0.16,
21850 84 0.53,
21907 59 0.39,
21963 84 0.13,
21996 30 0.95,
22013 46 0.8,
22028 89 0.27,
22112 20 0.44,
22162 21 0.61,
22247 53 0.47,
22284 85 0.25,
22326 78 0.21,
22395 35 0.45,
22435 0 0.22,
22463 27 0.13,
22520 49 0.55,
22551 60 0.85,
22623 8 0.5,
22660 55 0.13,
22700 71 0.42,
22712 65 0.46,
22795 52 0.97,
22825 47 0.48,
22828 51 0.34,
22896 17 0.19,
22906 4 0.27,
22919 84 0.28,
22950 92 1.0,
23017 15 0.83,
23072 87 0.03,
23079 86 0.7,
23095 4 0.33,
23127 35 0.58,
23128 62 0.64,
23172 45 0.39,
23183 44 0.99,
23269 88 0.36,
23281 62 0.47,
23288 20 0.23,
23289 27 0.01,
23345 96 0.71,
23382 62 0.76,
23449 53 0.73,
23465 61 0.13,
23471 33 0.98,
23530 2 0.3,
23607 34 0.06,
23693 17 0.57,
23719 53 0.07,
23752 2 0.81,
23774 16 0.31,
23849 61 0.42,
23865 71 0.17,
23908 93 0.52,
23960 34 0.9,
23978 20 0.03,
24066 12 0.93,
24139 19 0.27,
24171 82 0.7,
24250 85 0.45,
24331 17 0.3,
24401 33 1.0,
24449 3 0.52,
24469 54 0.53,
24498 4 0.48,
24572 76 0.17,
24585 71 0.7,
24609 1 0.38,
24660 71 0.73,
24727 4 0.2,
24743 47 0.79,
24778 62 0.27,
24796 14 0.63,
24811 84 0.73,
24887 71 0.13,
24930 19 0.03,
24969 30 0.75,
24971 90 0.7,
25042 86 0.61,
25079 62 0.25,
25159 55 0.27,
25233 96 0.21,
25322 41 0.3,
25331 48 0.58,
25332 58 0.87,
25361 64 0.1,
25450 66 0.59,
25478 38 0.79,
25493 9 0.94,
25558 98 0.02,
25638 40 0.92,
25696 78 0.83,
25744 97 0.89,
25780 1 0.9,
25826 12 0.23,
25834 67 0.65,
25894 57 0.05,
25970 87 0.31,
26033 82 0.59,
26085 94 0.01,
26098 23 0.83,
26182 90 0.24,
26190 50 0.08,
26192 86 0.02,
26201 94 0.46,
26251 0 0.62,
26286 94 0.1,
26302 27 0.54,
26326 75 0.62,
26411 67 0.6,
26450 55 0.81,
26513 56 0.8,
26520 85 0.74,
26578 54 0.35,
26596 3 0.23,
26659 11 0.27,
26702 6 0.08,
26775 84 0.03,
26819 20 0.59,
26892 49 0.9,
26954 0 0.5,
27004 87 0.03,
27061 4 0.62,
27136 13 0.16,
27184 36 0.83,
27185 82 0.38,
27229 39 0.9,
27280 94 0.65,
27280 69 0.77,
27349 27 0.81,
27420 75 0.07,
27475 33 0.29,
27526 10 0.81,
27532 39 0.53,
27588 52 0.7,
27604 36 0.22,
27622 98 0.03,
27647 28 0.45,
27719 37 0.29,
27729 98 0.78,
27778 90 0.74,
27822 7 0.76,
27842 98 0.8,
27903 11 0.94,
27908 70 0.65,
27968 32 0.9,
28023 79 0.9,
28080 13 0.99,
28129 32 0.81,
28179 59 0.64,
28246 79 0.61,
28270 32 0.85,
28346 20 0.73,
28369 75 0.2,
28393 0 0.3,
28424 22 0.03,
28463 21 0.16,
28488 19 0.1,
28492 20 0.69,
28554 30 0.66,
28643 37 0.48,
28657 26 0.21,
28716 32 0.59,
28749 97 0.47,
28823 81 0.15,
28902 31 0.64,
28968 76 0.85,
29005 20 0.31,
29008 52 0.83,
29043 23 0.5,
29057 44 0.83,
29131 71 0.81,
29196 66 0.4,
29252 0 0.69,
29297 44 0.69,
29365 64 0.54,
29427 9 0.85,
29465 67 0.38,
29537 51 0.12,
29585 63 0.09,
29592 13 0.12,
29673 14 0.71,
29746 54 0.68,
29752 54 0.17,
29758 29 0.05,
29812 67 0.9,
29882 69 0.39,
29894 78 0.66,
29980 1 0.19,
30051 15 0.5,
30079 54 0.45,
30135 52 0.21,
30166 5 0.76,
30201 53 0.27,
30242 94 0.95,
30323 74 0.03,
30361 52 1.0,
30406 94 0.77,
30476 30 0.68,
30558 39 0.76,
30609 5 0.21,
30663 10 0.08,
30690 93 0.09,
30741 22 0.36,
30747 78 0.13,
30798 22 0.03,
30850 8 0.75,
30892 73 0.41,
30905 53 0.84,
30969 83 0.21,
30986 40 0.25,
31066 10 0.84,
31146 35 0.12,
31205 39 0.23,
31294 24 0.19,
31325 61 0.71,
31359 31 0.07,
31367 70 0.37,
31388 29 0.68,
31460 67 0.25,
31548 65 0.22,
31558 67 0.84,
31615 80 0.49,
31615 84 0.72,
31627 10 0.58,
31710 96 0.66,
31794 49 0.52,
31820 5 0.34,
31825 25 0.7,
31906 22 0.16,
31907 11 0.85,
31914 32 0.85,
31940 4 0.78,
32012 35 0.53,
32035 15 0.66,
32081 99 0.74,
32083 32 0.98,
32133 26 0.2,
32139 29 0.82,
32175 48 0.47,
32241 18 0.99,
32281 29 0.03,
32303 58 0.03,
32360 62 0.65,
32362 70 0.04,
32369 62 0.32,
32453 13 0.05,
32472 79 0.95,
32479 19 0.59,
32491 14 0.34,
32563 60 0.93,
32602 92 0.53,
32648 51 0.5,
32654 18 0.44,
32697 79 0.6,
32733 84 0.19,
32755 53 0.13,
32813 55 0.88,
32825 55 0.68,
32892 76 0.49,
32937 19 0.48,
32977 9 0.64,
33006 41 0.42,
33034 48 0.74,
33083 99 0.12,
33149 45 0.44,
33231 42 0.67,
33250 87 0.06,
33253 33 0.18,
33312 67 0.35,
33345 35 0.98,
33370 2 0.09,
33380 14 0.08,
33444 37 0.25,
33526 90 0.65,
33605 30 0.61,
33631 77 0.66,
33642 57 0.5,
33642 80 0.23,
33652 54 0.78,
33715 30 0.93,
33752 90 0.9,
33752 16 0.74,
33817 92 0.62,
33827 79 0.42,
33855 43 0.29,
33915 0 0.36,
33919 65 0.24,
33933 96 0.92,
33993 64 0.44,
34046 73 0.51,
34050 12 0.51,
34123 35 0.58,
34193 12 0.5,
34214 23 0.93,
34220 43 0.73,
34227 67 0.67,
34240 92 0.16,
34315 82 0.25,
34343 92 0.71,
34383 77 0.91,
34384 43 0.45,
34432 33 0.44,
34466 30 0.69,
34519 10 0.99,
34529 7 0.86,
34562 95 0.08,
34649 92 0.26,
34655 23 0.97,
34734 65 0.09,
34817 43 0.45,
34870 5 0.33,
34886 47 0.47,
34930 17 0.62,
34956 60 0.69,
34982 92 0.08,
35026 3 0.98,
35032 54 0.74,
35099 10 0.67,
35179 28 0.31,
35264 84 0.2,
35283 43 0.34,
35338 43 0.75,
35353 18 0.69,
35414 45 0.45,
35497 42 0.56,
35508 24 0.76,
35525 97 0.84,
35605 72 0.96,
35689 60 0.59,
35734 19 0.27,
35781 53 0.01,
35850 71 0.44,
35873 61 0.77,
35900 21 0.74,
35909 8 0.6,
35983 13 0.72,
36012 18 0.52,
36098 39 0.6,
36164 88 0.57,
36192 36 0.03,
36225 45 1.0,
36280 20 0.15,
36297 13 0.2,
36323 7 0.47,
36389 34 0.95,
36457 24 0.73,
36479 79 0.25,
36510 93 0.53,
36534 32 0.59,
36597 73 0.53,
36667 30 0.15,
36717 91 0.55,
36796 66 0.72,
36875 69 0.96,
36893 26 0.25,
36908 1 0.32,
36963 75 0.55,
37028 82 0.74,
37069 66 0.59,
37091 36 0.98,
37156 21 0.12,
37215 32 0.4,
37292 81 0.2,
37305 78 0.41,
37316 42 0.46,
37352 29 0.11,
37433 22 0.17,
37491 83 0.63,
37576 64 0.84,
37611 45 0.69,
37618 39 0.24,
37698 77 0.15,
37742 50 0.65,
37769 4 0.74,
37825 23 0.83,
37862 43 0.11,
37905 15 0.79,
37922 98 0.79,
37930 1 0.8,
37970 44 0.67,
38038 86 0.35,
38118 49 0.11,
38119 76 0.56,
38142 93 0.73,
38144 59 0.8,
38167 43 1.0,
38213 81 0.26,
38263 74 0.92,
38348 92 0.64,
38427 42 0.96,
38463 46 0.05,
38469 45 0.91,
38524 13 0.91,
38610 45 0.34,
38616 15 0.62,
38624 81 0.44,
38667 27 0.51,
38675 79 0.19,
38706 21 0.13,
38729 62 0.92,
38778 12 0.95,
38799 80 0.01,
38859 90 0.21,
38864 44 0.27,
38886 27 0.22,
38971 54 0.04,
38995 84 0.25,
39029 51 0.78,
39061 11 0.43,
39091 35 0.71,
39161 89 0.62,
39161 5 0.51,
39239 31 0.77,
39257 24 0.98,
39264 28 0.35,
39307 64 0.81,
39355 26 0.06,
39438 79 0.72,
39450 42 0.7,
39499 20 0.56,
39520 40 0.36,
39567 9 0.93,
39601 76 0.14,
39641 77 0.03,
39659 43 0.38,
39738 3 0.31,
39773 16 0.2,
39811 82 1.0,
39843 33 0.89,
39931 81 0.91,
39981 92 0.21,
40029 36 0.37,
40031 88 0.3,
40084 53 0.81,
40090 74 0.39,
40118 93 0.63,
40141 47 0.08,
40209 19 0.07,
40279 3 0.9,
40346 81 0.67,
40433 20 0.63,
40474 95 0.3,
40478 8 0.84,
40504 35 0.12,
40526 99 0.64,
40569 56 0.7,
40624 49 0.63,
40691 98 0.55,
40754 93 0.72,
40813 88 0.87,
40852 17 0.93,
40912 59 0.37,
40919 22 0.62,
40999 35 0.89,
41076 53 0.15,
41119 57 0.87,
41194 18 0.98,
41271 68 0.83,
41314 72 0.1,
41362 18 0.44,
41407 15 0.94,
41414 38 0.66,
41485 66 0.98,
41549 18 0.37,
41565 87 0.77,
41573 48 0.42,
41657 9 0.73,
41690 92 0.62,
41731 48 0.53,
41745 78 0.95,
41752 31 0.87,
41769 49 0.55,
41840 69 1.0,
41842 97 0.79,
41846 31 0.16,
41886 84 0.22,
41966 70 0.77,
41985 57 0.61,
42049 68 0.21,
42137 57 0.98,
42183 84 0.37,
42226 66 0.34,
42228 13 0.29,
42311 97 0.82,
42378 10 0.11,
42386 23 0.41,
42475 82 0.58,
42507 30 0.69,
42518 95 0.15,
42582 41 0.73,
42642 39 0.72,
42720 5 0.33,
42806 65 0.05,
42817 94 0.71,
42848 41 0.97,
42873 61 0.09,
42917 8 0.93,
42923 74 0.13,
42977 14 0.43,
43022 90 0.99,
43033 18 0.79,
43108 17 0.16,
43154 69 0.33,
43175 83 0.81,
43200 42 0.64,
43275 13 0.41,
43288 37 0.47,
43343 0 0.15,
43377 25 0.33,
43420 90 0.82,
43455 67 0.41,
43543 40 0.33,
43545 13 0.94,
43582 9 0.57,
43662 22 1.0,
43728 55 0.52,
43801 80 0.86,
43870 62 0.26,
43909 47 0.14,
43968 68 0.12,
44034 65 0.6,
44056 13 0.4,
44092 1 0.87,
44146 7 0.1,
44149 28 0.53,
44154 91 0.84,
44211 37 1.0,
44216 85 0.04,
44242 15 0.59,
44245 54 0.22,
44320 53 0.51,
44325 24 0.21,
44330 91 0.16,
44342 19 0.04,
44370 4 0.13,
44383 83 0.82,
44409 11 0.99,
44427 71 0.32,
44432 36 0.62,
44456 62 0.11,
44503 35 0.35,
44512 99 0.53,
44542 97 0.99,
44560 81 0.05,
44570 13 0.87,
44628 62 0.27,
44701 22 0.28,
44706 38 0.19,
44792 80 0.08,
44801 85 0.51,
44839 2 0.08,
44922 0 0.12,
44955 51 0.8,
44972 38 0.26,
45060 57 0.25,
45119 28 0.8,
45160 48 0.82,
45243 62 0.31,
45298 72 0.86,
45352 45 0.77,
45352 21 0.69,
45389 18 0.29,
45465 2 0.51,
45486 37 0.09,
45495 75 0.54,
45556 86 0.47,
45579 67 0.79,
45598 14 0.4,
45661 10 0.99,
45710 98 0.69,
45723 18 0.55,
45798 30 0.56,
45806 60 0.49,
45814 59 0.59,
45896 19 0.43,
45963 72 0.28,
46000 80 0.57,
46072 78 0.33,
46076 9 0.78,
46151 19 0.01,
46162 17 0.29,
46172 49 0.86,
46173 98 0.74,
46218 57 0.11,
46222 43 0.74,
46251 29 0.59,
46295 32 0.1,
46378 34 0.25,
46449 37 0.82,
46527 41 0.99,
46560 65 0.07,
46640 6 0.86,
46707 96 0.28,
46747 42 0.85,
46804 42 0.57,
46815 34 0.77,
46895 2 0.14,
46914 85 0.86,
46970 16 0.64,
46978 22 0.71,
47005 19 0.42,
47014 77 0.13,
47019 28 0.58,
47066 34 0.97,
47143 89 0.11,
47170 52 0.23,
47206 67 0.37,
47262 9 0.39,
47307 45 0.07,
47358 15 0.07,
47374 53 0.18,
47433 51 0.05,
47508 67 0.61,
47515 47 0.25,
47582 28 0.29,
47633 59 0.46,
47688 45 0.89,
47767 85 0.49,
47774 13 0.22,
47839 92 0.34,
47849 72 0.64,
47891 9 0.76,
47893 62 0.06,
47902 62 0.21,
47918 7 0.86,
47959 97 0.12,
47998 76 0.64,
48001 52 0.75,
48071 3 0.42,
48138 14 0.42,
48172 43 0.25,
48223 75 0.24,
48306 90 0.52,
48395 33 0.29,
48441 62 0.02,
48482 75 0.8,
48565 89 0.49,
48601 69 0.15,
48648 39 0.36,
48672 64 0.89,
48706 74 1.0,
48752 54 0.62,
48781 77 0.09,
48841 5 0.13,
48919 16 0.41,
48947 36 0.73,
48981 94 0.85,
49025 12 0.12,
49070 60 0.5,
49086 35 0.12,
49118 13 0.12,
49167 44 0.6,
49252 10 0.41,
49273 50 0.2,
49347 91 0.52,
49422 62 0.46,
49474 75 0.97,
49500 31 0.08,
49551 73 0.05,
49640 63 0.38,
49650 11 0.33,
49731 6 0.54,
49785 10 0.09,
49829 26 0.12,
49908 77 0.91,
49952 44 0.74,
49993 95 0.94,
50081 56 0.65,
50105 94 0.42,
50194 36 0.79,
50209 9 0.87,
50233 80 0.52,
50247 88 0.73,
50262 37 0.67,
50306 64 0.21,
50369 36 0.79,
50370 24 0.08,
50383 99 0.52,
50471 6 0.75,
50506 39 0.58,
50577 91 0.08,
50626 15 0.27,
50641 56 0.48,
50730 97 0.09,
50766 36 0.5,
50812 43 0.49,
50860 37 0.98,
50900 75 0.79,
50911 59 0.96,
50911 73 0.84,
50950 38 0.2,
50995 97 0.46,
51060 82 0.77,
51107 38 0.63,
51123 8 0.46,
51208 5 0.74,
51256 11 0.67,
51303 78 0.13,
51338 28 0.33,
51364 41 0.77,
51410 7 0.95,
51419 67 0.86,
51454 72 0.46,
51490 95 0.62,
51491 13 0.86,
51525 37 0.36,
51552 87 0.7,
51619 63 0.57,
51646 10 0.21,
51661 24 0.42,
51682 4 0.04,
51767 33 0.03,
51800 69 0.12,
51842 65 0.04,
51890 88 0.89,
51896 42 0.42,
51952 29 0.9,
51989 81 0.57,
51996 42 0.69,
52058 69 0.88,
52105 70 0.05,
52183 63 0.16,
52256 99 0.65,
52316 95 0.16,
52371 53 0.31,
52423 87 1.0,
52489 35 0.67,
52552 36 0.46,
52574 89 0.73,
52615 52 0.56,
52696 62 0.34,
52721 36 0.75,
52810 33 0.43,
52884 37 0.14,
52944 5 0.33,
53023 89 0.78,
53057 51 0.85,
53135 48 0.53,
53209 61 0.82,
53260 89 0.55,
53281 67 0.86,
53348 15 0.33,
53348 1 0.38,
53387 33 0.78,
53439 8 0.13,
53525 52 0.91,
53604 16 0.76,
53657 98 0.15,
53697 60 0.88,
53717 0 0.57,
53750 38 0.72,
53806 27 0.15,
53881 0 0.69,
53927 5 0.29,
53959 31 0.36,
53997 79 0.15,
54086 9 0.17,
54108 93 0.15,
54181 13 0.43,
54265 75 0.72,
54308 87 0.48,
54318 21 0.2,
54372 98 0.94,
54429 92 0.47,
54431 40 0.77,
54454 88 0.52,
54490 54 0.02,
54569 52 0.64,
54608 78 1.0,
54616 5 0.13,
54683 30 0.83,
54739 32 0.09,
54785 1 0.19,
54849 22 0.19,
54861 58 0.98,
54874 28 0.98,
54953 84 0.88,
54972 19 0.96,
55015 66 0.52,
55100 82 0.31,
55131 11 0.89,
55212 51 0.45,
55254 95 0.32,
55318 75 0.29,
55363 88 0.08,
55406 48 0.05,
55444 96 0.16,
55449 56 0.02,
55492 91 0.42,
55516 54 0.19,
55548 14 0.57,
55560 77 0.34,
55577 7 0.67,
55581 84 0.16,
55593 62 0.68,
55610 39 0.35,
55654 33 1.0,
55714 53 0.26,
55773 58 0.4,
55795 87 0.08,
55863 66 0.6,
55889 23 0.92,
55964 65 0.11,
55988 94 0.89,
56061 93 0.3,
56096 0 0.01,
56146 75 0.98,
56222 86 0.5,
56301 38 0.88,
56348 58 0.39,
56367 75 0.12,
56373 1 0.29,
56422 17 0.72,
56504 88 0.92,
56590 0 0.53,
56607 43 0.93,
56672 3 0.99,
56748 93 0.13,
56754 9 0.6,
56759 42 0.88,
56813 18 0.44,
56868 54 0.62,
56896 23 0.89,
56925 85 0.05,
56970 37 0.53,
56977 25 0.67,
57030 51 0.79,
57078 40 0.76,
57133 68 0.02,
57218 6 0.57,
57234 77 0.9,
57282 26 0.54,
57308 32 0.42,
57388 68 0.42,
57435 0 0.58,
57445 43 0.24,
57529 87 0.3,
57603 93 0.25,
57649 15 0.93,
57709 7 0.14,
57770 6 0.14,
57808 8 0.3,
57853 94 0.69,
57912 72 0.88,
57958 37 0.91,
57979 76 0.63,
58028 57 0.05,
58097 54 0.71,
58098 52 0.81,
58118 16 0.68,
58148 36 0.86,
58156 10 0.34,
58202 39 0.68,
58229 97 0.28,
58287 19 0.42,
58331 50 0.32,
58381 47 0.1,
58386 70 0.42,
58389 9 0.52,
58464 76 0.76,
58553 82 0.68,
58578 42 0.38,
58633 67 0.99,
58659 79 0.63,
58711 10 0.33,
58711 45 0.09,
58787 86 0.32,
58852 25 0.56,
58864 6 0.69,
58891 38 0.42,
58909 52 0.64,
58921 98 0.06,
58944 71 0.18,
58951 78 0.63,
59000 36 0.48,
59058 64 0.65,
59111 49 0.4,
59176 37 0.54,
59261 18 0.31,
59299 25 0.47,
59302 19 0.9,
59389 29 0.1,
59460 6 0.13,
59490 66 0.55,
59578 5 0.57,
59626 88 0.57,
59670 85 0.76,
59696 63 0.41,
59757 5 0.93,
59833 74 0.21,
59869 29 0.73,
59957 48 0.05,
60041 48 0.98,
60047 77 0.35,
60050 62 0.93,
60095 8 0.04,
60111 45 0.29,
60140 15 0.8,
60193 69 0.45,
60238 8 0.15,
60307 84 0.91,
60310 2 0.94,
60360 37 0.2,
60406 81 0.42,
60438 45 0.26,
60520 98 0.49,
60588 28 0.12,
60671 67 0.49,
60751 66 0.43,
60807 12 0.61,
60808 31 0.88,
60862 8 0.75,
60923 20 0.12,
60980 57 0.13,
61008 60 0.02,
61008 52 0.71,
61066 78 0.78,
61070 20 0.93,
61123 41 0.79,
61123 31 0.64,
61190 15 0.88,
61252 32 0.81,
61302 71 0.65,
61381 8 0.19,
61467 59 0.69,
61475 72 0.22,
61535 96 0.73,
61570 19 0.61,
61604 23 0.5,
61623 42 0.5,
61688 97 0.29,
61769 36 0.21,
61778 36 0.23,
61797 37 0.21,
61825 98 0.26,
61858 17 0.36,
61895 67 0.9,
61944 89 0.62,
61993 1 0.02,
62026 87 0.47,
62074 87 0.7,
62108 48 0.71,
62119 21 0.04,
62170 47 0.55,
62203 93 0.63,
62263 42 0.18,
62270 12 0.4,
62278 65 0.62,
62319 48 0.69,
62389 98 0.57,
62477 2 0.59,
62537 60 1.0,
62611 86 0.29,
62666 17 0.14,
62724 15 0.04,
62735 21 0.05,
62788 33 0.06,
62877 87 0.28,
62960 35 0.42,
62998 88 0.73,
63013 12 0.88,
63100 54 0.18,
63189 53 0.75,
63258 24 0.14,
63300 42 0.79,
63318 63 0.98,
63344 58 0.63,
63378 60 0.16,
63457 39 0.59,
63540 63 0.18,
63558 3 0.09,
63644 64 0.95,
63646 60 0.8,
63709 13 0.77,
63778 90 0.66,
63781 60 0.29,
63842 7 0.98,
63881 73 0.87,
63963 49 0.38,
64007 12 0.65,
64048 87 0.06,
64108 86 0.44,
64191 62 0.62,
64247 71 0.9,
64256 25 0.34,
64284 37 0.58,
64346 35 0.45,
64416 37 0.51,
64459 48 0.89,
64537 59 0.2,
64592 48 0.48,
64641 7 0.94,
64675 36 0.69,
64719 42 0.06,
64798 4 0.94,
64806 64 0.06,
64860 62 1.0,
64864 77 0.98,
64865 84 0.01,
64902 36 0.63,
64963 75 0.85,
65026 45 0.72,
65044 35 0.69,
65078 15 0.84,
65161 79 0.8,
65239 35 0.22,
65279 46 0.29,
65285 54 0.08,
65295 92 0.43,
65323 42 0.87,
65391 43 0.56,
65411 83 0.85,
65475 27 0.06,
65546 72 0.48,
65558 4 0.11,
65567 44 0.25,
65655 48 0.68,
65663 21 0.68,
65703 99 0.86,
65749 7 0.44,
65803 96 0.78,
65829 99 0.08,
65869 93 0.61,
65933 52 0.78,
65952 76 0.54,
65959 68 0.02,
66027 88 0.11,
66101 66 0.54,
66121 72 0.07,
66141 84 0.69,
66181 57 0.08,
66257 46 0.87,
66260 79 0.43,
66342 24 0.47,
66394 11 0.84,
66452 3 0.27,
66522 6 0.23,
66545 67 0.62,
66616 51 0.53,
66634 53 0.2,
66654 7 0.47,
66677 23 0.96,
66721 97 0.58,
66722 48 0.35,
66776 58 0.45,
66845 68 0.04,
66859 30 0.74,
66882 84 0.78,
66925 25 0.28,
66940 36 0.97,
66981 90 0.44,
67068 6 0.92,
67145 66 0.72,
67184 23 0.68,
67258 35 0.72,
67314 85 0.95,
67395 89 0.53,
67440 16 0.33,
67463 16 0.74,
67473 21 0.69,
67560 32 0.92,
67615 57 0.55,
67628 66 0.76,
67640 92 0.11,
67680 56 0.82,
67757 25 0.84,
67824 45 0.66,
67837 31 0.36,
67863 9 0.19,
67880 74 0.59,
67965 5 0.64,
68036 61 0.85,
68117 19 0.66,
68161 74 0.36,
68244 11 0.89,
68246 88 1.0,
68268 52 0.04,
68297 26 0.66,
68304 22 0.6,
68332 5 0.56,
68412 48 0.59,
68431 14 0.16,
68472 57 0.69,
68500 95 0.67,
68577 51 0.78,
68622 0 0.03,
68692 81 0.15,
68757 75 0.64,
68817 55 0.69,
68852 53 0.55,
68938 3 0.96,
68999 86 0.35,
69036 67 0.2,
69106 17 0.19,
69150 31 0.82,
69206 34 0.95,
69292 30 1.0,
69315 5 0.14,
69348 66 0.08,
69420 62 0.35,
69487 39 0.76,
69572 49 0.98,
69586 43 0.4,
69650 44 0.12,
69651 16 0.68,
69686 71 0.28,
69696 79 0.69,
69781 40 0.32,
69807 18 0.45,
69824 90 0.04,
69866 25 0.29,
69866 54 0.82,
69925 17 0.89,
69933 18 0.45,
70012 90 0.71,
70023 96 0.75,
70110 81 0.21,
70149 30 0.14,
70174 51 0.13,
70221 39 0.16,
70305 52 0.69,
70371 26 0.75,
70395 22 0.16,
70441 96 0.7,
70485 88 0.72,
70520 43 0.14,
70545 51 0.6,
70601 62 0.77,
70661 7 0.46,
70716 80 0.65,
70775 48 0.8,
70831 57 0.9,
70890 17 0.68,
70897 50 0.28,
70962 62 0.2,
70980 44 0.24,
70992 41 0.66,
71064 57 0.77,
71143 1 0.31,
71168 75 0.56,
71245 76 0.03,
71263 56 0.21,
71315 56 0.42,
71341 44 0.99,
71385 61 0.92,
71466 29 0.24,
71536 16 0.82,
71579 5 0.57,
71634 76 0.7,
71706 47 0.13,
71767 61 0.56,
71768 21 0.8,
71835 55 0.76,
71907 74 0.96,
71962 87 0.94,
72029 6 0.97,
72035 24 0.95,
72039 1 0.62,
72089 68 0.11,
72155 7 0.41,
72203 49 0.43,
72287 72 0.83,
72356 79 0.46,
72388 53 0.71,
72454 61 0.23,
72543 66 0.26,
72544 80 0.42,
72632 5 0.09,
72697 53 0.73,
72736 29 0.75,
72788 30 0.62,
72863 94 0.18,
72933 57 0.11,
72994 77 0.1,
73060 36 0.21,
73087 26 0.05,
73158 77 0.76,
73178 53 0.94,
73259 28 0.38,
73288 20 0.07,
73360 33 0.91,
73361 41 0.43,
73406 44 0.95,
73450 87 0.94,
73497 51 0.86,
73512 73 0.84,
73583 57 0.16,
73657 48 0.48,
73731 87 0.94,
73748 10 0.64,
73806 72 0.28,
73844 60 0.08,
73873 80 0.35,
73923 81 0.85,
73976 43 0.13,
74022 46 0.32,
74023 23 0.38,
74086 5 0.92,
74170 3 0.04,
74227 41 0.92,
74262 10 0.82,
74313 36 0.38,
74326 38 0.86,
74377 57 0.45,
74386 27 0.45,
74389 79 0.17,
74397 51 0.47,
74444 74 0.01,
74471 98 0.94,
74533 59 0.14,
74622 29 0.84,
74625 95 0.18,
74709 32 0.25,
74774 15 0.38,
74812 85 0.69,
74859 42 0.45,
74946 98 0.15,
74954 2 0.65,
75015 66 0.41,
75100 22 0.92,
75133 63 0.34,
75170 13 0.38,
75211 15 0.56,
75282 32 0.57,
75367 14 0.68,
75395 84 0.31,
75453 32 1.0,
75506 20 0.2,
75530 65 0.23,
75613 7 0.63,
75658 35 0.46,
75685 16 0.35,
75729 82 0.72,
75734 11 0.56,
75766 9 0.62,
75819 31 0.35,
75891 42 0.98,
75948 4 0.44,
75992 31 0.72,
76014 3 0.78,
76099 81 0.83,
76164 39 0.99,
76202 10 0.1,
76231 24 0.52,
76310 62 0.9,
76358 57 0.98,
76405 87 0.51,
76427 84 0.27,
76452 86 0.67,
76457 39 0.44,
76466 78 0.63,
76530 4 0.88,
76578 20 0.84,
76658 95 0.77,
76666 59 0.67,
76731 30 0.66,
76810 7 0.86,
76896 60 0.31,
76930 84 0.33,
76975 82 0.14,
77042 49 0.62,
77075 83 0.53,
77142 4 0.68,
77185 51 0.6,
77269 82 0.44,
77313 26 0.81,
77348 59 0.12,
77388 65 0.75,
77458 20 0.75,
77541 86 0.71,
77604 66 0.64,
77626 13 0.18,
77626 28 0.25,
77677 96 0.83,
77680 46 0.08,
77705 48 0.38,
77723 88 0.1,
77804 44 0.95,
77875 64 0.22,
77949 70 0.27,
78006 44 0.26,
78063 71 0.46,
78065 70 0.95,
78069 91 0.57,
78075 52 0.64,
78091 10 0.33,
78145 51 0.67,
78158 60 0.81,
78163 40 0.57,
78234 38 0.65,
78283 45 0.63,
78314 35 0.74,
78315 57 0.09,
78342 83 0.23,
78413 12 0.57,
78431 63 0.99,
78459 33 0.7,
78523 72 0.34,
78574 77 0.73,
78637 91 0.77,
78644 45 0.12,
78716 39 0.02,
78792 29 0.75,
78858 47 0.28,
78903 23 0.35,
78950 51 0.05,
78970 25 0.52,
79037 82 0.93,
79106 23 0.7,
79135 68 1.0,
79212 51 0.69,
79233 16 0.42,
79309 55 0.74,
79361 42 0.91,
79441 34 0.89,
79468 56 0.94,
79510 38 0.42,
79524 42 0.31,
79532 12 0.26,
79588 52 0.06,
79656 18 0.21,
79705 67 0.36,
79705 53 0.15,
79741 74 0.34,
79755 39 0.97,
79782 78 0.71,
79807 11 0.55,
79843 23 0.71,
79857 43 0.8,
79898 62 0.3,
79935 91 0.71,
79995 45 0.45,
80030 87 0.3,
80048 84 0.41,
80054 46 0.3,
80106 88 0.92,
80180 0 0.75,
80231 82 0.27,
80255 90 0.09,
80340 75 0.66,
80387 42 0.91,
80457 85 0.41,
80459 46 0.09,
80486 17 0.08,
80516 9 0.37,
80529 16 0.84,
80563 10 0.74,
80633 38 0.85,
80636 30 0.32,
80664 82 0.01,
80664 62 0.3,
80678 18 0.25,
80763 3 0.69,
80814 18 0.47,
80869 52 0.57,
80894 98 0.02,
80916 77 0.84,
80951 80 0.45,
81039 12 0.41,
81090 38 0.73,
81142 25 0.63,
81175 61 0.44,
81258 64 0.27,
81303 24 0.62,
81371 60 1.0,
81372 90 0.83,
81419 71 0.47,
81483 71 0.52,
81541 38 0.87,
81541 84 0.67,
81626 18 0.71,
81652 90 0.12,
81699 11 0.32,
81733 97 0.75,
81776 75 0.38,
81856 95 0.7,
81886 74 0.55,
81944 74 0.37,
81962 39 0.16,
81989 57 0.66,
82016 69 0.37,
82032 45 0.38,
82094 68 0.61,
82119 28 0.42,
82189 66 0.39,
82206 6 0.98,
82253 28 0.94,
82294 59 1.0,
82377 84 0.17,
82402 79 0.9,
82458 4 0.46,
82511 63 0.15,
82517 26 0.05,
82533 42 0.87,
82544 13 0.76,
82583 53 0.1,
82636 93 0.43,
82647 46 0.44,
82689 97 0.76,
82764 24 0.17,
82766 68 0.62,
82818 55 0.65,
82850 20 0.12,
82896 10 0.83,
82919 43 0.23,
82948 47 0.97,
83022 82 0.02,
83062 70 0.61,
83093 91 0.69,
83124 26 0.12,
83154 46 0.12,
83167 47 0.96,
83222 23 0.02,
83234 93 0.87,
83254 11 0.07,
83287 11 0.51,
83318 64 0.42,
83350 39 0.15,
83402 70 0.88,
83402 28 0.21,
83436 20 0.19,
83521 5 0.09,
83531 12 0.81,
83614 31 0.6,
83664 89 0.37,
83682 64 0.13,
83751 46 0.29,
83781 91 0.03,
83860 31 0.52,
83939 55 0.03,
84010 93 0.69,
84044 37 0.88,
84120 25 0.2,
84185 5 0.7,
84190 61 0.69,
84279 68 0.56,
84294 83 0.13,
84299 50 0.68,
84370 41 0.96,
84438 58 0.19,
84513 0 0.49,
84560 56 0.9,
84594 43 1.0,
84615 20 0.63,
84703 47 0.03,
84734 0 0.56,
84776 82 0.83,
84794 87 0.25,
84857 47 0.14,
84911 90 1.0,
84918 58 0.06,
84965 91 0.08,
85010 40 0.12,
85048 20 0.57,
85119 72 0.06,
85204 21 0.01,
85272 37 0.23,
85360 78 0.55,
85403 37 0.38,
85451 52 0.59,
85513 61 0.37,
85568 56 0.79,
85626 55 0.72,
85688 46 0.16,
85725 7 0.29,
85729 95 0.55,
85759 13 0.55,
85791 7 0.72,
85832 12 0.53,
85898 43 0.68,
85923 0 0.9,
86010 91 0.19,
86026 88 0.29,
86095 88 0.69,
86119 61 0.01,
86168 57 0.1,
86186 74 0.53,
86191 31 0.48,
86224 7 0.91,
86295 16 0.4,
86305 85 0.87,
86312 98 0.06,
86379 73 0.88,
86415 65 0.71,
86446 60 0.49,
86525 30 0.59,
86537 34 0.14,
86591 30 0.65,
86660 86 0.63,
86689 54 0.78,
86775 13 0.06,
86848 59 0.83,
86927 66 0.98,
86976 67 0.23,
87015 97 0.39,
87056 55 0.85,
87086 70 0.37,
87101 95 0.52,
87176 25 0.85,
87210 55 0.13,
87223 80 0.94,
87300 62 0.73,
87352 43 0.74,
87424 64 0.4,
87502 56 0.8,
87557 78 0.78,
87566 4 0.79,
87632 14 0.84,
87649 27 0.38,
87650 51 0.2,
87698 89 1.0,
87737 78 0.1,
87793 23 0.92,
87801 86 0.37,
87880 35 0.41,
87905 44 0.1,
87968 53 0.86,
88048 25 0.46,
88105 88 0.35,
88131 95 0.27,
88208 76 0.22,
88248 39 0.64,
88295 75 0.09,
88357 13 0.85,
88366 94 0.21,
88451 57 0.47,
88534 55 0.77,
88571 73 0.11,
88636 41 0.4,
88695 72 0.2,
88736 28 0.4,
88736 36 0.92,
88766 64 0.16,
88785 41 0.64,
88863 79 0.33,
88873 9 0.48,
88960 23 0.04,
88992 33 0.25,
89025 31 0.37,
89033 63 0.19,
89091 57 0.75,
89117 56 0.73,
89120 81 0.48,
89124 78 0.64,
89189 58 0.84,
89244 15 0.75,
89327 63 0.62,
89396 66 0.83,
89408 70 0.68,
89409 41 0.27,
89486 17 0.83,
89574 17 0.7,
89625 34 0.93,
89670 34 0.15,
89750 41 0.51,
89839 98 0.2,
89841 66 0.01,
89876 41 0.67,
89942 24 0.14,
89970 80 0.79,
90018 63 0.62,
90055 99 0.29,
90085 52 0.46,
90152 2 0.8,
90224 47 0.85,
90231 41 0.51,
90319 60 0.47,
90372 90 0.07,
90447 45 0.52,
90461 50 0.66,
90487 59 0.22,
90547 57 0.33,
90622 8 0.98,
90640 33 0.58,
90682 82 0.73,
90749 69 0.3,
90791 45 0.88,
90816 56 0.31,
90826 64 0.83,
90866 6 0.85,
90873 80 0.49,
90925 54 0.77,
91006 75 0.08,
91062 27 0.52,
91064 57 0.71,
91084 1 0.88,
91105 11 0.36,
91162 4 0.54,
91235 95 0.88,
91281 98 0.77,
91283 12 0.86,
91290 17 0.93,
91308 59 0.75,
91315 94 0.72,
91340 82 0.8,
91367 83 0.48,
91433 30 0.27,
91488 3 0.26,
91523 16 0.08,
91597 23 0.18,
91598 65 0.65,
91626 87 1.0,
91674 98 0.71,
91739 12 0.58,
91806 4 0.66,
91859 42 0.12,
91884 57 0.67,
91942 11 0.59,
92003 23 0.81,
92047 86 0.19,
92087 43 0.38,
92093 97 0.57,
92116 45 0.29,
92185 86 0.54,
92269 87 0.86,
92335 65 0.06,
92382 24 0.62,
92463 88 0.52,
92503 66 0.72,
92560 78 0.49,
92639 43 0.58,
92705 20 0.46,
92743 27 0.6,
92768 5 0.61,
92818 24 0.33,
92900 74 0.1,
92928 27 0.09,
92960 76 0.39,
93037 57 0.33,
93087 21 0.49,
93130 27 0.78,
93176 27 0.8,
93222 81 0.49,
93307 49 0.85,
93316 99 0.72,
93351 21 0.93,
93392 61 0.98,
93418 23 0.16,
93445 83 0.55,
93529 42 0.66,
93572 71 0.83,
93644 14 0.59,
93729 38 0.63,
93732 74 0.17,
93768 11 0.21,
93846 51 0.4,
93858 81 0.28,
93887 95 0.69,
93920 31 0.16,
93978 91 0.69,
94035 76 1.0,
94074 96 0.82,
94151 90 0.12,
94196 79 0.42,
94212 83 0.73,
94283 80 0.96,
94369 42 0.33,
94432 49 0.28,
94482 22 0.41,
94547 43 0.65,
94603 80 0.84,
94619 42 0.43,
94619 3 0.52,
94707 92 0.76,
94725 50 0.59,
94790 13 0.88,
94829 43 0.52,
94878 95 0.78,
94943 27 0.3,
95025 30 0.86,
95078 22 0.02,
95094 89 0.98,
95099 87 0.9,
95154 27 1.0,
95162 85 0.12,
95174 39 0.24,
95187 25 0.4,
95267 18 0.1,
95339 33 0.17,
95339 34 0.22,
95423 49 0.79,
95492 25 0.01,
95579 54 0.4,
95615 67 0.84,
95688 42 0.95,
95740 24 0.79,
95799 37 0.99,
95871 62 0.51,
95931 25 0.04,
95944 29 0.26,
95968 49 0.12,
96027 50 0.25,
96105 33 0.1,
96142 0 0.28,
96219 9 0.66,
96306 79 0.85,
96354 5 0.29,
96358 63 0.49,
96438 38 0.96,
96438 21 1.0,
96510 43 0.04,
96580 86 0.77,
96622 13 0.4,
96706 89 0.25,
96766 91 0.19,
96768 64 0.72,
96815 3 0.03,
96863 58 0.59,
96879 88 0.21,
96908 94 0.18,
96971 52 0.68,
97004 15 0.76,
97004 10 0.78,
97052 36 0.4,
97111 16 0.71,
97170 53 0.04,
97239 50 0.45,
97298 0 0.88,
97386 45 0.42,
97468 46 0.69,
97515 83 0.2,
97542 60 0.35,
97564 93 0.94,
97608 18 0.57,
97654 44 0.62,
97681 60 0.75,
97689 95 0.12,
97743 39 0.18,
97788 4 0.07,
97816 61 0.78,
97849 55 0.78,
97933 51 0.17,
97991 34 0.72,
98010 70 0.21,
98088 99 0.24,
98135 48 0.6,
98217 54 0.86,
98217 18 0.64,
98222 7 0.92,
98306 77 0.3,
98369 14 0.59,
98386 45 0.18,
98449 76 0.16,
98506 70 0.59,
98533 19 0.25,
98546 27 0.7,
98567 76 0.31,
98575 24 0.98,
98612 65 0.64,
98638 95 0.16,
98727 43 0.52,
98789 16 0.69,
98858 10 0.37,
98894 82 0.49,
98927 6 0.22,
98969 5 0.02,
99031 66 0.17,
99095 98 0.81,
99108 70 0.92,
99168 60 0.8,
99241 6 0.25,
99289 40 0.77,
99306 84 0.32,
99352 15 0.13,
99369 22 0.33,
99458 21 0.86,
99533 66 0.12,
99545 13 0.01,
99568 50 1.0,
99637 53 0.18,
99715 40 0.63,
99727 69 0.11,
99734 33 0.72,
99770 34 0.05,
99831 2 0.23,
99878 37 0.49,
99915 85 0.49,
99994 11 0.44,
100006 66 0.47,
100063 31 0.45,
100070 13 0.14,
100155 7 0.48,
100194 63 0.7,
100218 86 0.47,
100241 7 0.54,
100315 22 0.93,
100356 15 0.6,
100433 15 0.04,
100521 32 0.08,
100540 0 0.78,
100569 85 0.9,
100577 41 0.59,
100613 64 0.98,
100627 16 0.77,
100655 8 0.37,
100729 59 0.72,
100817 60 0.94,
100827 71 0.63,
100862 20 0.67,
100871 80 0.02,
100941 39 0.98,
100984 57 0.63,
101071 42 0.51,
101134 99 0.96,
101201 4 0.94,
101224 79 0.77,
101278 40 0.17,
101313 98 0.19,
101381 86 0.52,
101438 95 0.93,
101475 75 0.79,
101549 3 0.87,
101549 92 0.39,
101584 44 0.57,
101616 59 0.91,
101647 65 0.08,
101721 17 0.03,
101760 98 0.11,
101795 41 0.76,
101820 24 0.3,
101908 42 0.75,
101932 92 0.56,
101987 49 0.68,
102055 87 0.32,
102059 49 0.37,
102074 35 0.17,
102135 14 0.33,
102141 3 0.85,
102144 0 0.5,
102213 7 0.71,
102264 79 0.89,
102311 21 0.59,
102329 65 0.85,
102335 12 0.61,
102418 29 0.88,
102505 22 0.88,
102541 64 0.9,
102562 49 0.32,
102644 85 0.53,
102699 38 0.13,
102699 50 0.91,
102749 81 0.58,
102822 21 0.05,
102876 76 0.93,
102946 4 0.14,
102973 39 0.72,
103051 67 0.59,
103083 48 0.23,
103162 96 0.58,
103167 58 0.77,
103205 52 0.56,
103234 43 0.16,
103242 62 0.43,
103303 90 0.22,
103357 72 0.93,
103396 31 0.07,
103432 0 0.93,
103469 38 0.29,
103549 24 0.59,
103631 36 0.71,
103717 80 0.96,
103772 46 0.99,
103840 97 0.71,
103845 33 0.35,
103858 93 0.14,
103896 99 0.82,
103969 10 0.7,
103991 96 1.0,
104031 94 0.97,
104042 76 0.79,
104058 26 0.94,
104077 25 0.43,
104128 67 0.81,
104135 98 0.46,
104138 41 0.18,
104165 42 0.49,
104174 1 0.15,
104190 99 0.78,
104190 94 0.82,
104275 33 0.05,
104308 0 0.76,
104331 40 0.32,
104401 31 0.32,
104436 90 0.4,
104489 62 0.26,
104512 74 0.76,
104580 26 0.81,
104589 82 0.83,
104603 92 0.31,
104618 55 0.66,
104630 46 0.17,
104649 21 0.36,
104676 35 0.63,
104696 52 0.62,
104715 6 0.73,
104803 22 0.97,
104860 53 0.85,
104932 10 0.07,
104973 23 0.55,
105000 30 0.95,
105053 19 0.87,
105076 90 0.86,
105159 67 0.3,
105223 25 0.14,
105271 24 0.31,
105276 54 0.14,
105300 9 0.5,
105300 21 0.72,
105367 61 0.14,
105400 75 0.41,
105485 19 0.77,
105539 58 0.2,
105617 8 0.56,
105650 59 0.54,
105694 83 0.43,
105766 7 0.14,
105847 72 0.54,
105915 92 0.16,
106002 37 0.75,
106040 94 0.34,
106084 37 0.15,
106084 19 0.41,
106110 56 0.61,
106188 36 0.45,
106201 37 0.71,
106278 60 0.85,
106358 91 0.34,
106404 3 0.9,
106484 26 0.7,
106524 8 0.53,
106605 92 0.83,
106614 53 0.41,
106689 18 0.62,
106696 88 0.37,
106768 84 0.07,
106800 31 0.75,
106855 64 0.94,
106881 18 0.73,
106969 82 0.31,
106970 65 0.51,
107046 91 0.03,
107094 52 0.5,
107137 31 0.34,
107198 70 0.13,
107286 54 0.31,
107355 16 0.37,
107400 53 0.16,
107414 83 0.08,
107427 63 0.27,
107430 88 0.64,
107450 0 0.41,
107494 65 0.26,
107566 7 0.36,
107644 10 0.95,
107680 5 0.12,
107684 37 0.26,
107773 59 0.21,
107812 40 0.17,
107862 85 0.94,
107898 26 0.25,
107926 47 0.63,
107971 94 0.23,
107979 20 0.2,
108047 3 0.96,
108103 79 0.65,
108191 22 0.33,
108272 99 0.89,
108305 27 0.91,
108357 73 0.56,
108374 23 0.22,
108456 64 0.57,
108517 79 0.11,
108543 51 0.42,
108559 79 0.95,
108614 85 0.11,
108662 14 0.63,
108749 1 0.74,
108785 36 0.1,
108788 77 0.74,
108869 11 0.94,
108952 52 0.92,
108997 49 0.26,
109056 14 0.89,
109134 60 0.47,
109188 79 0.49,
109224 21 1.0,
109247 49 0.94,
109296 44 0.99,
109371 61 0.98,
109443 76 0.62,
109443 90 0.55,
109510 34 0.96,
109580 28 0.53,
109593 5 0.83,
109671 97 0.3,
109742 51 0.16,
109765 60 0.23,
109793 11 0.02,
109835 83 0.47,
109896 68 0.41,
109968 87 0.34,
110037 97 0.04,
110073 98 0.97,
110111 76 0.04,
110159 5 0.28,
110211 4 0.62,
110265 90 0.46,
110265 48 0.7,
110328 30 0.41,
110377 26 0.77,
110389 58 0.68,
110409 74 0.2,
110445 39 0.48,
110516 85 0.64,
110588 55 0.28,
110662 54 0.76,
110734 7 0.44,
110781 53 0.67,
110815 3 0.03,
110859 52 0.24,
110911 6 0.11,
110929 76 0.41,
110990 19 0.57,
110992 37 0.3,
111003 22 0.28,
111004 40 0.61,
111022 37 0.66,
111073 42 0.88,
111124 89 0.13,
111188 81 0.41,
111249 86 0.68,
111320 94 0.47,
111323 30 0.15,
111397 15 0.9,
111479 92 0.2,
111482 46 0.21,
111531 98 0.93,
111610 51 0.53,
111616 12 0.07,
111620 84 0.51,
111681 55 0.3,
111757 64 0.73,
111803 62 0.37,
111813 46 0.03,
111864 59 0.72,
111925 30 0.03,
111928 59 0.32,
112003 7 0.62,
112009 25 0.38,
112033 28 0.99,
112042 22 0.9,
112062 73 0.85,
112112 93 0.46,
112201 3 0.8,
112247 75 0.84,
112287 16 0.46,
112371 90 0.94,
112444 8 0.73,
112500 40 0.96,
112503 64 0.89,
112578 79 0.5,
112638 28 0.86,
112712 85 0.89,
112789 59 0.16,
112842 73 0.03,
112880 83 0.81,
112949 50 0.39,
112969 60 0.33,
112972 53 0.25,
113012 13 0.4,
113053 9 0.52,
113122 56 0.78,
113172 65 0.73,
113222 6 0.57,
113286 44 0.88,
113352 27 0.51,
113423 67 0.71,
113449 65 0.6,
113484 39 0.41,
113517 59 0.42,
113574 64 0.98,
113656 34 0.58,
113656 6 0.79,
113700 93 0.84,
113744 27 0.55,
113807 33 0.12,
113888 39 0.92,
113936 52 0.55,
113983 15 0.33,
114005 99 0.77,
114092 79 0.45,
114158 39 0.71,
114246 79 0.04,
114270 9 0.99,
114330 64 0.61,
114341 93 0.22,
114390 20 0.11,
114443 39 0.47,
114464 49 0.99,
114497 92 0.59,
114584 0 0.17,
114628 71 0.32,
114693 93 0.24,
114742 5 0.29,
114803 91 0.4,
114811 28 0.27,
114843 98 0.07,
114845 95 0.1,
114901 43 0.65,
114945 76 0.98,
114993 24 0.88,
115070 52 0.74,
115081 99 0.81,
115103 91 0.58,
115156 31 0.07,
115230 63 0.74,
115277 2 0.64,
115295 40 0.2,
115303 96 0.65,
115386 78 0.73,
115410 26 0.68,
115422 86 0.42,
115451 10 0.66,
115537 50 0.66,
115622 33 0.43,
115651 56 0.87,
115658 16 0.33,
115707 89 0.98,
115746 14 0.56,
115772 82 0.78,
115841 31 0.68,
115892 74 0.51,
115917 28 0.36,
116002 41 0.75,
116029 9 0.68,
116077 1 0.69,
116078 98 0.86,
116151 79 0.53,
116224 28 0.86,
116272 92 0.33,
116349 24 0.84,
116402 25 0.02,
116491 27 0.41,
116578 79 0.99,
116657 29 1.0,
116673 43 0.86,
116687 5 0.83,
116707 11 0.11,
116762 18 0.07,
116785 1 0.95,
116849 79 0.96,
116885 58 0.66,
116888 50 0.72,
116966 44 0.56,
116989 11 0.33,
117015 72 0.22,
117053 86 0.93,
117111 11 0.42,
117190 67 0.63,
117249 7 0.65,
117338 78 1.0,
117394 29 0.67,
117443 13 0.69,
117529 63 0.09,
117605 55 0.23,
117657 44 0.73,
117676 44 0.75,
117702 77 0.57,
117730 97 0.06,
117731 74 0.43,
117818 50 0.87,
117867 26 0.78,
117936 65 1.0,
117960 52 0.87,
118021 30 0.82,
118032 53 0.29,
118062 65 0.27,
118116 76 0.45,
118204 48 0.81,
118212 78 0.28,
118223 15 0.84,
118243 29 0.17,
118296 41 0.87,
118323 89 0.19,
118324 95 0.86,
118410 2 0.45,
118438 42 0.66,
118465 54 0.62,
118527 96 0.35,
118580 97 0.08,
118580 35 0.53,
118641 11 0.79,
118665 72 1.0,
118688 96 0.2,
118713 42 0.3,
118734 49 0.25,
118800 35 0.09,
118829 2 0.38,
118881 66 0.43,
118949 0 0.76,
118988 94 0.27,
119005 99 0.33,
119042 14 0.23,
119079 4 0.28,
119144 13 0.77,
119212 6 0.25,
119268 1 1.0,
119290 3 0.58,
119356 59 1.0,
119396 58 0.25,
119459 93 0.52,
119490 80 0.4,
119552 39 0.47,
119558 31 0.71,
119630 50 0.85,
119719 29 0.26,
119781 52 0.76,
119785 16 0.31,
119846 32 0.7,
119893 2 0.65,
119973 80 0.13,
120048 98 0.71,
120123 0 0.14,
120210 28 0.05,
120295 76 0.89,
120315 97 0.85,
120334 51 0.62,
120370 73 0.45,
120433 78 0.7,
120520 53 0.61,
120545 75 0.77,
120587 59 0.88,
120592 47 0.18,
120647 51 0.96,
120710 56 0.62,
120724 89 0.37,
120810 22 0.55,
120833 89 0.96,
120922 36 0.21,
120991 0 0.97,
121000 51 0.76,
121001 9 0.97,
121088 26 0.65,
121167 98 0.7,
121199 30 0.11,
121250 93 0.79,
121250 9 0.29,
121319 52 0.11,
121331 25 0.99,
121417 63 1.0,
121431 91 0.11,
121491 4 0.78,
121523 84 0.83,
121570 81 0.77,
121649 11 0.46,
121703 33 0.18,
121787 5 0.88,
121856 78 0.1,
121891 61 0.57,
121971 83 0.57,
122049 8 0.91,
122135 5 0.09,
122215 89 1.0,
122303 81 0.12,
122351 65 0.29,
122356 97 0.83,
122444 70 0.65,
122473 78 1.0,
122526 80 0.44,
122580 40 0.72,
122610 18 0.48,
122687 1 0.39,
122725 38 0.95,
122779 90 0.32,
122814 31 0.7,
122831 89 0.01,
122908 35 0.83,
122985 84 0.59,
123072 7 0.37,
123150 23 0.67,
123195 80 0.11,
123208 70 0.09,
123249 45 0.09,
123262 71 0.45,
123292 77 0.71,
123333 31 0.74,
123387 12 0.52,
123410 57 0.25,
123426 39 0.31,
123484 72 0.26,
123506 94 0.18,
123574 5 0.1,
123644 29 0.68,
123691 99 0.48,
123768 57 0.98,
123816 71 0.33,
123818 21 0.51,
123891 61 0.87,
123964 6 0.39,
123970 13 0.52,
124057 68 0.6,
124079 32 0.16,
124082 14 0.43,
124171 20 0.43,
124180 74 0.74,
124205 24 0.44,
124263 78 0.85,
124290 23 0.56,
124320 45 0.27,
124332 92 0.12,
124372 84 0.06,
124444 3 0.28,
124517 31 0.87,
124549 61 0.06,
124599 1 0.56,
124665 5 0.7,
124745 74 0.68,
124811 15 0.74,
124858 93 0.73,
124891 22 0.13,
124956 88 0.23,
125004 76 0.49,
125033 17 0.09,
125059 42 0.49,
125112 34 0.27,
125119 7 0.91,
125205 86 0.87,
125211 77 0.32,
125291 94 0.06,
125293 32 0.27,
125321 96 0.25,
125371 7 0.85,
125387 41 0.73,
125420 99 0.15,
125433 82 0.19,
125492 26 0.45,
125554 93 0.27,
125554 33 0.65,
125635 23 0.13,
125721 45 0.96,
125728 60 0.44,
125788 79 0.31,
125801 29 0.42,
125886 77 0.59,
125972 39 0.74,
126015 26 0.87,
126059 29 0.64,
126111 95 0.97,
126118 72 0.46,
126164 72 0.5,
126225 68 0.52,
126268 0 0.28,
126274 72 0.21,
126343 55 0.2,
126373 10 0.31,
126443 4 0.84,
126493 28 0.73,
126565 52 0.71,
126650 3 0.03,
126681 84 0.39,
126713 34 0.58,
126725 5 0.66,
126764 4 0.99,
126808 5 0.99,
126883 36 0.89,
126916 88 0.31,
126945 18 0.66,
126979 66 0.99,
127050 56 0.08,
127137 11 0.3,
127180 43 0.79,
127269 64 0.51,
127336 75 0.83,
127338 64 0.39,
127349 2 0.17,
127380 6 0.76,
127465 41 0.63,
127530 26 0.65,
127558 80 0.35,
127597 36 0.21,
127629 28 0.93,
127635 27 0.49,
127650 79 0.13,
127732 98 0.69,
127800 34 0.43,
127826 76 0.56,
127864 58 0.24,
127911 53 0.77,
127980 75 0.59,
128026 53 0.37,
128075 38 0.22,
128115 25 0.15,
128149 56 0.52,
128212 35 0.46,
128266 99 0.1,
128268 59 0.67,
128284 2 0.5,
128327 37 0.81,
128333 15 0.99,
128420 8 0.32,
128446 24 0.79,
128461 9 0.08,
128529 89 0.95,
128530 65 0.68,
128586 97 0.77,
128635 34 0.42,
128663 80 0.46,
128732 6 0.86,
128773 7 0.91,
128862 12 0.78,
128887 13 0.56,
128898 69 0.19,
128924 50 0.86,
128933 30 0.33,
128939 20 0.8,
128993 66 0.17,
129006 77 0.96,
129083 59 0.32,
129147 72 0.94,
129162 79 0.58,
129176 82 0.84,
129248 97 0.79,
129301 32 0.99,
129340 24 0.56,
129411 51 0.73,
129448 30 0.54,
129497 51 0.38,
129571 42 0.36,
129598 60 0.61,
129666 72 0.38,
129692 58 0.3,
129695 16 0.37,
129768 52 0.05,
129789 60 0.34,
129815 63 0.49,
129842 45 0.95,
129869 78 0.99,
129883 74 0.23,
129912 27 0.92,
129916 50 0.58,
129966 15 0.65,
130017 73 0.08,
130048 69 0.17,
130070 51 0.13,
130108 15 0.76,
130136 18 0.45,
130181 91 0.05,
130205 31 0.77,
130253 18 0.32,
130298 57 0.91,
130306 26 0.64,
130323 3 0.63,
130385 90 0.17,
130418 29 0.73,
130463 70 0.39,
130491 61 0.27,
130551 36 0.36,
130583 56 0.05,
130616 61 0.73,
130655 73 0.45,
130724 80 0.49,
130744 40 0.65,
130833 33 0.71,
130902 49 0.79,
130940 19 0.71,
130988 15 0.91,
131014 32 0.16,
131015 76 0.75,
131060 83 0.47,
131083 22 0.46,
131129 90 0.98,
131188 99 0.14,
131259 56 0.12,
131347 11 0.34,
131426 45 0.59,
131442 54 0.47,
131487 17 0.05,
131500 7 0.05,
131511 78 0.36,
131583 60 0.61,
131625 80 0.3,
131646 61 0.74,
131666 33 0.48,
131733 96 0.02,
131810 6 0.41,
131871 80 0.53,
131954 43 0.86,
131972 62 0.12,
131973 11 1.0,
132022 76 0.63,
132107 6 0.23,
132187 75 0.73,
132217 94 0.33,
132244 54 0.65,
132271 71 0.49,
132350 75 0.38,
132400 68 0.28,
132443 12 0.94,
132460 50 0.03,
132509 94 0.8,
132528 73 0.57,
132533 58 0.92,
132562 22 0.38,
132608 49 0.49,
132638 66 0.54,
132652 41 0.1,
132707 16 0.44,
132736 73 1.0,
132811 31 0.48,
132894 3 0.21,
132949 48 0.97,
133024 39 0.8,
133055 96 0.03,
133058 31 0.77,
133132 30 0.59,
133190 34 0.46,
133232 53 0.24,
133302 5 0.14,
133365 25 0.39,
133438 18 0.99,
133495 57 0.01,
133556 10 0.72,
133595 15 0.51,
133643 57 0.08,
133647 24 0.33,
133693 74 0.62,
133758 12 0.64,
133842 26 0.64,
133864 82 0.6,
133876 70 0.14,
133934 18 0.08,
133953 9 0.59,
133954 25 0.31,
133955 8 0.2,
134027 23 0.99,
134029 15 0.68,
134085 75 0.08,
134161 11 0.64,
134241 65 0.49,
134288 81 0.2,
134289 15 0.78,
134298 45 0.3,
134354 84 0.02,
134417 85 0.7,
134433 49 0.3,
134435 47 0.35,
134456 0 0.29,
134519 73 0.43,
134567 43 0.19,
134609 57 0.27,
134613 88 1.0,
134625 18 0.83,
134648 50 0.18,
134664 21 0.22,
134683 66 0.29,
134696 19 0.46,
134744 40 0.98,
134776 6 0.01,
134830 93 0.55,
134901 64 0.68,
134950 83 0.76,
134955 2 0.25,
135008 61 0.09,
135024 45 0.18,
135087 64 0.02,
135138 76 0.54,
135177 19 0.86,
135219 33 0.63,
135223 87 0.12,
135242 50 0.2,
135252 48 0.86,
135325 90 0.8,
135400 21 0.54,
135471 63 0.69,
135554 33 0.91,
135600 82 0.45,
135669 29 0.07,
135753 92 0.25,
135764 13 0.61,
135783 44 0.56,
135836 81 0.84,
135890 82 0.92,
135979 32 0.33,
136009 22 0.97,
136091 0 0.58,
136132 27 0.39,
136212 14 0.21,
136239 84 0.07,
136286 40 0.53,
136337 29 0.81,
136419 64 1.0,
136457 82 0.31,
136481 50 0.33,
136514 61 0.67,
136580 38 0.82,
136635 99 0.2,
136647 29 0.15,
136664 5 0.89,
136683 49 0.49,
136728 84 0.98,
136814 87 0.72,
136884 47 0.56,
136924 78 0.49,
136962 46 0.61,
137000 48 0.41,
137059 72 0.65,
137122 84 0.89,
137174 36 0.64,
137258 18 0.34,
137335 55 1.0,
137390 98 0.11,
137461 83 0.31,
137473 88 0.29,
137543 38 0.1,
137547 45 0.63,
137549 50 0.66,
137607 21 0.71,
137647 33 0.94,
137709 36 0.92,
137791 54 0.87,
137851 63 0.83,
137893 48 0.09,
137916 30 0.43,
137995 23 0.45,
138078 72 0.75,
138084 7 0.46,
138096 68 0.35,
138102 32 0.15,
138136 61 0.36,
138185 54 0.27,
138267 94 0.41,
138268 51 0.3,
138269 67 0.4,
138321 42 0.75,
138395 40 0.82,
138483 52 0.64,
138546 4 0.45,
138624 86 0.45,
138645 70 0.93,
138646 62 0.38,
138659 3 0.2,
138671 63 0.48,
138713 29 0.83,
138748 79 0.84,
138780 53 0.88,
138794 41 0.76,
138809 83 0.89,
138868 92 0.91,
138895 21 0.85,
138926 95 0.46,
138930 6 0.41,
138946 90 0.25,
138997 12 0.37,
139059 68 0.74,
139065 10 0.38,
139114 27 0.68,
139195 16 0.06,
139255 94 0.51,
139272 88 0.75,
139290 78 0.89,
139292 16 0.91,
139296 13 0.4,
139360 17 0.92,
139378 96 0.53,
139430 79 0.11,
139475 54 0.05,
139487 23 0.77,
139574 6 0.4,
139578 4 0.84,
139623 53 0.88,
139693 96 0.82,
139748 96 0.48,
139779 8 0.1,
139836 31 0.71,
139899 51 0.6,
139952 47 0.15,
139966 7 0.13,
140016 36 0.07,
140101 86 0.28,
140121 57 0.51,
140189 17 0.7,
140250 9 1.0,
140288 97 0.55,
140340 19 0.99,
140348 18 0.48,
140354 98 0.55,
140368 32 0.24,
140429 4 0.16,
140516 28 0.79,
140604 93 0.99,
140667 31 0.98,
140725 86 0.43,
140798 3 0.18,
140849 30 0.52,
140934 37 0.22,
141010 63 0.64,
141064 16 0.5,
141065 28 0.28,
141127 89 0.9,
141171 71 0.51,
141187 90 0.75,
141275 22 0.82,
141333 91 0.56,
141333 21 0.97,
141334 55 0.47,
141347 45 0.92,
141375 13 0.51,
141386 32 0.52,
141416 29 0.01,
141498 89 0.9,
141587 2 0.81,
141606 32 0.33,
141628 80 0.25,
141677 12 0.01,
141716 1 0.99,
141743 68 0.49,
141823 19 0.96,
141902 73 0.49,
141943 46 0.23,
141955 30 0.72,
142036 54 0.2,
142057 33 0.03,
142089 36 0.99,
142107 77 0.96,
142151 48 0.56,
142190 72 0.52,
142208 25 0.62,
142292 6 0.56,
142342 15 0.43,
142429 8 0.27,
142518 49 0.9,
142537 74 0.51,
142572 73 0.51,
142661 31 0.2,
142715 86 0.91,
142718 36 0.82,
142762 50 0.49,
142777 66 0.9,
142805 47 0.73,
142866 29 0.13,
142876 64 0.37,
142946 12 0.46,
143007 52 0.26,
143079 74 0.91,
143083 95 0.88,
143095 29 0.42,
143109 82 0.14,
143183 13 0.23,
143203 69 0.77,
143222 13 0.24,
143311 63 0.65,
143345 70 0.25,
143390 85 0.66,
143427 65 0.69,
143458 72 0.15,
143476 35 0.11,
143559 81 0.55,
143621 5 0.25,
143678 23 0.16,
143717 42 0.36,
143781 85 0.67,
143857 36 0.65,
143912 87 0.3,
143967 16 0.98,
144051 5 0.02,
144093 22 0.16,
144138 15 0.3,
144172 32 0.97,
144226 90 0.16,
144298 59 0.52,
144301 52 0.48,
144385 40 0.92,
144461 78 0.68,
144484 5 0.4,
144490 13 0.34,
144515 30 0.22,
144544 59 0.78,
144591 26 0.05,
144659 47 0.59,
144724 69 0.44,
144724 67 0.14,
144785 92 1.0,
144798 21 0.34,
144868 22 0.28,
144938 35 0.39,
145010 56 0.14,
145033 98 0.84,
145055 18 0.46,
145096 48 0.07,
145145 5 0.15,
145189 92 0.34,
145227 28 0.71,
145288 64 0.97,
145296 76 0.85,
145340 84 0.38,
145378 21 0.83,
145438 73 0.38,
145521 78 0.44,
145534 40 0.92,
145573 8 0.53,
145609 2 0.62,
145697 49 0.59,
145755 15 0.31,
145832 39 0.82,
145832 36 0.97,
145844 26 0.93,
145850 25 0.12,
145922 69 0.76,
145950 92 0.54,
146013 0 0.23,
146040 47 0.62,
146115 88 0.14,
146119 14 0.79,
146146 44 0.49,
146162 73 0.42,
146166 92 0.87,
146202 34 0.35,
146279 7 0.1,
146303 41 0.42,
146307 97 0.36,
146352 54 0.07,
146365 87 0.1,
146450 85 0.21,
146478 65 0.49,
146493 92 0.24,
146562 59 0.32,
146594 90 0.39,
146630 6 0.93,
146634 15 0.82,
146721 90 0.08,
146759 10 0.08,
146799 2 0.29,
146827 3 0.73,
146912 98 0.93,
146995 56 0.63,
147015 81 0.09,
147052 96 0.06,
147068 88 0.36,
147150 22 0.71,
147171 56 0.82,
147233 84 0.04,
147304 87 0.7,
147383 0 0.09,
147435 96 0.24,
147497 98 0.49,
147567 86 0.26,
147650 5 0.28,
147655 88 0.73,
147689 55 0.47,
147714 94 0.55,
147762 4 0.27,
147819 14 0.88,
147857 20 0.38,
147909 67 0.49,
147926 35 0.66,
147972 28 0.79,
148059 21 0.1,
148100 62 0.1,
148143 6 0.01,
148168 70 0.92,
148187 70 0.84,
148203 41 0.28,
148261 32 0.81,
148342 47 0.47,
148382 80 0.82,
148468 12 0.67,
148493 92 0.43,
148530 22 0.96,
148598 41 0.05,
148671 78 0.78,
148742 96 0.16,
148783 38 0.05,
148801 54 0.56,
148857 2 0.71,
148937 41 0.44,
148986 47 0.11,
149034 1 0.84,
149105 73 0.24,
149182 71 0.81,
149255 44 0.57,
149258 55 0.03,
149289 35 0.65,
149362 94 0.28,
149429 77 0.17,
149486 78 0.77,
149493 40 0.64,
149556 86 0.94,
149575 14 0.04,
149598 39 0.58,
149638 1 0.52,
149691 94 0.07,
149779 15 0.28,
149823 42 0.64,
149831 25 0.64,
149851 75 0.73,
149865 64 0.68,
149879 6 0.83,
149899 70 0.8,
149908 34 0.36,
149947 71 0.58,
149971 26 1.0,
150059 3 0.08,
150134 78 0.64,
150199 60 0.29,
150250 48 0.16,
150296 93 0.42,
150362 97 0.08,
150396 2 0.22,
150441 25 0.29,
150514 74 0.51,
150539 63 0.89,
150605 66 0.75,
150626 54 0.42,
150672 83 0.96,
150711 78 0.39,
150757 64 0.89,
150843 76 0.35,
150891 91 0.31,
150963 33 0.49,
151001 27 0.47,
151009 27 0.19,
151015 57 0.25,
151028 17 0.45,
151039 91 0.71,
151127 0 0.74,
151175 86 0.48,
151221 99 0.15,
151248 63 0.21,
151328 72 0.55,
151338 77 0.04,
151353 0 0.93,
151377 63 0.11,
151445 56 0.94,
151463 59 0.14,
151490 44 0.85,
151526 5 0.56,
151582 51 0.32,
151602 36 0.56,
151651 82 0.94,
151726 41 0.12,
151738 57 0.41,
151820 70 0.33,
151897 96 0.1,
151910 2 0.08,
151979 28 0.01,
151999 42 0.87,
152036 62 0.58,
152067 68 0.05,
152087 24 0.11,
152107 27 0.62,
152153 92 0.97,
152184 72 0.76,
152200 35 0.08,
152232 22 0.51,
152302 1 0.33,
152366 62 0.66,
152416 91 0.91,
152430 75 0.58,
152512 5 0.43,
152541 80 0.47,
152563 46 0.23,
152624 47 0.89,
152673 62 0.08,
152701 60 0.15,
152772 84 0.05,
152773 29 0.34,
152861 52 0.72,
152943 62 0.45,
153007 32 0.78,
153036 37 0.26,
153070 27 0.3,
153085 87 0.64,
153100 44 0.45,
153104 84 0.48,
153137 26 0.74,
153138 43 0.01,
153150 36 0.37,
153150 10 0.29,
153224 0 0.92,
153236 52 0.02,
153249 52 0.79,
153324 35 0.11,
153375 3 0.55,
153457 94 1.0,
153537 90 0.62,
153537 78 0.62,
153539 16 0.62,
153553 1 0.23,
153642 90 0.33,
153667 49 0.07,
153695 13 0.6,
153736 38 0.76,
153764 61 0.39,
153790 4 0.92,
153840 12 0.88,
153863 76 0.39,
153885 41 0.13,
153935 97 0.24,
154015 99 0.31,
154097 16 0.6,
154123 6 0.69,
154180 73 0.2,
154222 24 0.89,
154288 67 0.38,
154312 5 0.11,
154348 32 0.71,
154409 89 0.03,
154410 40 0.95,
154446 63 0.7,
154520 45 0.61,
154568 22 0.02,
154622 43 0.78,
154658 1 0.95,
154718 62 0.13,
154787 42 0.46,
154842 19 0.85,
154888 21 0.11,
154926 88 0.75,
154948 96 0.67,
154987 9 0.2,
155021 68 0.96,
155103 78 0.56,
155160 64 0.2,
155235 30 0.26,
155257 25 0.83,
155313 12 0.36,
155318 56 0.62,
155324 29 0.5,
155411 80 0.36,
155448 3 0.6,
155469 6 0.98,
155534 59 0.52,
155611 28 1.0,
155613 51 0.02,
155693 3 0.16,
155765 92 0.4,
155776 59 0.55,
155786 97 0.6,
155787 64 0.61,
155851 54 0.91,
155897 96 0.53,
155953 57 0.88,
155959 87 0.64,
155962 40 0.45,
155966 35 0.34,
155979 28 0.4,
156026 73 0.79,
156075 44 0.96,
156147 13 0.76,
156166 24 0.89,
156249 68 0.21,
156308 59 0.37,
156382 84 0.23,
156386 84 0.6,
156454 50 0.4,
156488 28 0.26,
156496 52 0.02,
156574 34 0.96,
156663 31 0.02,
156692 9 0.24,
156766 60 0.21,
156836 3 0.57,
156888 22 0.81,
156894 38 0.69,
156902 9 0.04,
156944 95 0.92,
156978 32 0.93,
157039 64 0.16,
157106 87 0.7,
157123 34 0.59,
157163 65 0.26,
157175 26 0.33,
157232 18 0.63,
157252 28 0.28,
157317 70 0.59,
157331 55 0.08,
157335 78 0.49,
157384 53 0.89,
157441 18 0.54,
157512 30 0.68,
157574 88 1.0,
157643 15 0.17,
157649 18 0.58,
157710 62 0.17,
157742 6 0.94,
157764 9 0.33,
157822 61 0.36,
157903 16 0.67,
157980 26 0.58,
157999 5 0.99,
158014 46 0.77,
158075 87 0.95,
158155 39 0.71,
158225 72 0.2,
158248 64 0.29,
158248 14 0.8,
158267 58 0.4,
158290 55 0.54,
158325 35 0.16,
158333 2 0.76,
158419 7 0.75,
158481 94 0.24,
158537 55 0.92,
158582 76 0.26,
158669 36 0.2,
158699 51 0.76,
158704 60 0.88,
158731 71 0.65,
158748 80 0.53,
158749 18 0.88,
158786 52 0.9,
158866 36 0.94,
158897 7 0.9,
158913 17 0.29,
158997 76 0.15,
159015 64 0.5,
159023 57 0.41,
159061 1 0.37,
159122 66 0.84,
159167 54 0.74,
159245 87 0.17,
159290 41 0.58,
159315 54 0.28,
159381 33 0.08,
159466 3 0.87,
159476 19 0.13,
159485 71 0.2,
159490 56 0.34,
159549 46 0.11,
159602 47 0.12,
159647 51 0.05,
159711 7 0.4,
159735 87 1.0,
159748 75 0.78,
159823 84 0.88,
159842 21 0.66,
159894 22 0.34,
159979 97 0.04,
160022 96 0.08,
160095 33 0.36,
160112 4 0.3,
160181 49 0.38,
160267 23 0.82,
160336 70 0.5,
160375 0 0.99,
160412 17 0.36,
160416 28 0.03,
160496 63 0.78,
160554 84 0.87,
160635 31 1.0,
160663 16 0.02,
160683 55 0.06,
160710 35 0.49,
160733 69 0.34,
160750 43 0.7,
160751 69 0.2,
160770 20 0.44,
160853 35 0.6,
160886 88 0.84,
160955 55 0.4,
161038 0 0.95,
161063 8 0.85,
161150 0 0.37,
161157 37 0.07,
161235 75 0.79,
161259 2 0.89,
161277 59 0.28,
161289 25 0.05,
161353 91 0.69,
161433 10 0.79,
161449 17 0.99,
161516 59 0.15,
161519 37 0.68,
161576 20 0.67,
161639 1 0.77,
161705 67 0.29,
161759 20 0.23,
161818 52 0.83,
161849 54 0.04,
161931 53 0.3,
162008 47 0.15,
162074 25 0.58,
162159 66 0.69,
162238 2 0.79,
162241 72 0.62,
162315 77 0.09,
162355 51 0.2,
162382 44 0.06,
162412 8 0.84,
162491 63 0.64,
162573 77 0.39,
162600 66 0.71,
162669 17 0.1,
162742 85 0.53,
162792 84 0.04,
162853 11 0.52,
162935 53 0.89,
163008 24 0.78,
163022 26 0.84,
163031 71 0.38,
163047 95 0.41,
163108 20 0.05,
163134 48 0.51,
163198 78 0.45,
163250 32 0.21,
163316 91 0.15,
163341 47 0.84,
163413 93 0.17,
163437 19 0.25,
163439 56 0.8,
163504 87 0.9,
163560 90 0.83,
163616 48 0.54,
163636 38 0.21,
163640 35 0.51,
163662 77 0.19,
163728 58 0.57,
163809 99 0.03,
163819 15 0.45,
163831 32 0.04,
163886 44 0.43,
163937 92 0.59,
163992 46 0.63,
164032 73 0.97,
164080 7 0.01,
164137 46 0.43,
164197 14 0.93,
164221 50 0.47,
164232 24 0.93,
164308 45 0.41,
164332 92 0.85,
164391 56 0.13,
164396 49 0.34,
164448 89 0.95,
164473 3 0.79,
164485 91 0.24,
164524 69 0.9,
164573 61 0.51,
164619 8 0.96,
164646 72 0.8,
164704 55 0.84,
164740 40 0.5,
164801 1 0.66,
164855 92 0.41,
164869 68 1.0,
164937 33 0.63,
164981 76 0.7,
165017 20 0.32,
165031 97 0.12,
165048 15 0.97,
165113 32 0.41,
165168 59 0.78,
165212 83 0.91,
165224 78 0.78,
165233 13 0.84,
165301 78 0.38,
165377 59 0.53,
165433 15 0.43,
165493 55 0.98,
165538 21 0.06,
165586 15 0.27,
165593 69 0.09,
165610 58 0.42,
165617 13 0.69,
165679 75 0.43,
165767 75 0.65,
165820 14 0.62,
165871 60 0.28,
165876 42 0.34,
165881 54 0.98,
165953 41 0.54,
166013 39 0.87,
166102 21 0.75,
166157 83 0.06,
166185 23 0.46,
166258 52 0.47,
166289 37 0.51,
166365 4 0.39,
166389 84 0.87,
166423 20 0.04,
166491 47 0.83,
166525 87 0.94,
166581 58 0.37,
166621 51 0.06,
166645 12 0.09,
166653 91 0.52,
166712 84 0.94,
166716 19 0.43,
166757 30 0.29,
166839 35 0.42,
166882 6 0.48,
166952 27 0.6,
167004 12 0.96,
167062 85 0.24,
167144 92 0.92,
167200 58 0.96,
167276 75 0.44,
167360 28 0.53,
167413 87 0.05,
167451 21 0.69,
167461 74 0.05,
167493 25 0.01,
167548 56 0.16,
167593 19 0.47,
167600 95 0.64,
167677 60 0.52,
167729 68 0.42,
167738 82 0.16,
167780 35 0.77,
167818 7 0.28,
167841 17 0.09,
167844 14 0.26,
167888 56 0.4,
167920 4 0.03,
167962 21 0.14,
167982 11 0.98,
167993 26 0.84,
168037 80 0.36,
168073 66 0.99,
168079 9 0.01,
168117 67 0.29,
168197 51 0.88,
168233 90 0.69,
168263 10 0.47,
168292 14 0.05,
168376 61 0.4,
168399 11 0.74,
168402 62 0.23,
168418 32 0.9,
168421 1 0.62,
168483 83 0.32,
168562 18 0.65,
168569 57 0.04,
168594 95 0.1,
168625 90 0.72,
168708 29 0.82,
168715 23 0.34,
168739 88 0.06,
168801 4 0.87,
168885 85 0.91,
168890 2 0.07,
168927 29 0.97,
168964 55 0.32,
168981 30 0.43,
169062 21 0.2,
169123 70 0.42,
169127 67 0.63,
169215 18 0.34,
169243 27 0.29,
169263 74 0.5,
169332 0 0.77,
169371 0 0.65,
169411 40 0.82,
169452 20 0.84,
169475 87 0.64,
169529 82 0.37,
169537 15 0.12,
169613 74 0.6,
169672 98 0.27,
169699 49 0.29,
169785 29 0.24,
169826 98 0.33,
169895 26 0.97,
169983 69 0.47,
169993 11 0.71,
170035 5 0.87,
170068 99 0.65,
170078 6 0.18,
170117 20 0.36,
170199 2 0.53,
170278 34 0.82,
170310 47 0.29,
170322 89 0.48,
170369 76 0.92,
170381 73 0.96,
170383 43 0.27,
170422 74 0.12,
170443 6 0.71,
170463 28 0.61,
170546 49 0.3,
170606 51 0.34,
170671 0 0.59,
170684 14 0.77,
170760 79 0.12,
170813 16 0.56,
170866 51 0.92,
170927 80 0.22,
171001 80 0.76,
171019 16 0.07,
171035 62 0.8,
171046 45 0.16,
171108 14 0.81,
171194 97 0.28,
171224 39 0.37,
171296 28 0.21,
171310 52 0.88,
171324 74 0.88,
171376 3 0.45,
171405 83 0.53,
171416 61 0.01,
171437 2 0.64,
171513 49 0.22,
171544 12 0.62,
171566 55 0.11,
171618 25 0.23,
171646 85 0.57,
171724 44 0.73,
171784 57 0.79,
171788 89 0.57,
171814 78 0.5,
171844 10 0.68,
171894 34 0.25,
171924 17 0.35,
171992 26 0.64,
172066 14 0.32,
172111 75 0.2,
172117 47 0.94,
172123 63 0.8,
172189 27 0.5,
172265 51 0.61,
172268 48 0.12,
172295 98 0.74,
172341 15 0.75,
172425 75 0.92,
172492 91 0.89,
172519 49 0.93,
172591 47 0.61,
172660 17 0.48,
172686 16 0.17,
172757 47 0.06,
172822 30 0.81,
172822 58 0.44,
172882 36 0.53,
172935 15 0.84,
172978 76 0.95,
173046 39 0.71,
173124 14 0.35,
173167 67 0.73,
173256 67 0.8,
173267 20 0.5,
173356 23 0.85,
173410 53 0.22,
173464 19 0.58,
173544 30 0.98,
173610 5 0.1,
173663 35 0.28,
173683 88 0.04,
173758 10 0.76,
173802 86 0.79,
173849 71 0.78,
173919 61 0.31,
173947 55 0.3,
173977 39 0.12,
173987 93 0.99,
173988 31 0.83,
174062 40 0.13,
174068 82 0.92,
174104 83 0.16,
174190 68 0.96,
174202 24 0.6,
174234 77 0.58,
174281 41 0.86,
174344 87 0.92,
174346 12 0.91,
174419 20 0.06,
174484 74 0.77,
174514 13 1.0,
174518 45 0.56,
174598 49 0.64,
174634 66 0.25,
174719 18 0.09,
174753 51 0.89,
174836 68 0.67,
174921 78 0.15,
174922 97 0.68,
174925 15 0.08,
174998 56 0.01,
175026 17 0.24,
175048 41 0.48,
175084 54 0.06,
175098 28 0.21,
175162 98 0.72,
175206 18 0.06,
175288 96 0.86,
175353 88 0.07,
175373 24 0.16,
175454 92 0.64,
175535 7 0.39,
175586 83 0.42,
175591 57 0.85,
175594 8 0.41,
175648 4 0.25,
175718 29 0.35,
175758 94 0.06,
175772 56 0.53,
175805 25 0.11,
175863 88 0.41,
175935 56 0.6,
175967 41 0.92,
175991 26 0.14,
176010 62 0.74,
176099 52 0.94,
176153 30 0.95,
176225 6 0.24,
176246 46 0.01,
176317 85 0.8,
176342 92 0.76,
176428 21 0.56,
176476 95 0.65,
176519 93 0.05,
176524 54 0.07,
176537 24 0.27,
176607 78 0.68,
176610 11 0.14,
176636 81 0.84,
>)