sequence with 50 event types 
(120,176965,
<120 16 0.81,
123 38 0.81,
129 45 0.5,
212 20 0.51,
221 21 0.1,
261 25 0.09,
324 15 0.55,
374 43 0.97,
377 20 0.79,
433 3 0.36,
474 37 0.81,
483 1 0.97,
494 45 0.13,
504 2 0.25,
553 14 0.72,
595 33 0.87,
624 26 0.72,
692 44 0.67,
701 10 0.04,
787 33 0.65,
840 9 0.2,
879 44 0.86,
942 18 0.51,
994 23 0.75,
1083 7 0.28,
1141 10 0.44,
1212 9 0.33,
1220 35 0.44,
1238 29 0.82,
1294 23 0.58,
1300 48 0.13,
1340 25 0.99,
1360 33 0.8,
1368 21 0.58,
1445 14 0.4,
1480 39 0.76,
1531 48 0.52,
1567 31 0.45,
1609 18 0.09,
1679 30 0.26,
1719 32 0.52,
1755 11 0.51,
1788 2 0.58,
1821 37 0.24,
1845 29 0.17,
1921 14 0.82,
1929 18 0.34,
1954 49 0.3,
2005 21 0.63,
2048 27 0.11,
2103 29 0.03,
2156 14 0.88,
2236 4 1.0,
2313 46 0.18,
2362 10 0.74,
2450 24 0.6,
2529 44 0.24,
2594 22 0.73,
2682 38 0.09,
2722 16 0.29,
2738 7 0.29,
2801 47 0.94,
2839 49 0.8,
2887 48 0.14,
2945 40 0.02,
2959 30 0.71,
3018 30 0.02,
3071 1 0.77,
3098 22 0.74,
3134 27 0.13,
3150 45 0.47,
3218 26 0.7,
3283 43 0.93,
3360 7 0.11,
3414 16 0.81,
3485 14 0.52,
3552 24 0.95,
3631 33 0.54,
3705 25 0.13,
3747 42 0.39,
3800 11 0.35,
3829 22 0.96,
3914 11 0.88,
4003 13 0.1,
4049 30 0.65,
4054 37 0.94,
4115 44 0.36,
4144 49 0.54,
4148 13 0.66,
4216 20 0.9,
4274 23 0.5,
4347 2 0.84,
4400 42 0.5,
4450 23 0.22,
4461 8 0.06,
4490 5 0.84,
4573 7 0.74,
4591 21 0.11,
4680 21 0.57,
4757 28 0.04,
4829 21 0.63,
4862 23 0.68,
4877 40 0.89,
4885 13 0.57,
4969 0 0.37,
5051 47 0.1,
5087 49 0.06,
5130 21 0.03,
5179 30 0.2,
5255 17 0.86,
5281 36 0.19,
5293 10 0.37,
5337 47 0.24,
5396 12 0.39,
5446 11 0.04,
5530 11 0.41,
5535 36 0.78,
5618 19 0.42,
5693 9 0.87,
5750 27 0.61,
5829 10 1.0,
5876 45 0.49,
5954 4 0.28,
5959 25 0.14,
5968 14 0.23,
5987 7 0.3,
6066 45 0.9,
6120 45 0.55,
6150 18 0.82,
6214 16 0.55,
6275 11 0.88,
6347 24 0.14,
6386 25 0.25,
6444 19 0.88,
6487 36 0.33,
6515 10 0.83,
6592 5 0.11,
6614 39 0.6,
6688 47 0.3,
6733 6 0.8,
6752 42 0.12,
6800 22 0.93,
6845 7 0.07,
6883 36 0.91,
6954 6 0.51,
7000 13 0.24,
7041 4 0.69,
7078 12 0.35,
7105 7 1.0,
7146 37 0.78,
7208 14 0.84,
7226 33 0.42,
7270 8 0.37,
7294 2 0.28,
7316 5 0.61,
7320 35 0.03,
7338 32 0.89,
7357 4 0.64,
7407 0 0.97,
7468 38 0.74,
7520 9 0.14,
7546 29 0.6,
7564 38 0.39,
7608 40 0.69,
7691 0 0.24,
7758 46 0.32,
7773 28 0.95,
7845 38 0.18,
7917 19 0.54,
7919 8 0.26,
8006 13 0.75,
8039 30 0.96,
8050 39 0.56,
8128 43 0.66,
8134 39 0.98,
8200 44 0.53,
8215 9 0.36,
8281 33 0.65,
8306 32 0.34,
8344 38 0.39,
8374 18 0.84,
8387 49 0.31,
8460 33 0.95,
8462 36 0.87,
8475 35 0.32,
8486 7 0.19,
8552 41 0.52,
8632 38 0.05,
8638 7 0.38,
8653 38 0.86,
8729 45 0.44,
8744 5 0.92,
8749 20 0.27,
8783 3 0.91,
8816 24 0.41,
8899 8 0.5,
8904 24 0.35,
8924 28 0.38,
9001 0 0.77,
9081 40 0.46,
9145 29 0.67,
9148 27 0.8,
9186 43 0.94,
9262 45 0.24,
9267 33 0.43,
9278 16 0.85,
9330 21 0.3,
9345 17 0.32,
9379 5 0.24,
9412 41 0.89,
9454 7 0.73,
9468 40 0.83,
9549 49 0.01,
9588 26 0.98,
9663 20 0.27,
9717 6 0.14,
9728 32 0.01,
9807 0 0.46,
9873 40 0.64,
9900 0 0.56,
9969 29 0.01,
10026 33 0.57,
10059 15 0.05,
10063 22 0.97,
10101 9 0.41,
10126 17 0.7,
10144 12 0.6,
10212 33 0.11,
10273 34 0.33,
10354 6 0.33,
10404 21 0.57,
10427 27 0.24,
10485 29 0.89,
10488 9 0.85,
10577 30 0.06,
10577 22 0.72,
10663 31 0.3,
10702 29 0.7,
10720 43 0.26,
10735 26 0.8,
10777 17 0.38,
10803 3 0.56,
10886 28 0.92,
10908 28 0.85,
10908 14 0.78,
10960 48 0.22,
11041 37 0.82,
11126 32 0.91,
11181 6 0.55,
11259 18 0.1,
11297 27 0.08,
11318 12 0.14,
11376 14 0.84,
11398 11 0.5,
11471 47 0.52,
11559 28 0.61,
11602 27 0.55,
11640 45 0.52,
11650 17 0.8,
11676 48 0.42,
11758 42 0.95,
11778 18 0.77,
11840 3 0.04,
11887 27 0.69,
11915 10 0.93,
11937 12 0.97,
11992 29 0.48,
12031 2 0.9,
12119 9 0.32,
12163 47 0.53,
12211 16 0.96,
12256 20 0.12,
12275 48 0.65,
12285 22 0.92,
12343 16 0.73,
12381 2 0.81,
12447 0 0.78,
12506 25 0.95,
12533 39 0.34,
12602 5 0.85,
12608 8 0.6,
12625 32 0.57,
12655 19 0.7,
12730 15 0.22,
12819 10 0.17,
12822 40 0.8,
12865 37 0.13,
12944 46 0.27,
12957 10 0.93,
13036 37 0.22,
13058 36 0.95,
13114 35 0.66,
13169 49 0.39,
13256 1 0.24,
13293 19 0.23,
13306 43 0.67,
13394 16 0.11,
13417 8 0.02,
13472 36 0.6,
13548 3 0.88,
13621 1 0.4,
13672 1 0.74,
13740 12 0.56,
13778 32 0.49,
13850 1 0.57,
13879 4 0.49,
13955 1 0.32,
13983 5 0.89,
14019 20 0.89,
14098 22 0.85,
14138 27 0.34,
14141 14 0.37,
14200 17 0.28,
14216 46 0.74,
14234 35 0.46,
14284 46 0.01,
14372 14 0.34,
14377 12 0.66,
14378 4 0.55,
14442 23 0.11,
14521 25 0.7,
14533 8 0.24,
14549 24 0.41,
14568 2 0.63,
14579 35 0.79,
14593 48 0.19,
14609 39 0.18,
14658 38 0.1,
14717 10 0.87,
14724 11 0.66,
14738 22 0.92,
14811 40 0.96,
14823 1 0.56,
14889 38 0.03,
14977 4 0.76,
14990 45 0.83,
15062 17 0.64,
15119 21 0.98,
15136 33 0.11,
15189 35 0.85,
15267 31 0.47,
15280 3 0.91,
15281 9 0.38,
15345 3 0.56,
15346 40 0.25,
15354 7 0.03,
15356 16 0.22,
15409 34 0.56,
15480 3 0.71,
15503 20 0.16,
15538 20 0.97,
15590 22 0.31,
15603 43 0.83,
15611 35 0.08,
15682 28 0.44,
15727 28 0.11,
15748 3 0.12,
15771 30 0.1,
15816 18 0.85,
15856 19 0.59,
15891 7 0.45,
15932 19 0.19,
16017 42 0.36,
16091 12 0.34,
16135 21 0.58,
16166 32 0.84,
16243 35 0.58,
16284 21 0.72,
16314 11 0.87,
16376 49 0.38,
16405 43 0.89,
16428 18 0.14,
16443 8 0.85,
16514 32 0.17,
16550 28 0.59,
16614 41 0.48,
16640 19 0.1,
16645 31 0.89,
16684 8 0.6,
16731 21 0.23,
16736 31 0.98,
16788 3 0.31,
16801 0 0.42,
16888 40 0.6,
16917 5 0.32,
16947 28 0.07,
16985 37 0.95,
17070 20 0.55,
17107 37 0.23,
17154 35 0.85,
17159 7 0.27,
17208 35 0.25,
17295 10 0.92,
17337 22 0.62,
17352 47 0.82,
17397 46 0.18,
17420 17 0.94,
17487 13 0.13,
17527 33 0.23,
17592 43 0.52,
17639 37 0.61,
17722 12 0.34,
17778 33 0.21,
17800 46 0.25,
17828 40 0.99,
17891 41 0.81,
17925 49 0.5,
17945 2 0.6,
17978 10 0.95,
18006 36 0.46,
18030 8 0.22,
18049 34 0.29,
18095 31 0.68,
18121 3 0.47,
18203 8 0.4,
18240 24 0.1,
18304 21 0.63,
18361 3 0.32,
18385 47 0.54,
18403 32 0.09,
18427 29 0.19,
18496 7 0.46,
18584 23 0.96,
18617 47 0.85,
18685 22 0.41,
18714 19 0.96,
18781 9 0.98,
18802 7 0.84,
18802 29 0.93,
18830 2 0.29,
18861 1 0.45,
18866 20 0.85,
18884 9 0.58,
18943 42 0.78,
18966 10 0.99,
18995 27 0.23,
19036 29 0.48,
19086 7 0.38,
19090 11 0.07,
19103 13 0.55,
19139 14 0.31,
19191 43 0.52,
19226 27 0.12,
19313 31 0.82,
19393 37 0.96,
19451 31 0.89,
19460 23 0.73,
19478 11 0.34,
19559 12 0.33,
19628 23 0.06,
19631 30 0.7,
19687 40 0.68,
19714 8 0.9,
19732 15 0.91,
19765 28 0.61,
19799 1 0.12,
19878 7 0.61,
19920 43 0.81,
19989 15 0.41,
20067 21 0.39,
20152 31 0.05,
20207 12 0.38,
20211 12 0.9,
20276 4 0.22,
20350 25 0.18,
20400 46 0.81,
20439 46 0.46,
20447 46 0.57,
20463 6 0.74,
20501 41 0.35,
20501 37 0.92,
20577 11 0.09,
20626 29 0.23,
20701 38 0.68,
20771 2 0.48,
20856 0 0.82,
20869 12 0.61,
20931 6 0.55,
21014 14 0.6,
21061 23 0.55,
21088 33 0.05,
21128 0 0.03,
21200 24 0.39,
21285 44 0.61,
21362 39 0.91,
21421 19 0.35,
21435 29 0.96,
21468 17 0.42,
21517 22 0.51,
21598 13 0.13,
21616 16 0.88,
21687 3 0.39,
21761 38 0.69,
21846 12 0.59,
21896 19 0.92,
21974 17 0.98,
22037 25 0.06,
22060 42 0.8,
22143 45 0.23,
22180 39 0.26,
22193 9 0.45,
22237 49 0.89,
22304 14 0.95,
22322 12 0.38,
22410 8 0.62,
22434 43 0.79,
22512 40 0.53,
22586 25 0.67,
22656 46 0.3,
22693 41 0.28,
22750 37 0.01,
22814 30 0.22,
22900 42 0.65,
22959 6 0.33,
22979 31 0.73,
23004 15 0.13,
23036 33 0.49,
23122 5 0.48,
23132 26 0.98,
23141 38 0.57,
23204 11 0.36,
23273 28 0.36,
23349 45 0.91,
23365 13 0.9,
23442 39 0.97,
23449 49 0.99,
23472 31 0.53,
23512 43 0.44,
23550 35 0.91,
23568 4 0.77,
23643 22 0.68,
23728 34 0.08,
23810 27 0.32,
23823 38 0.9,
23859 28 0.08,
23930 41 0.43,
23944 35 0.9,
23981 6 0.67,
23995 6 0.77,
24056 14 0.69,
24107 8 0.16,
24113 3 0.12,
24115 37 0.29,
24192 21 0.88,
24253 45 0.64,
24265 6 0.33,
24345 30 0.04,
24372 22 0.48,
24443 17 1.0,
24501 37 0.22,
24517 41 0.29,
24527 48 0.94,
24610 5 0.96,
24622 43 0.66,
24674 41 0.59,
24723 5 0.75,
24732 26 0.95,
24749 42 0.44,
24750 44 0.61,
24784 36 0.36,
24835 1 0.51,
24911 19 0.05,
24970 0 0.65,
24971 44 0.25,
24977 48 0.99,
25005 1 0.3,
25061 17 0.28,
25102 32 0.82,
25129 7 0.87,
25189 45 0.99,
25278 35 0.43,
25292 37 0.07,
25333 17 0.52,
25405 33 0.83,
25418 10 0.97,
25471 42 0.15,
25496 43 0.91,
25508 42 1.0,
25595 49 0.11,
25662 5 0.05,
25698 20 0.42,
25778 11 0.6,
25778 44 0.83,
25863 44 0.85,
25912 44 0.12,
25925 45 0.54,
25993 39 0.67,
26039 6 0.04,
26123 2 0.98,
26132 24 0.86,
26182 39 0.38,
26185 33 0.58,
26239 10 0.03,
26240 11 0.1,
26283 10 0.24,
26347 37 0.2,
26396 28 0.27,
26479 7 0.52,
26547 33 0.91,
26635 31 0.73,
26653 39 0.79,
26740 15 0.53,
26801 3 0.1,
26878 35 0.03,
26943 22 0.92,
26991 27 0.83,
27020 40 0.93,
27035 42 0.07,
27053 48 0.57,
27093 37 0.34,
27106 3 0.66,
27118 24 0.83,
27183 21 0.25,
27237 30 0.94,
27305 49 0.72,
27342 27 0.13,
27347 5 0.41,
27373 49 0.62,
27461 27 0.87,
27539 45 0.92,
27618 37 0.36,
27692 13 0.68,
27703 47 0.17,
27779 33 0.94,
27791 41 0.61,
27840 20 0.66,
27893 13 1.0,
27910 3 0.67,
27931 18 0.61,
27999 4 0.35,
28025 17 0.2,
28037 20 0.14,
28053 17 0.78,
28121 27 0.54,
28198 9 0.76,
28202 26 0.14,
28236 48 0.41,
28238 30 0.24,
28271 32 0.67,
28338 32 0.59,
28367 10 0.21,
28429 10 0.18,
28494 44 0.15,
28558 9 0.12,
28624 2 0.56,
28707 39 0.21,
28723 22 0.51,
28750 2 0.02,
28810 42 0.15,
28898 47 0.73,
28901 4 0.44,
28971 2 0.59,
29026 47 0.27,
29046 32 0.53,
29067 14 0.34,
29098 43 0.46,
29128 26 0.13,
29144 49 0.14,
29160 29 0.28,
29191 45 0.01,
29267 5 0.76,
29310 32 0.88,
29360 39 0.06,
29444 43 0.33,
29476 26 0.42,
29489 36 0.48,
29578 24 0.91,
29621 42 0.05,
29699 48 0.06,
29721 40 0.23,
29730 21 0.98,
29817 12 0.4,
29819 5 0.28,
29887 2 0.16,
29891 20 0.76,
29950 37 0.51,
29986 30 0.31,
30064 23 0.74,
30144 49 0.5,
30163 43 0.27,
30189 43 0.66,
30225 31 0.18,
30232 11 0.99,
30269 17 0.58,
30295 31 0.87,
30297 0 0.26,
30381 44 0.56,
30405 26 0.77,
30459 10 0.29,
30521 25 0.22,
30556 29 0.89,
30604 28 0.81,
30605 14 0.81,
30689 7 0.89,
30743 47 0.15,
30752 9 0.58,
30768 38 0.63,
30805 40 0.93,
30833 45 0.03,
30890 10 0.3,
30973 27 0.72,
31062 32 0.6,
31069 39 0.75,
31140 4 0.98,
31183 36 0.81,
31243 17 0.95,
31254 2 0.62,
31307 4 0.01,
31338 30 0.97,
31361 11 0.08,
31444 20 0.49,
31506 17 0.47,
31558 47 0.72,
31613 21 0.36,
31625 22 0.56,
31682 10 0.24,
31687 18 0.72,
31693 28 0.12,
31696 38 0.22,
31699 24 0.76,
31748 46 0.91,
31776 15 0.71,
31830 42 0.95,
31903 43 0.68,
31959 25 0.32,
32022 9 0.26,
32058 31 0.1,
32133 43 0.2,
32144 4 0.77,
32206 42 0.79,
32279 22 0.28,
32284 14 0.52,
32354 19 0.08,
32421 35 0.67,
32472 39 0.1,
32518 0 0.86,
32543 0 0.28,
32589 20 0.82,
32641 18 0.38,
32666 22 0.61,
32744 43 0.34,
32822 8 0.2,
32873 20 0.62,
32925 25 0.69,
32959 23 0.36,
33031 7 0.55,
33102 45 0.92,
33111 17 0.56,
33185 32 0.42,
33254 38 0.24,
33328 13 0.24,
33364 33 0.51,
33381 30 0.46,
33410 13 0.72,
33494 22 0.06,
33507 28 0.34,
33544 49 0.83,
33621 33 0.86,
33649 1 0.12,
33721 7 0.75,
33793 20 0.01,
33875 21 0.71,
33933 36 0.46,
33937 3 0.76,
33988 31 0.89,
34060 30 0.32,
34134 42 0.69,
34142 22 0.22,
34161 10 0.86,
34228 6 0.29,
34293 7 0.93,
34345 27 0.86,
34357 25 0.63,
34434 20 0.84,
34469 40 0.57,
34530 1 0.34,
34559 12 0.8,
34644 7 0.94,
34656 33 0.19,
34700 32 0.11,
34732 17 0.53,
34808 33 0.34,
34889 19 0.94,
34927 46 0.47,
34960 16 0.89,
35049 33 1.0,
35050 30 0.63,
35057 4 0.96,
35135 21 0.55,
35141 10 0.51,
35202 21 0.73,
35238 35 0.49,
35246 49 0.95,
35248 23 0.78,
35309 48 0.17,
35361 21 0.2,
35449 3 0.52,
35500 4 0.35,
35550 35 0.36,
35616 49 0.64,
35647 38 0.8,
35711 23 0.25,
35713 23 0.39,
35774 43 0.92,
35834 27 0.78,
35876 8 0.22,
35924 44 1.0,
35979 26 0.23,
36044 31 0.76,
36093 30 1.0,
36094 19 0.58,
36100 22 0.34,
36145 24 0.68,
36175 39 0.72,
36199 24 0.38,
36257 8 0.87,
36297 31 0.67,
36357 19 0.58,
36360 23 0.57,
36411 32 0.73,
36433 2 0.34,
36511 33 0.27,
36587 13 0.84,
36608 27 0.15,
36676 6 0.51,
36711 5 0.45,
36740 5 0.3,
36775 0 0.97,
36791 22 0.74,
36812 18 0.1,
36872 43 0.97,
36933 46 0.16,
36964 14 0.12,
36998 16 0.09,
37061 17 0.39,
37112 16 0.71,
37122 24 0.1,
37202 43 0.9,
37229 1 0.13,
37313 7 0.01,
37375 43 0.85,
37448 8 0.97,
37488 48 0.53,
37528 46 0.13,
37597 10 1.0,
37668 0 0.44,
37732 15 0.75,
37779 30 0.39,
37804 12 0.11,
37821 14 0.62,
37821 13 0.13,
37826 17 0.67,
37827 44 0.88,
37844 47 1.0,
37868 16 0.01,
37950 4 0.92,
37961 6 0.99,
38014 47 0.75,
38072 17 0.65,
38116 6 0.34,
38202 7 0.7,
38257 44 0.25,
38279 5 0.48,
38302 17 0.59,
38305 42 0.53,
38338 25 0.27,
38396 19 0.59,
38462 6 0.39,
38472 16 0.04,
38518 34 0.96,
38602 31 0.74,
38647 11 0.7,
38695 34 0.41,
38775 41 0.77,
38808 35 1.0,
38866 34 0.49,
38875 2 0.76,
38945 47 0.84,
38987 6 0.13,
38996 25 0.1,
39030 48 0.88,
39080 46 0.58,
39100 37 0.05,
39174 38 0.74,
39208 21 0.17,
39223 3 0.12,
39312 20 0.01,
39399 31 0.65,
39412 29 0.47,
39437 31 0.7,
39497 33 0.97,
39560 12 0.09,
39574 48 0.25,
39592 2 0.93,
39668 14 0.32,
39688 14 0.04,
39710 24 0.65,
39732 49 0.07,
39784 37 0.41,
39797 42 0.04,
39856 32 0.3,
39877 5 0.42,
39938 11 0.28,
39948 19 0.58,
39984 5 0.44,
40029 48 0.94,
40079 28 0.03,
40108 44 0.61,
40191 21 0.24,
40247 19 0.19,
40336 10 0.45,
40425 39 0.6,
40460 39 0.87,
40527 20 0.53,
40540 29 0.93,
40593 30 0.13,
40607 14 0.21,
40624 26 0.64,
40651 44 0.59,
40666 46 0.33,
40720 38 0.45,
40759 19 0.01,
40759 41 0.07,
40818 21 0.15,
40850 19 0.41,
40907 22 0.08,
40988 26 0.01,
41016 9 0.7,
41091 1 0.37,
41091 25 0.54,
41129 21 0.05,
41171 44 0.61,
41212 8 0.21,
41235 48 0.85,
41243 44 0.32,
41279 40 0.33,
41289 29 0.88,
41357 36 0.07,
41437 33 0.6,
41468 9 0.13,
41505 21 0.93,
41538 4 0.72,
41552 25 0.74,
41597 17 0.46,
41663 19 0.17,
41747 28 0.83,
41779 23 0.87,
41808 38 0.86,
41890 18 0.01,
41909 41 0.43,
41967 45 0.52,
41969 8 0.87,
42030 17 0.68,
42102 9 0.98,
42159 27 0.33,
42240 6 0.48,
42306 39 0.21,
42323 11 0.02,
42372 18 0.96,
42376 32 0.95,
42381 5 0.58,
42453 20 0.81,
42541 38 0.73,
42589 48 0.16,
42654 17 0.22,
42736 32 0.31,
42788 41 0.16,
42868 35 0.33,
42901 13 0.07,
42919 32 0.28,
42986 7 0.64,
43036 19 0.64,
43039 34 0.88,
43042 35 0.81,
43096 33 0.6,
43105 10 0.89,
43161 32 0.44,
43236 20 0.99,
43311 1 0.37,
43346 29 0.62,
43369 9 0.73,
43392 15 0.79,
43467 27 0.9,
43509 4 0.06,
43568 22 0.26,
43623 41 0.77,
43625 45 0.34,
43655 15 0.23,
43679 11 0.64,
43746 34 0.3,
43796 27 0.6,
43866 15 0.57,
43875 21 0.09,
43880 27 0.54,
43949 3 0.23,
43954 4 0.27,
43965 17 0.82,
44043 24 0.51,
44062 18 0.82,
44104 7 0.3,
44108 37 0.5,
44127 24 0.07,
44195 9 0.39,
44266 47 0.45,
44301 40 0.36,
44309 8 0.46,
44336 7 0.9,
44348 11 0.67,
44366 35 0.44,
44397 37 0.76,
44438 14 0.41,
44515 13 0.82,
44558 18 0.18,
44580 10 0.17,
44623 17 0.67,
44706 17 0.77,
44790 36 0.08,
44832 26 0.73,
44875 0 0.88,
44949 36 0.12,
44960 8 0.99,
45031 9 0.8,
45086 33 0.75,
45090 8 0.35,
45172 14 0.79,
45230 31 0.69,
45253 36 0.62,
45306 30 0.75,
45309 10 0.58,
45360 23 0.19,
45430 49 0.11,
45511 3 0.17,
45592 36 0.81,
45636 14 0.35,
45705 14 0.96,
45722 49 0.58,
45736 36 0.77,
45751 3 0.01,
45795 36 0.78,
45859 42 0.28,
45947 1 0.8,
45988 7 0.56,
46065 13 0.89,
46072 32 0.92,
46105 24 0.54,
46108 0 0.25,
46164 4 0.41,
46211 9 0.48,
46240 49 0.35,
46299 27 0.18,
46358 44 0.1,
46371 22 0.08,
46402 35 0.3,
46478 14 0.05,
46547 17 0.19,
46555 46 0.86,
46580 19 0.1,
46619 41 0.51,
46638 17 0.27,
46707 31 0.61,
46793 15 0.52,
46870 9 0.78,
46878 39 0.13,
46949 25 0.15,
46986 9 0.03,
47071 40 0.8,
47072 43 0.16,
47135 25 0.1,
47175 26 0.79,
47182 24 0.09,
47250 9 0.86,
47331 11 0.39,
47384 40 0.13,
47416 49 0.06,
47446 41 0.23,
47497 11 0.03,
47529 7 0.28,
47593 48 0.22,
47657 41 0.37,
47712 18 0.01,
47758 39 0.53,
47802 12 0.29,
47847 37 0.96,
47857 33 0.15,
47926 47 0.22,
47934 5 0.85,
47955 25 0.51,
48016 39 0.5,
48029 43 0.63,
48034 21 0.82,
48064 14 0.12,
48131 29 0.25,
48158 3 0.65,
48243 2 0.33,
48290 3 0.89,
48351 8 0.14,
48433 40 0.06,
48501 1 0.39,
48556 49 0.55,
48635 34 0.54,
48665 21 0.75,
48669 1 0.87,
48706 13 0.73,
48725 30 0.46,
48786 31 0.3,
48863 2 0.06,
48883 36 0.26,
48889 18 0.7,
48965 12 0.42,
48979 49 0.26,
49048 5 0.79,
49094 10 0.46,
49170 23 0.4,
49177 11 0.27,
49198 16 0.95,
49199 40 0.57,
49210 25 0.94,
49221 48 0.11,
49250 49 0.22,
49268 18 0.78,
49283 27 0.14,
49365 1 0.46,
49380 19 0.16,
49465 6 0.93,
49498 39 0.82,
49549 33 0.64,
49624 12 0.21,
49659 9 0.27,
49659 19 0.42,
49723 3 0.2,
49747 22 0.75,
49827 36 0.73,
49883 0 0.3,
49895 48 0.52,
49903 43 0.69,
49923 39 0.69,
49933 22 0.97,
49936 0 0.66,
49968 4 0.34,
50050 39 0.05,
50121 31 0.96,
50192 30 0.38,
50265 26 0.4,
50307 8 0.49,
50335 17 0.47,
50358 44 0.84,
50427 26 1.0,
50449 38 0.27,
50498 26 0.54,
50516 15 0.92,
50579 20 0.12,
50662 45 0.91,
50710 23 0.66,
50750 34 0.08,
50776 44 0.24,
50776 12 0.43,
50821 48 0.86,
50854 31 0.66,
50874 3 0.92,
50936 8 0.85,
50949 42 0.25,
51015 14 0.5,
51034 2 0.05,
51108 32 0.8,
51189 37 0.3,
51195 42 0.89,
51251 26 0.67,
51300 4 0.23,
51340 32 0.45,
51346 22 0.55,
51423 46 0.77,
51475 16 0.03,
51527 37 0.57,
51587 20 0.42,
51634 24 0.21,
51722 14 0.79,
51796 9 0.57,
51869 6 0.9,
51889 23 0.7,
51907 24 0.38,
51921 38 0.47,
51965 36 0.92,
52047 6 0.87,
52102 40 0.54,
52108 34 0.01,
52166 26 0.12,
52224 39 0.99,
52313 31 0.03,
52371 31 0.81,
52428 19 0.17,
52483 41 0.24,
52497 18 0.38,
52548 12 0.53,
52620 31 0.03,
52659 10 0.21,
52676 24 0.43,
52750 34 0.98,
52763 12 0.55,
52780 2 0.51,
52782 16 0.53,
52833 23 0.68,
52872 0 0.72,
52886 1 0.38,
52941 45 0.07,
52952 45 0.61,
53022 27 0.32,
53039 9 0.58,
53058 11 0.8,
53122 46 0.7,
53201 14 0.44,
53274 25 0.72,
53315 38 0.25,
53317 45 0.31,
53382 22 0.87,
53391 33 0.84,
53416 8 0.85,
53461 17 0.37,
53534 25 0.05,
53553 10 0.19,
53632 13 0.74,
53634 5 0.6,
53649 24 0.69,
53667 7 0.48,
53691 18 0.97,
53726 6 0.59,
53809 6 0.6,
53822 31 0.5,
53888 42 0.37,
53945 30 0.32,
53990 34 0.92,
54047 28 0.42,
54058 12 0.05,
54121 33 0.6,
54148 36 0.26,
54172 3 0.46,
54227 40 0.84,
54245 21 0.28,
54294 26 0.69,
54376 44 0.47,
54451 18 0.71,
54494 30 0.19,
54556 21 0.77,
54639 39 0.54,
54656 17 0.48,
54683 11 0.86,
54689 46 0.5,
54775 12 0.26,
54801 48 0.83,
54806 42 0.29,
54860 25 0.89,
54944 9 0.16,
54970 15 0.7,
54981 43 0.84,
55024 48 0.59,
55051 43 0.91,
55126 36 0.96,
55127 7 0.83,
55176 47 0.87,
55217 25 0.07,
55257 19 0.2,
55258 2 0.71,
55311 0 0.81,
55318 32 0.69,
55380 1 0.19,
55431 25 0.67,
55439 42 0.56,
55469 46 0.85,
55530 7 0.37,
55536 12 0.1,
55595 18 0.53,
55683 24 0.02,
55767 10 0.67,
55840 33 0.03,
55888 37 0.91,
55923 40 0.36,
55992 6 0.39,
56050 25 0.32,
56067 36 0.61,
56070 33 0.49,
56131 5 0.82,
56159 23 0.85,
56180 25 0.96,
56253 34 0.6,
56289 12 0.9,
56372 39 0.91,
56389 5 0.54,
56422 5 0.95,
56473 0 0.71,
56538 42 0.74,
56545 14 0.41,
56578 33 0.48,
56653 46 0.36,
56654 49 0.83,
56735 41 0.12,
56813 39 0.69,
56886 8 0.43,
56958 37 0.66,
57000 27 0.61,
57031 20 0.35,
57112 28 0.38,
57139 39 0.66,
57148 42 0.33,
57198 8 0.28,
57227 1 0.32,
57304 17 0.51,
57386 16 0.34,
57402 20 0.31,
57466 39 0.61,
57546 5 0.89,
57605 34 0.42,
57623 16 0.69,
57683 45 0.3,
57699 7 0.06,
57705 13 0.86,
57736 36 0.57,
57756 10 0.15,
57790 30 0.3,
57856 16 0.15,
57882 33 0.58,
57971 7 0.77,
58025 40 0.12,
58092 45 0.06,
58181 12 0.53,
58223 23 0.41,
58265 26 0.82,
58352 10 0.76,
58404 4 0.07,
58410 27 0.78,
58476 8 0.77,
58514 14 0.67,
58533 48 0.34,
58560 15 0.81,
58642 47 0.5,
58685 4 0.3,
58744 27 0.33,
58745 36 0.47,
58804 20 0.07,
58808 8 0.86,
58820 45 0.89,
58898 30 0.98,
58982 16 0.5,
59030 9 0.14,
59063 26 0.64,
59109 44 0.97,
59139 21 0.58,
59167 0 0.71,
59183 48 0.73,
59187 29 0.27,
59198 24 0.2,
59221 21 0.86,
59308 36 0.99,
59358 44 0.23,
59418 0 0.57,
59477 27 0.42,
59563 18 0.36,
59633 38 0.52,
59671 42 0.66,
59724 42 0.94,
59765 12 0.26,
59848 38 0.43,
59869 11 0.84,
59927 4 0.14,
59927 42 0.65,
60005 22 0.7,
60066 23 0.38,
60111 18 0.92,
60137 43 0.47,
60225 3 0.1,
60226 7 0.41,
60273 17 0.84,
60285 28 0.67,
60350 23 0.73,
60436 3 0.86,
60455 48 0.82,
60501 7 0.84,
60552 31 0.01,
60613 42 0.6,
60621 23 0.7,
60706 19 0.89,
60718 47 0.53,
60762 3 0.3,
60832 47 0.13,
60844 36 0.53,
60933 27 0.29,
60953 18 0.25,
60966 46 0.71,
60981 15 0.7,
60984 47 0.28,
61073 26 0.84,
61100 9 0.6,
61102 38 0.17,
61139 35 0.68,
61226 44 0.97,
61246 12 0.65,
61292 26 0.73,
61374 13 0.25,
61442 23 0.75,
61520 12 0.71,
61599 24 0.83,
61611 0 0.63,
61648 27 0.88,
61674 22 0.63,
61705 8 0.22,
61719 7 0.79,
61788 36 0.68,
61840 41 0.46,
61921 19 0.88,
61972 3 0.63,
61994 19 0.09,
62053 10 0.79,
62098 16 0.71,
62163 3 0.37,
62224 32 0.94,
62280 48 0.8,
62310 21 0.82,
62397 6 0.18,
62441 28 0.85,
62471 40 0.83,
62539 33 0.52,
62599 17 0.67,
62631 1 0.21,
62645 48 0.12,
62727 16 0.21,
62739 22 0.13,
62813 43 0.32,
62858 12 0.48,
62944 11 0.97,
63001 9 0.12,
63047 9 0.39,
63066 39 0.28,
63152 35 0.16,
63206 18 0.35,
63234 41 0.09,
63310 22 0.24,
63391 4 0.34,
63419 47 0.5,
63464 11 0.27,
63491 44 0.32,
63544 44 0.01,
63563 44 0.88,
63582 14 0.14,
63667 10 0.72,
63690 32 0.75,
63712 20 0.34,
63736 26 0.38,
63746 1 0.81,
63773 20 0.19,
63858 25 0.19,
63907 12 0.86,
63991 15 0.64,
64017 0 0.78,
64089 44 0.35,
64097 19 0.2,
64153 48 0.3,
64155 28 0.45,
64187 11 0.05,
64242 47 0.13,
64259 46 0.17,
64268 41 0.41,
64272 28 0.07,
64332 11 0.45,
64377 12 0.57,
64386 37 0.81,
64405 33 0.18,
64462 4 0.75,
64524 26 0.28,
64583 15 0.45,
64647 21 0.49,
64695 25 0.25,
64739 44 0.55,
64751 0 0.01,
64840 14 0.72,
64861 5 0.71,
64891 26 0.28,
64965 12 0.71,
65033 31 0.33,
65116 40 0.43,
65157 11 0.03,
65202 30 0.36,
65228 47 0.12,
65262 11 0.01,
65298 24 0.55,
65315 32 0.56,
65315 17 0.17,
65375 16 0.15,
65457 4 0.59,
65533 2 0.15,
65579 45 0.11,
65579 36 0.04,
65652 44 0.36,
65690 48 0.56,
65776 5 0.7,
65831 32 0.6,
65875 38 0.44,
65883 1 0.06,
65905 21 0.65,
65955 14 0.83,
65956 19 0.16,
65985 45 0.34,
66051 25 0.77,
66108 3 0.6,
66158 42 0.01,
66216 25 0.29,
66234 43 0.23,
66238 45 0.54,
66296 21 0.77,
66382 39 0.95,
66444 26 0.97,
66480 13 0.27,
66563 40 0.46,
66645 13 0.33,
66707 48 0.81,
66735 9 0.07,
66751 14 0.33,
66798 32 0.33,
66829 2 0.94,
66852 17 0.99,
66887 24 0.53,
66899 16 0.47,
66977 22 0.25,
67041 20 0.66,
67068 6 0.97,
67132 17 0.54,
67168 11 0.62,
67168 35 0.53,
67219 26 0.4,
67250 34 0.67,
67287 19 0.15,
67329 26 0.88,
67389 35 0.52,
67458 38 0.06,
67476 35 0.18,
67512 43 0.94,
67537 0 0.36,
67623 10 0.25,
67650 47 0.26,
67671 43 0.3,
67706 33 0.8,
67767 37 0.23,
67841 5 0.39,
67908 26 0.51,
67933 35 0.63,
67939 5 0.53,
68004 14 0.03,
68061 23 0.79,
68090 28 0.17,
68171 7 0.54,
68230 44 0.42,
68300 19 0.13,
68330 8 0.5,
68394 29 0.43,
68434 41 0.89,
68521 5 0.36,
68602 0 0.53,
68675 21 0.49,
68692 42 0.69,
68748 28 0.64,
68820 2 0.65,
68877 14 0.63,
68889 14 0.37,
68913 21 0.69,
68946 42 0.92,
69005 21 0.16,
69035 40 1.0,
69113 23 1.0,
69131 42 0.42,
69147 13 0.86,
69186 45 0.16,
69216 3 0.05,
69247 0 0.23,
69305 24 0.71,
69346 48 0.11,
69416 27 0.56,
69458 34 0.25,
69494 30 0.28,
69564 3 0.6,
69607 10 0.2,
69634 22 0.95,
69696 44 0.45,
69702 21 0.63,
69715 23 0.62,
69802 36 0.66,
69858 11 0.15,
69880 3 0.32,
69898 4 0.31,
69928 19 0.83,
69986 10 0.19,
70055 20 0.67,
70100 19 1.0,
70120 38 0.39,
70204 46 0.22,
70208 33 0.08,
70285 46 0.11,
70296 41 0.75,
70314 15 0.13,
70394 25 0.83,
70438 17 0.48,
70457 27 0.75,
70491 15 0.5,
70517 0 0.85,
70529 24 0.91,
70551 48 0.48,
70629 47 0.25,
70714 46 0.31,
70785 13 0.22,
70830 14 0.13,
70899 38 0.4,
70911 27 0.73,
70996 29 0.04,
71006 45 0.89,
71052 3 0.16,
71124 16 0.31,
71203 36 0.52,
71255 18 0.17,
71299 41 0.33,
71356 29 0.41,
71442 28 0.8,
71455 0 0.76,
71498 20 0.93,
71525 2 0.01,
71547 31 0.56,
71581 40 0.31,
71642 23 0.3,
71706 4 0.09,
71785 8 0.21,
71873 31 0.45,
71902 5 0.05,
71952 30 0.76,
71975 31 0.99,
72014 29 0.5,
72071 7 0.11,
72081 11 0.09,
72104 11 1.0,
72181 48 0.99,
72228 10 0.86,
72260 42 0.23,
72314 29 0.47,
72371 25 0.3,
72396 44 0.17,
72432 36 0.63,
72477 26 0.53,
72528 36 0.28,
72610 14 1.0,
72627 4 0.72,
72699 33 0.57,
72711 3 0.68,
72723 17 0.97,
72730 40 0.48,
72743 27 0.8,
72775 12 0.49,
72819 37 0.65,
72819 8 0.93,
72875 31 0.62,
72883 6 0.4,
72897 49 0.85,
72953 25 0.48,
73022 40 0.63,
73104 25 0.94,
73189 22 0.58,
73245 13 0.74,
73257 41 0.37,
73286 34 0.5,
73307 28 0.51,
73312 30 0.07,
73401 10 0.58,
73420 25 0.97,
73436 27 0.49,
73478 40 0.9,
73538 26 0.59,
73610 16 0.44,
73638 40 0.46,
73643 20 0.38,
73696 25 0.37,
73775 23 0.56,
73805 46 0.03,
73891 44 0.66,
73905 32 0.1,
73986 12 0.04,
74025 32 0.35,
74028 47 0.51,
74067 47 0.76,
74101 45 0.78,
74142 32 0.31,
74210 5 0.74,
74252 22 0.55,
74303 38 0.96,
74319 30 0.73,
74364 45 0.1,
74450 19 0.19,
74458 46 0.28,
74513 42 0.14,
74592 26 0.21,
74656 3 0.19,
74745 41 0.58,
74761 19 0.97,
74824 31 0.17,
74853 37 0.53,
74863 39 0.4,
74875 33 0.05,
74963 21 0.07,
75024 29 0.51,
75051 37 0.55,
75127 11 0.15,
75164 22 0.02,
75211 31 0.96,
75257 43 0.67,
75289 35 0.87,
75355 43 0.7,
75432 32 0.13,
75478 18 0.24,
75519 5 0.22,
75537 8 0.56,
75624 3 0.64,
75636 24 0.67,
75713 48 0.56,
75800 8 0.45,
75863 39 0.7,
75923 23 0.89,
75925 27 0.76,
75992 9 0.28,
76029 6 0.73,
76054 17 0.66,
76077 43 0.36,
76145 8 0.02,
76153 22 0.56,
76231 37 0.21,
76313 39 0.12,
76396 46 0.03,
76422 38 0.99,
76506 22 0.32,
76514 10 0.62,
76602 26 0.45,
76618 31 0.34,
76679 47 0.83,
76681 19 0.81,
76738 18 0.95,
76793 47 0.9,
76814 22 0.56,
76823 18 0.82,
76902 22 0.73,
76905 12 0.81,
76919 3 0.67,
76991 29 0.34,
77068 42 0.4,
77096 9 0.25,
77135 25 0.29,
77144 11 0.57,
77198 43 0.55,
77267 26 0.66,
77306 23 0.22,
77362 14 0.98,
77380 17 0.85,
77417 42 0.31,
77470 29 0.52,
77504 25 0.76,
77574 36 0.54,
77585 29 0.09,
77632 24 0.31,
77664 45 0.01,
77744 12 0.81,
77791 46 0.31,
77847 29 0.27,
77852 19 0.01,
77913 45 0.1,
77969 28 0.26,
78051 36 0.83,
78134 44 0.58,
78155 1 0.46,
78206 6 0.76,
78247 19 0.05,
78335 42 0.11,
78378 4 0.72,
78451 44 0.06,
78456 14 0.56,
78476 35 0.16,
78536 8 0.49,
78592 27 0.77,
78650 14 0.03,
78657 46 0.2,
78709 19 0.13,
78724 3 0.71,
78804 28 0.9,
78892 6 0.19,
78904 43 0.33,
78948 13 0.48,
78983 8 0.04,
79011 46 0.7,
79025 39 0.06,
79091 30 0.2,
79162 17 0.35,
79171 31 0.49,
79211 36 0.79,
79220 13 0.21,
79302 6 0.05,
79345 4 0.47,
79376 28 0.21,
79425 40 0.57,
79501 12 0.88,
79556 47 0.37,
79609 32 0.67,
79617 10 1.0,
79689 30 0.84,
79747 24 0.54,
79801 8 0.7,
79833 19 0.46,
79856 45 0.69,
79902 9 0.8,
79948 1 0.11,
79962 22 0.57,
80012 34 0.89,
80093 6 0.36,
80122 17 0.19,
80153 14 0.53,
80163 23 0.8,
80238 49 0.76,
80286 19 0.45,
80353 15 0.95,
80398 10 0.8,
80472 16 0.59,
80539 30 0.44,
80597 9 0.67,
80609 46 0.68,
80689 36 0.76,
80741 12 0.1,
80793 47 0.24,
80877 13 0.78,
80936 2 0.74,
80986 2 0.98,
80991 23 0.05,
81069 44 0.75,
81115 34 0.26,
81195 10 0.61,
81268 38 0.29,
81354 2 0.87,
81371 32 0.24,
81452 11 0.06,
81468 30 0.38,
81515 22 0.4,
81570 31 0.3,
81636 1 0.78,
81714 30 0.29,
81762 23 0.11,
81848 17 0.67,
81908 41 0.2,
81978 26 0.12,
82023 16 0.04,
82080 19 0.64,
82130 24 0.85,
82160 49 0.46,
82225 10 0.72,
82311 7 0.3,
82325 41 0.99,
82350 48 0.34,
82370 31 0.16,
82409 7 0.3,
82440 11 0.84,
82470 12 0.43,
82551 17 0.05,
82584 16 0.27,
82641 47 0.87,
82694 9 0.51,
82765 25 0.51,
82842 41 0.15,
82861 39 0.53,
82893 12 0.96,
82955 20 0.86,
83014 23 0.76,
83044 16 0.06,
83101 30 0.42,
83159 49 0.76,
83244 23 0.05,
83295 43 0.95,
83335 47 0.08,
83416 27 0.05,
83429 30 0.29,
83508 25 0.96,
83537 47 0.07,
83568 28 0.45,
83625 34 0.65,
83653 0 0.1,
83675 15 0.86,
83713 22 0.26,
83725 22 0.91,
83743 29 0.61,
83824 6 0.21,
83898 7 0.96,
83927 28 0.88,
84002 26 0.3,
84015 44 0.21,
84027 41 0.52,
84098 3 0.74,
84133 47 0.03,
84210 0 0.66,
84214 44 0.72,
84266 26 0.68,
84349 24 0.61,
84419 23 0.73,
84442 43 0.09,
84500 42 0.4,
84519 37 0.59,
84587 35 0.02,
84669 31 0.06,
84678 6 0.56,
84752 45 0.94,
84793 19 0.22,
84846 37 0.32,
84886 46 0.12,
84891 13 0.65,
84966 3 0.01,
85020 48 0.43,
85059 33 0.05,
85133 15 0.89,
85154 22 0.5,
85208 16 0.84,
85247 32 0.58,
85293 41 0.17,
85297 17 0.64,
85377 24 0.68,
85405 13 0.98,
85452 35 0.57,
85540 28 0.64,
85575 31 0.58,
85630 22 0.83,
85637 40 0.01,
85640 31 0.21,
85651 20 0.85,
85680 30 0.41,
85708 19 0.72,
85723 30 0.73,
85806 13 0.54,
85841 45 0.77,
85884 47 0.18,
85907 8 0.38,
85978 40 0.55,
86033 24 0.44,
86103 49 0.04,
86172 3 0.88,
86172 34 0.13,
86230 36 0.12,
86289 43 0.18,
86378 27 0.25,
86462 0 0.91,
86513 12 0.29,
86543 49 0.57,
86560 13 0.85,
86560 10 0.52,
86583 18 0.81,
86627 40 0.17,
86643 41 0.95,
86728 0 0.68,
86798 10 0.36,
86874 23 0.29,
86879 32 0.78,
86905 28 0.41,
86950 48 0.2,
87006 39 0.7,
87035 38 0.12,
87055 49 0.89,
87123 41 0.19,
87160 41 0.57,
87209 8 0.75,
87281 22 0.12,
87361 17 0.6,
87384 35 0.27,
87459 39 0.6,
87546 6 0.36,
87559 31 0.57,
87600 28 0.02,
87629 34 0.19,
87645 46 0.93,
87680 45 0.97,
87719 47 0.75,
87755 17 0.86,
87760 16 0.68,
87802 25 0.07,
87869 36 0.83,
87920 2 0.36,
87976 14 0.97,
87983 31 0.85,
88019 45 0.62,
88074 37 0.12,
88132 40 0.66,
88177 13 0.92,
88265 16 0.74,
88287 18 0.39,
88300 15 0.2,
88359 44 0.79,
88367 12 0.57,
88423 43 0.29,
88438 13 0.29,
88449 31 0.89,
88466 44 0.08,
88553 20 0.67,
88637 39 0.28,
88672 20 0.84,
88725 27 0.71,
88788 0 0.06,
88839 18 0.74,
88915 35 0.62,
89003 1 0.71,
89005 10 0.54,
89023 19 0.28,
89064 40 0.97,
89103 15 0.66,
89192 45 0.75,
89210 36 0.9,
89267 46 0.62,
89303 26 0.7,
89315 20 0.58,
89351 45 0.63,
89405 16 0.41,
89481 38 0.17,
89540 42 0.85,
89603 21 0.56,
89661 48 0.79,
89744 32 0.08,
89792 47 0.89,
89875 13 0.68,
89945 47 0.28,
89978 24 0.06,
90021 2 0.33,
90075 5 0.12,
90079 49 0.25,
90157 13 0.97,
90244 44 0.28,
90301 8 0.81,
90312 38 0.94,
90359 24 0.56,
90393 4 0.1,
90450 38 0.54,
90535 11 0.78,
90562 10 1.0,
90643 38 0.15,
90714 3 0.99,
90736 29 0.13,
90772 16 0.44,
90820 41 0.23,
90909 1 0.88,
90915 48 0.25,
90923 49 0.81,
90926 27 0.51,
90940 46 0.14,
90944 42 0.59,
90977 23 0.53,
90983 15 0.83,
91064 33 0.57,
91151 8 0.7,
91224 38 0.95,
91304 8 0.5,
91355 46 0.81,
91373 20 0.86,
91390 46 0.34,
91425 15 0.65,
91457 11 0.44,
91510 26 0.08,
91564 10 0.64,
91574 16 0.22,
91578 47 0.88,
91596 47 0.46,
91626 44 0.06,
91693 31 0.89,
91769 22 0.92,
91824 25 0.72,
91834 17 0.98,
91892 40 0.83,
91910 43 0.45,
91964 43 0.58,
91995 38 0.14,
92047 30 0.69,
92088 28 0.1,
92176 40 0.12,
92200 2 0.83,
92201 36 0.22,
92273 29 0.06,
92341 47 0.08,
92375 9 0.06,
92435 44 0.27,
92487 34 0.54,
92519 12 0.56,
92561 27 0.24,
92593 10 0.65,
92636 20 0.85,
92659 11 0.25,
92686 20 0.23,
92705 46 0.84,
92723 8 0.98,
92772 45 0.64,
92798 39 0.22,
92882 33 0.22,
92967 20 0.4,
93048 41 0.83,
93056 31 0.95,
93083 20 0.61,
93130 14 0.3,
93140 12 0.79,
93144 3 0.34,
93164 24 0.1,
93200 41 0.32,
93272 30 0.21,
93307 36 0.9,
93350 35 0.52,
93376 33 0.52,
93435 14 0.27,
93487 42 0.23,
93570 47 0.76,
93641 18 0.76,
93644 2 0.62,
93672 45 0.71,
93696 14 0.63,
93705 25 0.55,
93752 15 0.31,
93769 49 0.11,
93799 32 0.73,
93823 12 0.55,
93911 30 0.96,
93999 44 0.41,
94080 7 0.18,
94142 25 0.05,
94143 27 0.36,
94211 25 0.01,
94215 23 0.63,
94296 16 0.54,
94302 20 0.5,
94342 30 0.91,
94407 9 0.79,
94485 40 0.61,
94498 32 0.57,
94510 38 0.08,
94588 15 0.42,
94626 23 0.35,
94699 7 0.5,
94777 47 0.8,
94849 45 0.39,
94891 23 0.08,
94952 14 0.96,
95005 44 0.26,
95049 48 0.2,
95123 13 0.66,
95142 27 0.66,
95142 29 0.12,
95217 36 0.72,
95293 25 0.72,
95297 45 0.05,
95376 12 0.36,
95392 35 0.96,
95464 21 0.69,
95548 33 0.78,
95610 10 0.88,
95656 8 0.55,
95692 12 0.67,
95707 19 0.69,
95714 46 0.03,
95760 24 0.13,
95804 38 0.54,
95881 45 0.19,
95938 18 0.39,
95996 9 0.03,
96032 24 0.74,
96071 26 0.49,
96112 10 0.39,
96133 5 0.81,
96136 27 0.51,
96213 31 0.74,
96271 8 0.93,
96351 41 0.64,
96351 3 0.5,
96382 9 0.14,
96456 19 0.19,
96483 24 0.06,
96555 12 0.61,
96555 26 0.33,
96592 18 0.05,
96677 47 0.87,
96695 21 0.37,
96746 36 0.34,
96772 44 0.9,
96859 39 0.58,
96899 32 0.8,
96938 21 0.53,
96949 13 0.64,
96987 12 0.47,
97013 29 0.01,
97045 8 0.29,
97067 43 0.91,
97115 24 0.72,
97203 15 0.8,
97265 1 0.49,
97333 2 0.6,
97396 18 0.83,
97464 15 0.24,
97525 38 0.92,
97531 14 0.85,
97610 6 0.62,
97662 43 0.41,
97678 27 0.31,
97746 2 0.7,
97812 39 0.05,
97899 36 0.3,
97932 30 0.3,
98018 0 0.78,
98025 29 0.9,
98028 1 0.62,
98034 33 0.65,
98074 6 0.98,
98108 10 0.56,
98109 20 0.31,
98136 40 0.87,
98191 11 0.58,
98249 16 0.3,
98303 46 0.18,
98383 4 0.11,
98414 19 0.67,
98481 10 0.45,
98516 39 0.03,
98549 33 0.46,
98549 27 0.97,
98571 17 0.97,
98576 14 0.18,
98616 24 0.68,
98645 26 0.78,
98718 19 0.8,
98773 23 0.31,
98824 3 0.31,
98847 10 0.86,
98932 21 0.56,
98949 27 0.85,
98951 32 0.39,
98969 49 0.46,
98975 38 0.76,
99051 26 0.08,
99119 22 0.46,
99149 32 0.01,
99166 28 0.19,
99224 48 0.79,
99304 22 0.93,
99318 19 0.01,
99324 33 0.11,
99335 20 0.45,
99407 34 0.24,
99433 6 0.24,
99458 36 0.96,
99496 13 0.15,
99537 25 0.69,
99566 45 0.13,
99580 5 0.56,
99647 22 0.35,
99736 23 0.77,
99738 5 0.6,
99821 22 0.53,
99822 19 0.54,
99906 42 0.79,
99911 45 0.7,
99976 20 1.0,
100063 16 0.05,
100081 40 0.69,
100162 37 0.26,
100169 29 0.06,
100177 16 0.76,
100263 3 0.83,
100268 24 0.28,
100332 43 0.48,
100336 7 0.08,
100339 8 0.47,
100408 35 0.07,
100444 36 0.42,
100477 18 0.46,
100547 27 0.5,
100562 11 0.03,
100585 7 0.74,
100611 42 0.63,
100690 10 0.1,
100697 48 0.99,
100758 34 0.44,
100839 43 0.51,
100928 43 0.29,
100981 5 0.77,
101052 7 0.29,
101105 43 0.47,
101181 39 0.01,
101200 24 0.87,
101228 7 0.84,
101315 30 0.6,
101369 28 0.92,
101448 6 0.43,
101519 24 0.62,
101572 39 0.83,
101638 18 0.43,
101655 44 0.33,
101716 29 0.8,
101743 16 0.29,
101775 30 0.22,
101850 28 0.04,
101865 35 1.0,
101928 48 0.88,
101987 14 0.58,
102028 18 0.62,
102106 39 0.46,
102142 43 0.71,
102171 24 0.63,
102196 35 0.07,
102280 40 0.84,
102302 21 0.74,
102386 5 0.5,
102418 39 0.76,
102433 37 0.89,
102440 11 0.34,
102450 37 0.48,
102473 11 0.69,
102517 44 0.62,
102581 40 0.14,
102616 32 0.32,
102651 18 0.36,
102678 40 0.12,
102725 12 0.93,
102771 11 0.83,
102788 47 0.37,
102790 1 0.88,
102860 37 0.13,
102875 23 0.15,
102926 31 0.86,
102952 47 0.48,
102999 45 0.2,
103019 18 0.37,
103022 29 0.78,
103068 18 0.83,
103131 18 0.54,
103194 8 0.17,
103220 18 0.22,
103257 8 0.22,
103317 14 0.98,
103393 29 0.74,
103429 16 0.95,
103469 20 0.49,
103477 20 0.05,
103513 14 0.48,
103573 39 0.13,
103635 2 0.11,
103685 41 0.99,
103744 15 0.42,
103762 45 0.27,
103788 33 0.35,
103804 19 1.0,
103828 11 0.6,
103841 22 0.31,
103910 33 0.64,
103957 15 0.34,
104004 8 0.72,
104045 6 0.51,
104077 23 0.15,
104106 41 0.4,
104153 49 1.0,
104235 3 0.68,
104263 8 0.93,
104285 40 0.47,
104297 33 0.84,
104302 6 0.25,
104341 21 0.21,
104342 12 0.8,
104409 48 0.86,
104439 37 0.11,
104440 43 0.46,
104462 23 0.05,
104493 6 0.85,
104557 46 0.2,
104598 33 0.22,
104675 40 0.79,
104716 2 0.91,
104766 1 0.3,
104774 16 0.27,
104802 41 0.3,
104830 38 0.08,
104881 39 0.33,
104896 16 0.7,
104919 15 0.52,
104995 25 0.22,
105081 47 0.96,
105149 20 0.2,
105168 4 0.39,
105237 12 0.34,
105320 39 0.92,
105340 20 0.4,
105408 19 0.36,
105423 38 0.13,
105509 36 0.24,
105595 16 0.37,
105608 32 0.17,
105662 5 0.92,
105679 16 0.75,
105735 8 0.29,
105756 48 0.62,
105768 48 0.73,
105819 6 0.16,
105873 16 0.93,
105880 31 0.22,
105928 39 0.27,
105933 31 0.14,
105943 41 0.05,
105982 7 1.0,
105990 32 0.63,
106047 22 0.46,
106114 12 0.79,
106174 8 0.1,
106220 7 0.8,
106260 18 0.67,
106343 4 0.13,
106392 14 0.13,
106393 9 0.89,
106444 23 0.14,
106515 29 0.85,
106558 1 0.22,
106590 42 0.27,
106652 9 0.56,
106680 37 0.77,
106753 40 0.41,
106798 48 0.39,
106887 9 0.59,
106927 3 0.98,
106995 25 0.6,
107043 45 0.67,
107048 17 0.21,
107082 14 0.61,
107112 14 1.0,
107141 4 0.9,
107223 4 0.14,
107312 33 0.75,
107395 35 0.74,
107409 14 0.51,
107463 12 0.34,
107499 28 0.76,
107554 15 0.63,
107580 8 0.74,
107659 48 0.3,
107688 48 0.56,
107739 39 0.01,
107792 15 1.0,
107869 7 0.68,
107917 39 0.43,
107955 36 0.63,
107975 40 0.82,
108029 45 0.14,
108081 24 0.92,
108125 40 0.6,
108155 11 0.54,
108242 26 0.24,
108296 11 0.54,
108313 1 0.38,
108377 20 0.31,
108451 43 0.51,
108488 35 0.72,
108517 42 0.68,
108520 26 0.38,
108534 4 0.51,
108572 30 0.8,
108641 37 0.98,
108696 29 0.3,
108734 34 0.16,
108753 9 0.99,
108804 9 0.47,
108859 14 0.54,
108925 37 0.2,
109004 5 0.4,
109047 33 0.88,
109094 32 0.27,
109111 0 0.83,
109189 38 0.36,
109197 14 0.39,
109212 2 0.23,
109300 46 0.37,
109348 12 0.08,
109414 37 0.87,
109490 8 0.18,
109531 42 0.84,
109607 17 0.21,
109651 35 0.24,
109733 4 0.39,
109788 15 0.93,
109848 8 0.23,
109894 10 0.49,
109894 15 0.34,
109975 7 0.97,
110034 29 0.36,
110120 37 0.52,
110156 29 0.15,
110220 9 0.05,
110224 10 0.56,
110289 14 0.91,
110293 9 0.71,
110371 29 0.44,
110459 3 0.59,
110481 3 0.89,
110551 33 0.16,
110572 8 0.88,
110620 33 0.08,
110621 23 0.8,
110668 13 0.98,
110685 11 0.37,
110697 14 0.53,
110716 26 0.58,
110788 39 0.36,
110842 24 0.5,
110912 3 0.77,
110971 13 0.6,
111030 46 0.69,
111069 46 0.05,
111112 26 0.55,
111194 9 0.4,
111274 12 0.39,
111357 27 0.25,
111379 24 0.04,
111432 41 0.56,
111513 13 0.34,
111586 32 0.76,
111589 41 0.78,
111590 11 0.35,
111627 43 0.78,
111694 14 0.6,
111731 32 0.82,
111795 48 0.02,
111848 9 0.07,
111884 47 0.27,
111927 16 0.43,
111960 1 0.2,
111967 38 0.78,
112026 27 0.4,
112115 46 0.97,
112202 22 0.09,
112226 1 0.47,
112257 20 0.93,
112272 30 0.89,
112349 43 0.46,
112429 2 0.17,
112505 23 0.11,
112541 24 0.31,
112626 25 0.7,
112687 23 0.61,
112693 38 0.1,
112777 12 0.46,
112835 40 0.61,
112871 41 0.73,
112928 31 0.25,
113012 47 0.45,
113090 42 0.49,
113167 22 0.25,
113251 44 0.46,
113314 11 0.54,
113381 48 0.61,
113461 38 0.94,
113504 24 0.36,
113521 30 0.26,
113547 3 0.16,
113601 7 0.97,
113657 0 0.26,
113685 1 0.69,
113729 47 0.82,
113803 13 0.26,
113803 13 0.08,
113882 2 0.6,
113965 37 0.27,
113981 29 0.55,
113998 36 0.68,
114005 47 0.95,
114014 13 0.13,
114088 35 0.04,
114102 19 0.14,
114109 28 0.66,
114134 33 0.52,
114155 7 0.85,
114227 44 0.74,
114301 16 0.22,
114361 11 0.83,
114438 22 0.79,
114460 7 0.4,
114490 31 0.15,
114506 17 0.96,
114521 48 0.14,
114556 5 0.55,
114602 14 0.7,
114621 10 0.32,
114656 42 0.5,
114733 7 0.28,
114770 33 0.99,
114787 24 0.85,
114827 25 0.5,
114896 34 0.82,
114970 40 0.52,
115012 31 0.03,
115086 47 0.21,
115144 34 0.14,
115195 38 0.36,
115257 0 0.96,
115318 14 0.83,
115404 12 0.79,
115417 14 0.29,
115481 0 0.97,
115514 1 1.0,
115555 7 0.46,
115596 32 0.32,
115685 45 0.56,
115707 27 0.4,
115781 2 0.22,
115855 17 0.05,
115932 29 0.68,
115945 43 0.97,
115991 5 0.9,
116014 34 0.18,
116078 7 0.43,
116081 35 0.36,
116101 14 0.9,
116168 40 0.81,
116201 43 0.75,
116226 34 0.18,
116267 40 0.67,
116315 19 0.49,
116367 8 0.55,
116410 35 0.24,
116434 22 0.86,
116486 25 0.86,
116571 38 0.97,
116587 45 0.37,
116626 41 0.6,
116714 33 0.28,
116798 37 0.48,
116876 24 0.54,
116909 23 0.46,
116921 28 0.3,
117006 16 0.83,
117033 9 0.95,
117096 25 1.0,
117178 4 0.83,
117263 24 0.39,
117334 10 0.02,
117353 34 0.65,
117427 47 0.63,
117431 9 0.06,
117441 34 0.78,
117463 18 0.14,
117491 19 0.32,
117517 45 0.31,
117606 8 0.07,
117681 27 0.36,
117685 18 0.3,
117729 1 0.24,
117730 4 0.46,
117775 23 0.98,
117850 28 0.88,
117902 2 0.21,
117919 19 0.56,
117959 23 0.85,
117968 10 0.57,
117971 7 0.73,
118008 1 0.3,
118020 26 0.43,
118095 48 0.06,
118182 4 0.72,
118234 8 0.69,
118296 25 0.22,
118373 41 0.07,
118420 27 0.57,
118453 6 0.2,
118501 2 0.26,
118545 3 0.71,
118612 13 0.77,
118691 26 0.08,
118718 41 0.61,
118740 22 0.84,
118774 11 0.93,
118799 22 0.11,
118830 12 0.5,
118891 16 0.74,
118963 18 0.49,
119003 38 0.96,
119063 35 0.76,
119117 18 0.97,
119189 28 0.35,
119244 13 0.68,
119269 3 0.91,
119357 45 0.3,
119367 3 0.04,
119426 44 0.16,
119476 0 0.96,
119558 21 0.8,
119586 9 0.9,
119654 29 0.37,
119661 32 0.93,
119663 13 0.31,
119746 23 0.21,
119796 37 0.38,
119799 6 0.47,
119886 40 0.55,
119966 16 0.8,
119998 17 0.22,
120021 14 0.99,
120038 45 0.45,
120050 18 0.09,
120101 41 0.8,
120130 46 0.02,
120199 33 0.76,
120277 48 0.37,
120346 44 0.83,
120350 29 0.36,
120362 44 0.91,
120445 39 0.99,
120500 10 0.19,
120514 6 0.05,
120566 5 0.8,
120599 4 0.24,
120644 33 0.41,
120706 11 0.75,
120784 34 0.7,
120865 25 0.51,
120883 6 0.88,
120884 5 0.63,
120954 28 0.6,
121040 29 0.16,
121110 10 0.91,
121116 35 0.36,
121142 35 0.15,
121150 48 0.49,
121239 7 0.41,
121324 15 0.28,
121334 36 0.04,
121404 10 0.87,
121451 16 0.61,
121458 48 0.13,
121492 22 0.9,
121551 3 0.01,
121567 38 0.64,
121588 15 0.23,
121599 1 0.87,
121622 4 0.91,
121669 28 0.6,
121713 40 0.34,
121745 3 0.73,
121763 39 0.97,
121817 10 0.65,
121900 40 0.68,
121978 9 0.04,
122000 0 0.27,
122042 29 0.12,
122053 13 0.9,
122122 46 0.74,
122194 25 0.69,
122223 24 0.7,
122302 24 0.22,
122320 34 0.78,
122342 18 0.27,
122359 0 0.69,
122407 32 0.86,
122420 18 0.87,
122465 25 0.65,
122487 6 0.12,
122506 43 0.45,
122519 12 0.81,
122600 19 0.14,
122625 42 0.42,
122677 38 0.03,
122726 36 0.86,
122781 5 0.38,
122866 1 0.94,
122948 29 0.4,
122972 45 0.6,
122974 11 0.09,
123045 28 0.96,
123090 18 0.87,
123131 22 0.95,
123144 17 0.95,
123214 22 0.42,
123228 33 0.34,
123317 9 0.49,
123393 4 0.89,
123480 26 0.05,
123526 20 0.77,
123585 35 0.03,
123616 48 0.73,
123697 6 0.04,
123754 31 0.07,
123771 19 0.04,
123793 4 0.23,
123878 4 0.59,
123962 46 0.55,
124051 43 0.05,
124125 30 0.23,
124201 43 0.52,
124280 25 0.78,
124350 42 0.05,
124353 40 0.44,
124354 41 0.6,
124389 3 0.91,
124415 46 0.86,
124431 3 0.35,
124498 7 0.85,
124540 24 0.1,
124610 12 0.02,
124682 47 0.26,
124756 29 0.61,
124809 25 0.89,
124879 20 0.77,
124955 49 0.26,
124990 40 0.52,
125024 11 0.85,
125048 31 0.04,
125104 49 0.78,
125161 16 0.32,
125222 13 0.79,
125294 31 0.58,
125338 28 0.66,
125391 26 0.34,
125408 10 0.68,
125433 4 0.34,
125501 11 0.76,
125552 5 0.54,
125588 38 0.96,
125642 14 0.79,
125682 12 0.28,
125746 39 0.61,
125804 49 0.63,
125835 16 0.07,
125858 18 0.86,
125884 14 0.8,
125902 8 0.51,
125948 30 0.32,
126028 3 0.83,
126044 36 0.5,
126122 42 0.14,
126162 16 0.86,
126241 33 0.64,
126314 12 0.03,
126336 3 0.91,
126417 34 0.81,
126470 17 0.76,
126507 40 0.83,
126535 16 0.31,
126564 0 0.49,
126643 13 0.19,
126649 48 0.33,
126738 32 0.79,
126793 36 0.51,
126857 5 0.43,
126905 10 0.76,
126912 39 0.24,
126979 24 0.51,
127026 3 0.92,
127091 12 0.75,
127152 34 0.63,
127216 8 0.24,
127293 46 0.71,
127355 31 0.99,
127385 27 0.71,
127468 26 0.69,
127507 27 0.74,
127530 28 0.34,
127617 29 0.12,
127699 0 0.81,
127721 34 0.13,
127801 36 0.39,
127879 42 0.72,
127895 46 0.76,
127901 9 0.63,
127913 30 0.24,
127956 39 0.24,
128044 4 0.2,
128129 48 0.81,
128193 11 0.38,
128203 16 0.55,
128270 14 0.61,
128270 24 0.58,
128347 12 0.41,
128356 22 0.54,
128425 25 0.03,
128453 1 0.16,
128476 37 0.32,
128479 31 0.3,
128494 15 0.08,
128557 27 0.1,
128567 20 0.1,
128588 22 0.05,
128677 1 0.34,
128697 7 0.9,
128719 39 0.71,
128788 35 0.14,
128841 22 0.94,
128843 5 0.88,
128865 39 0.49,
128898 36 0.72,
128964 47 0.7,
129027 11 0.82,
129036 9 0.08,
129044 33 0.78,
129056 32 0.72,
129126 9 0.4,
129196 49 0.94,
129250 30 0.54,
129271 22 0.98,
129353 9 0.49,
129385 9 0.79,
129456 18 0.8,
129459 26 0.44,
129530 31 0.51,
129603 4 0.65,
129615 48 0.61,
129664 10 0.6,
129746 15 0.7,
129822 6 0.11,
129881 46 0.81,
129893 8 0.48,
129939 26 0.19,
129982 28 0.88,
130046 47 0.73,
130063 47 0.92,
130088 47 0.51,
130129 44 0.4,
130202 6 0.73,
130206 22 1.0,
130214 9 0.1,
130278 31 0.98,
130324 33 0.46,
130387 25 0.94,
130455 5 0.98,
130491 3 0.11,
130527 4 0.59,
130537 25 0.88,
130565 4 0.66,
130574 49 0.75,
130594 24 0.56,
130662 49 0.78,
130705 24 0.08,
130730 14 0.99,
130809 46 0.59,
130881 40 0.83,
130891 40 0.72,
130941 34 0.08,
131029 21 0.41,
131067 21 0.46,
131092 23 0.41,
131131 4 0.87,
131174 6 0.33,
131200 45 0.3,
131224 13 0.99,
131312 26 0.73,
131360 29 0.67,
131406 17 0.9,
131443 43 0.59,
131471 29 0.56,
131532 43 0.53,
131571 40 0.36,
131618 29 0.94,
131649 15 0.73,
131736 17 0.36,
131758 23 0.2,
131800 26 0.49,
131876 20 0.1,
131925 33 0.62,
131938 37 0.49,
131982 8 0.77,
132048 41 0.85,
132100 11 0.18,
132151 36 0.7,
132176 49 0.74,
132187 0 0.24,
132222 38 0.95,
132238 17 0.26,
132310 6 0.57,
132330 15 0.04,
132409 28 0.54,
132493 43 0.27,
132527 46 0.16,
132600 2 0.74,
132616 32 0.52,
132666 48 0.02,
132711 8 0.97,
132781 40 0.81,
132858 42 0.92,
132889 13 0.82,
132893 2 0.93,
132904 33 0.21,
132947 43 0.64,
132978 28 0.24,
133035 13 0.71,
133080 40 0.88,
133161 45 0.26,
133163 28 0.16,
133165 24 0.78,
133183 38 0.25,
133184 42 0.65,
133225 48 0.17,
133265 45 0.98,
133338 41 0.74,
133341 32 0.62,
133421 13 0.46,
133479 8 0.54,
133508 27 0.28,
133510 47 0.78,
133564 46 0.88,
133633 44 0.59,
133681 49 0.79,
133709 40 0.38,
133778 24 0.12,
133836 28 0.64,
133871 3 0.37,
133880 34 0.87,
133942 11 0.77,
133982 36 0.11,
134061 37 0.25,
134124 3 0.53,
134135 31 0.67,
134153 29 0.64,
134183 19 0.73,
134190 31 0.22,
134209 23 0.29,
134282 9 0.66,
134357 14 0.06,
134411 16 0.01,
134466 11 0.1,
134535 47 0.7,
134584 36 0.93,
134598 34 0.11,
134641 24 0.39,
134705 30 0.08,
134747 12 0.37,
134823 4 0.03,
134883 36 0.79,
134955 47 0.6,
135004 30 0.88,
135053 6 0.6,
135110 29 0.82,
135150 47 0.42,
135155 37 0.42,
135158 20 0.88,
135168 36 0.71,
135220 25 0.89,
135253 3 0.11,
135340 23 0.68,
135426 40 0.52,
135495 36 0.15,
135512 2 0.87,
135543 25 0.67,
135589 43 0.84,
135627 11 0.01,
135669 2 0.94,
135677 6 0.84,
135754 12 0.52,
135813 15 0.57,
135831 47 0.85,
135844 12 0.95,
135886 27 0.77,
135910 13 0.65,
135917 46 0.65,
135972 20 0.73,
136004 44 0.19,
136052 11 0.14,
136096 17 0.41,
136117 2 0.2,
136150 5 0.07,
136183 40 0.62,
136205 38 0.53,
136252 10 0.4,
136276 22 0.75,
136309 22 0.88,
136373 47 0.98,
136416 46 0.68,
136442 5 0.84,
136485 13 0.04,
136498 19 0.63,
136582 29 0.28,
136604 22 0.42,
136646 40 0.03,
136725 16 0.09,
136726 30 0.01,
136799 43 0.43,
136874 7 0.57,
136908 38 0.5,
136931 8 0.96,
136955 11 0.47,
136966 45 0.42,
137037 47 0.59,
137076 5 0.57,
137093 23 0.43,
137166 44 0.02,
137176 6 0.17,
137251 31 0.34,
137295 43 0.21,
137339 23 0.59,
137366 32 0.84,
137425 6 0.59,
137429 36 0.26,
137434 24 0.57,
137484 37 0.42,
137506 7 0.84,
137534 46 0.68,
137543 34 0.4,
137593 41 0.82,
137620 2 0.38,
137668 3 0.09,
137714 49 0.4,
137721 28 0.67,
137791 33 0.57,
137811 41 0.4,
137821 3 0.53,
137907 6 0.16,
137974 32 0.37,
138030 2 0.8,
138076 12 0.47,
138144 32 0.42,
138231 33 0.8,
138298 2 0.62,
138312 3 0.45,
138359 28 0.35,
138390 28 0.52,
138477 6 0.22,
138481 16 0.85,
138521 30 0.97,
138528 22 0.05,
138570 16 0.92,
138593 6 0.58,
138611 23 0.76,
138637 7 0.59,
138691 45 0.02,
138755 27 0.68,
138792 16 0.65,
138874 4 0.67,
138882 7 0.01,
138913 13 0.57,
138987 20 0.29,
139007 24 0.2,
139023 46 0.79,
139025 1 0.7,
139050 14 0.09,
139091 12 0.67,
139172 23 0.07,
139197 9 0.24,
139204 2 0.56,
139257 21 0.59,
139326 35 0.25,
139335 16 0.06,
139413 1 0.03,
139421 23 0.31,
139434 33 0.11,
139466 27 0.38,
139533 42 0.18,
139555 49 0.76,
139586 33 0.72,
139667 14 0.7,
139746 42 0.86,
139783 4 0.54,
139798 39 0.09,
139864 37 0.45,
139933 39 0.48,
140011 34 0.06,
140039 5 0.11,
140085 26 0.62,
140165 3 0.75,
140170 30 0.39,
140207 28 0.83,
140241 27 0.1,
140254 30 0.56,
140268 15 0.72,
140352 17 0.23,
140359 44 0.63,
140443 37 0.13,
140515 46 0.99,
140550 23 0.81,
140575 26 0.76,
140637 8 0.73,
140724 19 0.72,
140765 36 0.17,
140825 45 0.7,
140871 5 0.98,
140871 16 0.53,
140915 38 0.62,
140919 37 0.9,
140924 9 0.67,
140986 22 0.02,
140997 5 0.8,
141066 10 0.84,
141067 16 0.92,
141085 34 0.7,
141100 42 0.56,
141132 19 0.63,
141187 11 0.82,
141249 32 0.05,
141306 4 0.04,
141343 4 0.99,
141419 36 0.35,
141442 16 0.2,
141507 42 0.48,
141565 14 0.87,
141578 28 0.79,
141628 16 0.01,
141676 37 0.14,
141698 3 0.63,
141753 4 0.01,
141803 38 0.37,
141881 46 0.16,
141885 31 0.11,
141913 35 0.02,
141945 45 0.36,
142004 17 0.18,
142077 49 0.93,
142104 36 0.63,
142189 0 0.09,
142260 5 0.62,
142307 0 0.43,
142351 19 0.66,
142385 39 0.55,
142445 27 0.72,
142527 42 0.63,
142559 38 0.66,
142615 8 0.49,
142646 9 0.2,
142705 39 0.65,
142734 16 0.67,
142815 13 0.87,
142839 18 0.99,
142927 30 0.05,
142997 27 0.2,
143002 41 0.14,
143055 5 0.36,
143116 29 0.35,
143128 14 0.51,
143214 49 0.95,
143266 12 0.36,
143325 29 0.9,
143326 8 0.65,
143381 49 0.67,
143461 16 0.39,
143500 0 0.39,
143514 49 0.83,
143532 44 0.3,
143606 18 0.77,
143695 12 0.72,
143710 25 0.67,
143761 41 0.05,
143769 23 0.69,
143821 9 0.15,
143905 43 0.25,
143942 46 1.0,
143972 27 0.4,
143984 17 0.18,
144033 23 0.44,
144091 35 0.06,
144160 24 0.19,
144171 35 0.46,
144232 9 0.84,
144233 12 0.3,
144268 4 0.92,
144294 45 0.68,
144378 3 0.37,
144391 31 0.52,
144427 12 0.97,
144446 49 0.2,
144466 26 0.21,
144541 9 0.79,
144596 29 0.84,
144622 23 0.71,
144703 29 0.74,
144747 39 0.4,
144824 10 0.44,
144877 2 0.8,
144961 26 0.14,
144964 23 0.45,
145034 25 0.98,
145053 18 0.13,
145055 5 0.93,
145120 20 0.9,
145194 27 0.32,
145217 19 0.18,
145284 8 0.06,
145347 31 0.67,
145364 46 0.09,
145430 15 0.28,
145517 46 0.12,
145522 4 0.07,
145600 45 0.46,
145623 25 0.01,
145632 10 0.1,
145694 11 0.13,
145714 48 0.98,
145729 12 0.57,
145791 0 0.74,
145863 29 0.59,
145885 31 0.23,
145938 48 0.17,
145982 39 0.28,
146049 31 0.99,
146094 29 0.81,
146140 27 0.89,
146160 1 0.05,
146172 26 0.77,
146241 10 0.96,
146303 15 0.74,
146388 29 0.11,
146471 7 0.94,
146548 49 0.5,
146619 37 0.12,
146694 43 0.51,
146744 24 0.87,
146774 17 0.76,
146851 4 0.14,
146910 33 0.78,
146976 8 0.97,
146980 30 0.16,
147035 14 0.53,
147083 40 0.98,
147167 29 0.32,
147234 32 0.49,
147314 49 0.04,
147347 3 0.54,
147418 21 0.94,
147493 22 0.17,
147558 27 0.72,
147573 25 0.71,
147627 23 0.47,
147643 0 0.01,
147680 25 0.18,
147733 39 0.11,
147788 14 0.31,
147789 29 0.28,
147870 28 0.65,
147926 31 0.9,
148004 7 0.91,
148029 14 0.73,
148107 43 0.31,
148148 35 0.11,
148155 4 0.53,
148186 22 0.87,
148233 13 0.67,
148309 29 0.12,
148378 14 0.51,
148443 32 0.2,
148464 16 0.89,
148545 29 0.84,
148594 31 0.06,
148649 40 0.18,
148718 27 0.74,
148784 48 0.87,
148799 48 0.62,
148878 37 0.26,
148948 27 0.16,
149002 8 0.08,
149060 28 0.08,
149074 19 0.24,
149079 0 0.16,
149085 27 0.21,
149114 38 0.3,
149171 31 0.95,
149206 5 0.73,
149249 1 0.47,
149281 8 0.1,
149342 15 0.74,
149365 23 0.58,
149367 42 0.04,
149426 37 0.34,
149506 4 0.24,
149547 12 0.94,
149565 33 0.84,
149638 32 0.24,
149650 2 0.05,
149653 28 0.09,
149655 31 0.68,
149678 42 0.43,
149763 39 0.24,
149789 15 0.48,
149850 7 0.51,
149930 8 0.9,
149930 26 0.27,
150012 45 0.6,
150098 47 0.66,
150135 34 0.9,
150220 9 0.51,
150259 23 0.14,
150295 2 0.33,
150345 3 0.97,
150369 32 0.8,
150386 37 0.89,
150461 35 0.86,
150473 40 0.7,
150486 34 0.53,
150534 43 0.54,
150576 32 0.16,
150640 12 0.92,
150720 47 0.08,
150805 0 0.95,
150862 23 0.6,
150916 29 0.71,
150961 41 0.59,
150998 9 0.38,
151027 37 0.84,
151087 10 0.25,
151145 43 0.19,
151179 13 0.63,
151257 11 0.18,
151335 42 0.4,
151341 34 0.55,
151404 7 0.47,
151469 8 0.09,
151537 31 0.34,
151580 11 0.67,
151616 48 0.6,
151618 28 0.85,
151634 27 0.53,
151723 15 0.21,
151740 27 0.48,
151777 11 0.67,
151835 25 0.59,
151921 6 0.78,
151957 42 0.12,
151957 1 0.52,
151963 2 0.4,
151983 47 0.33,
152029 47 0.36,
152070 27 0.86,
152099 36 0.33,
152123 22 0.86,
152158 26 0.24,
152167 40 0.45,
152232 6 0.78,
152245 2 0.58,
152247 0 0.87,
152278 1 0.14,
152349 7 0.04,
152436 25 0.62,
152515 38 0.33,
152544 4 0.75,
152584 23 0.6,
152663 10 0.79,
152665 47 0.38,
152687 37 0.43,
152690 25 0.67,
152727 36 0.6,
152765 30 0.15,
152854 41 0.53,
152872 15 0.97,
152945 15 0.32,
152992 48 0.23,
153076 14 0.51,
153148 12 0.23,
153191 3 0.01,
153248 33 0.74,
153318 16 0.97,
153376 36 0.18,
153432 34 0.62,
153457 11 0.17,
153502 37 0.3,
153512 28 0.99,
153532 1 0.73,
153612 3 0.9,
153695 14 0.69,
153776 26 0.67,
153777 3 0.09,
153855 49 0.53,
153910 5 0.21,
153969 15 0.76,
153996 47 0.18,
154020 47 0.1,
154031 10 0.06,
154048 34 0.2,
154111 29 0.78,
154189 4 0.46,
154194 9 0.73,
154245 46 0.26,
154288 18 0.33,
154326 29 0.01,
154346 0 0.51,
154356 43 0.61,
154405 6 0.8,
154463 17 0.07,
154549 6 0.94,
154551 18 0.58,
154609 27 0.17,
154631 12 0.02,
154718 26 0.9,
154797 32 0.03,
154866 40 0.17,
154866 8 0.48,
154915 47 0.62,
154990 11 0.98,
155067 4 0.15,
155127 31 0.41,
155140 10 0.45,
155155 10 0.32,
155218 12 0.68,
155306 9 0.12,
155377 2 0.17,
155459 17 0.88,
155512 36 0.66,
155516 24 0.06,
155530 46 0.88,
155549 32 0.12,
155591 11 0.97,
155634 34 0.66,
155636 17 0.48,
155659 4 0.55,
155677 28 0.52,
155744 28 0.93,
155807 6 0.76,
155826 21 0.88,
155880 26 0.79,
155908 6 0.55,
155936 23 0.48,
156018 45 0.88,
156020 6 0.91,
156020 8 0.59,
156025 24 0.13,
156061 12 0.59,
156099 12 0.25,
156115 2 0.03,
156158 22 0.01,
156244 30 0.38,
156244 8 0.36,
156260 41 0.52,
156287 34 0.93,
156305 38 0.24,
156368 41 0.47,
156402 18 0.94,
156470 25 0.24,
156521 35 0.1,
156564 13 0.66,
156569 5 0.14,
156598 13 0.95,
156626 22 0.14,
156629 39 0.08,
156669 26 0.94,
156724 49 0.78,
156781 46 0.22,
156834 19 0.77,
156886 14 0.57,
156934 26 0.06,
156999 2 0.61,
157069 24 0.18,
157153 9 0.75,
157168 38 0.2,
157211 9 0.55,
157263 48 0.24,
157290 23 0.64,
157342 42 0.08,
157428 2 0.81,
157487 33 0.99,
157488 17 0.58,
157521 13 0.58,
157587 13 0.1,
157643 17 0.58,
157701 31 0.84,
157752 1 0.72,
157757 8 0.48,
157774 45 0.28,
157836 8 1.0,
157895 9 0.4,
157930 29 0.45,
157966 25 0.54,
158000 13 0.95,
158042 28 0.08,
158048 5 0.1,
158112 21 0.02,
158181 47 0.7,
158260 33 0.8,
158306 41 0.65,
158325 26 0.52,
158334 48 0.64,
158406 39 0.89,
158411 21 0.65,
158467 34 0.27,
158545 31 0.99,
158612 7 0.99,
158625 30 0.86,
158659 2 0.22,
158720 49 0.43,
158785 12 0.53,
158789 1 0.86,
158792 18 0.93,
158800 19 0.12,
158803 20 0.5,
158851 2 0.95,
158888 37 0.45,
158963 22 0.55,
158978 6 0.27,
158995 6 0.89,
158997 25 0.93,
159009 36 0.5,
159032 24 0.37,
159082 13 0.73,
159090 40 0.76,
159128 49 0.8,
159183 11 0.48,
159194 32 0.55,
159209 15 0.13,
159216 10 0.57,
159268 29 0.55,
159357 46 0.67,
159387 24 0.08,
159472 3 0.34,
159526 43 0.65,
159570 47 0.68,
159578 23 0.84,
159579 48 1.0,
159602 38 0.19,
159609 23 0.01,
159670 29 0.81,
159714 39 0.96,
159736 44 0.55,
159814 35 0.32,
159818 18 0.78,
159839 13 0.19,
159908 28 0.39,
159950 34 0.95,
160005 17 0.8,
160016 24 0.49,
160029 15 0.74,
160089 35 0.55,
160176 13 0.92,
160242 12 0.46,
160288 22 0.78,
160337 32 0.1,
160350 49 0.33,
160373 5 0.13,
160415 40 0.38,
160487 35 0.45,
160526 21 0.53,
160541 3 0.4,
160592 41 0.91,
160649 17 0.42,
160690 0 1.0,
160764 7 0.95,
160794 23 0.02,
160798 42 0.41,
160835 43 0.32,
160891 19 0.11,
160900 16 0.35,
160957 11 0.36,
160974 46 0.04,
161062 48 0.97,
161109 3 0.74,
161156 1 0.59,
161231 43 0.5,
161291 2 0.5,
161327 46 0.94,
161346 41 0.95,
161357 5 0.54,
161429 14 0.4,
161445 18 0.01,
161509 13 0.58,
161531 48 0.26,
161600 4 0.72,
161637 44 0.62,
161668 4 1.0,
161670 42 0.64,
161697 25 0.03,
161715 18 0.9,
161791 10 0.31,
161810 32 0.86,
161882 23 0.51,
161921 49 0.85,
162009 42 0.63,
162098 39 0.63,
162141 9 0.8,
162167 36 0.64,
162218 44 0.83,
162239 46 0.33,
162274 21 0.93,
162307 43 0.32,
162328 44 0.96,
162386 20 0.4,
162422 33 0.13,
162507 12 0.73,
162546 40 0.57,
162555 45 0.64,
162591 5 0.84,
162638 17 0.79,
162645 17 0.43,
162726 9 0.91,
162780 27 0.48,
162854 35 0.97,
162893 31 0.05,
162917 29 0.63,
162956 44 0.09,
162962 41 0.97,
163032 21 0.27,
163046 32 0.47,
163054 42 0.13,
163086 4 0.09,
163133 12 0.4,
163180 44 0.18,
163236 32 0.18,
163277 36 0.97,
163299 36 0.06,
163324 19 0.97,
163398 45 0.4,
163436 1 0.03,
163450 1 0.92,
163539 19 0.42,
163611 38 0.08,
163658 42 0.61,
163686 35 0.31,
163734 35 0.51,
163788 14 0.55,
163839 12 0.88,
163844 13 0.55,
163874 12 0.82,
163950 43 0.18,
163956 28 0.66,
163994 36 0.58,
164036 28 0.95,
164082 10 0.13,
164169 0 0.06,
164241 19 0.26,
164300 27 0.67,
164378 8 0.76,
164380 10 0.87,
164400 12 0.57,
164435 3 0.22,
164474 20 0.67,
164489 0 0.36,
164574 19 0.35,
164613 39 0.16,
164662 20 0.41,
164720 41 0.22,
164746 45 0.16,
164818 21 0.73,
164856 26 0.84,
164893 10 0.76,
164960 23 0.41,
165009 21 0.01,
165069 19 0.28,
165102 19 0.89,
165162 2 0.36,
165180 13 0.98,
165244 1 0.45,
165326 31 0.24,
165396 45 0.44,
165417 27 0.59,
165483 31 0.06,
165487 49 0.77,
165501 43 0.62,
165579 42 0.15,
165649 37 0.04,
165686 43 0.05,
165770 32 0.2,
165814 4 0.66,
165840 47 0.06,
165919 39 0.59,
165965 29 0.98,
166019 13 0.5,
166087 13 0.86,
166087 7 0.99,
166140 3 0.91,
166156 19 0.47,
166172 33 0.92,
166194 25 0.96,
166267 12 0.07,
166323 49 0.72,
166330 33 0.44,
166418 46 0.83,
166418 45 0.98,
166423 41 0.71,
166510 43 0.67,
166532 44 0.85,
166614 34 0.81,
166620 6 0.59,
166631 31 0.15,
166643 22 0.84,
166656 28 0.14,
166693 37 0.47,
166715 41 0.18,
166767 22 0.4,
166826 5 0.39,
166885 17 0.49,
166910 38 0.42,
166992 45 0.12,
167044 44 0.29,
167116 2 0.39,
167157 36 0.33,
167166 12 0.01,
167169 26 0.92,
167229 18 0.86,
167296 30 0.45,
167308 43 0.08,
167323 16 0.05,
167366 8 0.55,
167420 9 0.39,
167450 36 0.15,
167527 15 0.79,
167544 19 0.38,
167618 30 0.68,
167654 15 0.36,
167694 5 0.56,
167707 11 0.74,
167793 49 0.35,
167839 37 0.27,
167871 7 0.59,
167893 40 0.65,
167958 20 0.3,
167991 11 0.09,
168014 36 0.21,
168042 37 0.23,
168079 18 0.3,
168093 15 0.84,
168165 17 0.18,
168198 14 0.6,
168287 41 0.53,
168311 48 0.07,
168389 4 0.38,
168422 43 0.21,
168459 41 0.13,
168470 36 0.39,
168489 20 0.29,
168545 46 0.81,
168556 19 0.58,
168619 20 0.57,
168674 40 0.19,
168682 20 0.42,
168722 35 0.94,
168785 4 0.92,
168831 2 0.65,
168852 0 0.63,
168857 34 0.33,
168892 40 0.53,
168965 32 0.95,
168986 43 0.7,
169025 30 0.2,
169047 22 0.33,
169130 19 0.64,
169154 34 0.7,
169190 23 0.32,
169219 6 0.55,
169263 9 0.84,
169304 13 0.49,
169369 19 0.4,
169385 43 0.5,
169418 34 0.78,
169419 26 0.23,
169494 22 0.52,
169567 33 0.95,
169594 8 0.96,
169656 36 0.48,
169693 35 0.7,
169750 20 0.22,
169758 4 0.82,
169759 47 0.11,
169837 13 0.89,
169926 32 0.62,
169968 44 0.8,
170025 31 0.97,
170031 7 0.95,
170036 37 0.29,
170114 3 0.02,
170117 28 0.98,
170205 0 0.88,
170210 19 0.66,
170271 46 0.69,
170289 12 0.59,
170323 40 0.96,
170340 43 0.18,
170387 37 0.92,
170401 19 0.37,
170470 12 0.14,
170490 19 0.89,
170527 40 0.96,
170604 4 0.48,
170610 49 0.96,
170675 46 0.25,
170729 2 0.86,
170818 13 0.94,
170880 26 0.37,
170885 6 0.75,
170886 28 0.64,
170907 1 0.12,
170915 41 0.59,
170938 22 0.51,
170966 21 0.77,
171024 46 0.31,
171066 32 0.85,
171146 19 0.22,
171180 10 0.14,
171241 19 0.3,
171252 11 0.97,
171283 32 0.19,
171307 45 0.21,
171386 25 0.81,
171407 17 0.16,
171433 43 0.71,
171465 22 0.18,
171489 18 0.98,
171555 6 0.52,
171644 40 0.76,
171693 6 0.69,
171755 30 0.53,
171767 13 0.17,
171840 1 0.13,
171929 33 0.7,
171990 17 0.11,
172062 31 0.67,
172113 33 0.13,
172115 11 0.47,
172130 6 0.12,
172196 41 0.25,
172252 2 0.54,
172275 12 0.9,
172364 8 0.51,
172451 24 0.66,
172475 12 0.15,
172493 11 0.76,
172530 11 0.46,
172584 5 0.35,
172642 20 0.03,
172729 15 0.38,
172730 18 0.45,
172757 7 0.03,
172801 49 0.7,
172867 32 0.76,
172938 35 0.03,
173017 21 0.29,
173041 30 0.89,
173041 19 0.98,
173050 0 0.58,
173097 12 0.49,
173154 37 0.86,
173210 21 0.99,
173295 5 0.7,
173362 3 0.49,
173436 42 0.1,
173436 15 0.06,
173461 14 0.29,
173481 18 0.27,
173522 39 0.16,
173576 5 0.95,
173598 22 0.14,
173682 42 1.0,
173722 46 0.67,
173737 37 0.09,
173753 21 0.6,
173765 10 0.22,
173836 34 0.67,
173854 7 0.97,
173902 38 0.19,
173988 4 0.54,
174064 13 0.48,
174140 34 0.82,
174167 30 0.32,
174202 36 0.11,
174219 49 0.57,
174283 43 0.82,
174331 20 0.86,
174378 14 0.79,
174401 17 0.6,
174488 12 0.49,
174509 16 0.94,
174520 41 0.99,
174535 47 0.48,
174597 10 0.45,
174608 43 0.68,
174631 31 0.34,
174679 30 0.16,
174744 22 0.81,
174769 5 0.44,
174780 27 0.69,
174837 39 0.52,
174837 9 0.95,
174866 45 0.83,
174945 42 0.95,
174959 27 0.36,
175028 30 0.62,
175055 15 0.28,
175072 3 0.5,
175074 47 0.15,
175125 5 0.46,
175208 40 0.97,
175241 31 0.94,
175302 2 0.13,
175388 46 0.5,
175459 49 0.85,
175500 32 0.9,
175515 43 1.0,
175518 34 0.86,
175590 18 0.91,
175658 1 0.03,
175721 21 0.58,
175765 0 0.78,
175826 33 0.42,
175908 29 0.76,
175965 39 0.32,
175987 30 0.27,
176033 36 0.48,
176078 34 0.85,
176137 21 0.22,
176218 32 0.68,
176228 7 0.36,
176297 41 0.37,
176350 31 0.9,
176374 14 0.78,
176446 12 0.19,
176519 11 0.89,
176594 42 0.47,
176611 1 0.46,
176641 43 0.97,
176682 26 0.3,
176767 21 0.42,
176785 39 0.89,
176862 7 0.61,
176875 32 0.75,
176912 18 0.25,
176922 9 0.93,
>)