sequence with 20 event types 
(120,267546,
<120 11 0.28,
172 10 0.86,
213 8 0.88,
266 5 0.57,
302 1 0.42,
323 8 0.88,
323 18 0.48,
330 12 0.53,
348 5 0.14,
365 2 0.66,
420 5 0.74,
458 3 0.18,
505 9 0.55,
557 13 0.73,
641 7 0.71,
728 1 1.0,
776 2 0.77,
858 1 0.26,
901 9 0.76,
943 19 0.16,
957 10 0.85,
1039 7 0.31,
1110 3 0.42,
1176 1 0.57,
1201 14 0.54,
1262 14 0.44,
1287 16 0.13,
1343 3 0.89,
1413 17 0.74,
1417 8 0.28,
1425 2 0.45,
1435 15 0.76,
1494 5 0.29,
1560 15 0.34,
1587 17 0.58,
1588 12 0.92,
1615 17 0.52,
1642 3 0.79,
1663 17 0.03,
1707 4 0.57,
1790 8 0.56,
1847 14 0.33,
1855 14 0.23,
1895 15 0.06,
1977 15 0.89,
2030 3 0.6,
2046 17 0.55,
2127 11 0.04,
2139 3 0.88,
2163 18 1.0,
2184 12 0.8,
2222 7 0.71,
2294 1 0.18,
2315 8 0.78,
2331 6 0.74,
2413 17 0.45,
2470 2 0.77,
2499 11 0.48,
2543 6 0.36,
2559 17 0.65,
2574 0 0.38,
2618 17 0.02,
2672 5 0.69,
2693 6 0.28,
2760 13 0.53,
2840 15 0.4,
2921 6 0.24,
2966 12 0.63,
3033 16 0.97,
3049 14 0.09,
3075 1 0.3,
3143 3 0.56,
3230 10 0.86,
3233 14 0.12,
3251 3 0.79,
3273 4 0.47,
3332 13 0.74,
3405 13 0.28,
3435 12 0.08,
3443 15 0.5,
3511 3 0.93,
3570 1 0.98,
3621 2 0.04,
3696 16 0.58,
3717 16 0.42,
3736 2 0.6,
3825 16 0.51,
3838 18 0.2,
3872 14 0.4,
3951 16 0.89,
4002 9 0.51,
4024 4 0.12,
4044 3 0.74,
4080 4 0.22,
4090 10 0.19,
4108 9 0.01,
4181 8 0.57,
4250 18 0.39,
4327 9 0.64,
4333 8 0.06,
4374 6 0.04,
4405 4 0.36,
4440 18 0.52,
4464 5 0.85,
4504 14 0.6,
4529 5 0.92,
4531 8 0.73,
4608 0 1.0,
4608 17 0.9,
4685 8 0.64,
4708 11 0.77,
4717 1 0.42,
4717 15 0.54,
4759 15 0.08,
4798 11 0.19,
4868 11 0.56,
4889 13 0.09,
4944 10 0.6,
4972 12 0.75,
5058 18 0.35,
5073 14 0.59,
5131 4 0.11,
5158 2 0.6,
5169 8 0.55,
5207 11 0.94,
5222 7 0.82,
5263 13 0.28,
5337 17 0.46,
5395 3 0.72,
5473 10 0.74,
5476 13 0.93,
5523 12 0.27,
5593 18 0.03,
5639 13 0.06,
5662 2 0.34,
5748 11 0.78,
5809 8 0.8,
5880 18 0.23,
5946 19 0.68,
6000 0 0.67,
6004 13 0.59,
6035 12 0.09,
6049 14 0.56,
6129 1 0.12,
6158 14 0.65,
6178 11 0.32,
6217 4 0.11,
6265 4 0.34,
6266 4 0.14,
6292 15 0.28,
6341 0 0.35,
6347 5 0.22,
6430 17 0.8,
6467 2 0.23,
6490 13 0.58,
6570 0 0.36,
6633 4 0.32,
6692 10 0.12,
6771 18 1.0,
6776 4 0.65,
6832 18 0.76,
6849 3 0.08,
6924 18 0.79,
6964 9 0.49,
7049 10 0.74,
7091 9 0.19,
7114 16 0.32,
7187 3 0.26,
7263 14 0.21,
7302 8 0.32,
7347 14 0.39,
7353 16 0.47,
7405 13 0.51,
7484 16 0.27,
7502 4 0.88,
7532 19 0.77,
7540 8 0.33,
7581 12 0.05,
7594 5 0.2,
7663 12 0.16,
7726 16 0.64,
7747 0 0.62,
7797 17 0.72,
7807 4 0.5,
7852 17 0.16,
7886 3 0.3,
7949 9 0.24,
7993 10 0.81,
8038 3 0.51,
8057 7 0.61,
8121 9 0.25,
8183 13 0.83,
8269 12 0.81,
8303 19 0.61,
8367 7 0.98,
8401 15 0.93,
8458 1 0.19,
8472 16 0.2,
8532 2 0.67,
8579 1 0.56,
8645 3 0.78,
8698 11 0.64,
8747 0 0.71,
8786 12 0.21,
8807 1 0.11,
8821 13 0.04,
8863 17 0.97,
8869 16 0.21,
8871 10 0.84,
8959 2 0.47,
9038 5 0.97,
9107 3 0.66,
9108 10 0.56,
9170 0 0.09,
9187 9 0.62,
9223 9 0.25,
9286 3 0.17,
9327 8 0.85,
9406 5 0.33,
9421 0 1.0,
9509 13 0.92,
9598 9 0.06,
9643 19 0.27,
9660 8 0.5,
9686 16 0.62,
9775 2 0.71,
9779 1 0.96,
9805 9 0.72,
9879 4 0.61,
9882 0 0.13,
9906 15 0.24,
9959 5 0.27,
10043 6 0.48,
10092 12 0.52,
10136 15 0.9,
10217 4 0.52,
10293 0 0.16,
10326 18 0.66,
10413 18 0.48,
10457 8 0.1,
10532 15 0.01,
10553 2 0.34,
10603 0 0.86,
10612 9 0.04,
10628 14 0.95,
10694 3 0.88,
10774 19 0.31,
10785 19 0.98,
10824 14 0.51,
10891 15 0.72,
10937 3 0.98,
10944 11 0.98,
10993 9 0.38,
11029 14 0.84,
11043 11 0.29,
11128 13 0.56,
11163 14 0.96,
11169 18 0.79,
11176 11 0.92,
11198 3 0.21,
11270 10 0.67,
11332 3 0.99,
11347 1 0.79,
11387 5 0.7,
11396 0 0.27,
11412 8 0.07,
11415 2 0.15,
11466 17 0.27,
11472 19 0.53,
11552 12 0.26,
11566 4 0.19,
11572 4 0.25,
11585 4 0.72,
11592 8 0.99,
11669 12 0.36,
11702 16 0.41,
11714 14 0.23,
11796 15 0.48,
11860 15 0.9,
11915 19 0.12,
11937 11 0.21,
11966 5 0.1,
12005 15 0.39,
12025 6 0.26,
12077 17 0.04,
12078 2 0.5,
12126 18 0.45,
12187 8 0.85,
12211 11 0.32,
12298 17 0.4,
12326 9 0.99,
12367 17 0.44,
12413 9 0.97,
12471 18 0.4,
12553 19 0.45,
12554 14 0.3,
12604 11 0.36,
12672 4 0.37,
12737 16 0.34,
12769 4 0.01,
12791 18 0.2,
12809 8 0.52,
12853 3 0.18,
12936 13 0.19,
12993 10 0.83,
13051 17 0.56,
13111 13 0.32,
13143 8 0.45,
13230 13 0.83,
13253 12 0.38,
13295 13 0.01,
13300 4 0.63,
13387 16 0.06,
13404 2 0.83,
13466 5 0.65,
13515 2 0.45,
13551 10 0.56,
13596 5 0.62,
13611 13 0.03,
13620 6 0.83,
13652 18 0.9,
13689 16 0.64,
13774 11 0.64,
13806 10 0.92,
13814 9 0.72,
13857 19 0.5,
13921 15 0.5,
13960 6 0.52,
13973 9 0.74,
13981 12 0.92,
13990 12 0.1,
14021 10 0.91,
14068 4 0.62,
14068 12 0.67,
14098 8 0.01,
14154 9 0.04,
14192 14 0.16,
14242 18 0.48,
14311 16 0.55,
14341 11 0.25,
14390 16 0.03,
14434 15 0.14,
14454 8 0.57,
14480 12 0.96,
14547 14 0.19,
14599 13 0.95,
14659 9 0.96,
14692 4 0.23,
14744 11 0.53,
14828 3 0.86,
14853 19 0.84,
14930 15 0.55,
14941 14 0.77,
15015 18 0.69,
15084 11 0.49,
15099 19 0.61,
15157 3 0.8,
15174 17 0.1,
15187 8 0.34,
15189 19 0.82,
15218 4 0.92,
15304 16 0.24,
15309 1 0.05,
15331 18 0.72,
15352 1 0.17,
15410 17 0.65,
15418 11 0.41,
15433 12 0.62,
15498 0 0.88,
15535 6 0.18,
15597 12 0.69,
15655 3 0.46,
15701 16 0.08,
15746 10 0.66,
15832 12 0.01,
15917 19 0.14,
15932 9 1.0,
15972 14 0.48,
16029 2 0.01,
16029 13 0.55,
16063 8 0.11,
16095 4 0.32,
16101 7 0.91,
16163 1 0.91,
16233 0 0.31,
16311 5 0.74,
16321 1 0.18,
16372 16 0.21,
16406 17 0.91,
16474 10 0.03,
16551 18 0.76,
16601 5 0.95,
16646 4 0.97,
16705 18 0.88,
16741 8 0.34,
16759 10 0.15,
16805 2 0.03,
16877 8 0.62,
16931 5 0.97,
16966 0 0.75,
17036 19 0.04,
17073 1 0.13,
17155 8 0.23,
17200 10 0.66,
17239 8 0.52,
17246 14 0.65,
17294 16 0.58,
17364 2 0.26,
17438 8 0.28,
17455 2 0.52,
17496 10 0.61,
17554 5 0.01,
17600 5 0.99,
17649 16 0.11,
17665 1 0.44,
17743 10 0.09,
17776 9 0.96,
17800 2 0.1,
17819 12 0.68,
17874 7 0.59,
17950 11 0.11,
17950 2 0.85,
18013 1 0.39,
18077 1 0.49,
18131 7 0.76,
18216 12 0.54,
18286 17 0.43,
18356 17 0.42,
18371 7 0.17,
18402 11 0.59,
18472 5 0.28,
18510 0 0.9,
18597 18 0.42,
18627 13 0.03,
18652 17 0.91,
18664 7 0.01,
18687 11 0.85,
18765 5 0.44,
18846 12 0.01,
18876 18 0.09,
18963 10 0.61,
19024 8 0.49,
19074 10 0.63,
19126 8 0.64,
19140 1 0.49,
19144 12 0.17,
19187 2 0.98,
19264 12 0.29,
19351 13 0.1,
19432 3 0.49,
19497 4 0.65,
19497 11 0.63,
19544 15 0.52,
19605 3 0.67,
19612 6 0.5,
19686 9 0.63,
19768 8 0.46,
19781 5 0.52,
19846 2 0.13,
19870 13 0.07,
19941 4 0.65,
19991 13 0.45,
20033 2 0.19,
20082 15 1.0,
20103 10 0.59,
20167 15 0.33,
20230 4 0.29,
20236 19 0.08,
20321 4 0.31,
20375 17 0.01,
20421 10 0.35,
20489 4 0.01,
20530 3 0.95,
20577 5 0.72,
20592 3 0.11,
20633 16 0.77,
20648 18 0.06,
20687 14 0.37,
20697 2 0.84,
20719 15 0.69,
20745 1 0.32,
20751 5 0.76,
20795 18 0.23,
20839 9 0.18,
20895 1 0.28,
20973 4 0.36,
21014 2 0.97,
21094 0 0.21,
21113 0 0.32,
21158 17 0.37,
21161 18 0.84,
21174 10 0.01,
21186 14 0.2,
21228 9 0.15,
21283 15 0.4,
21301 19 0.56,
21368 15 0.23,
21393 13 0.96,
21482 5 0.59,
21546 18 0.03,
21587 4 0.02,
21635 4 0.19,
21641 9 0.1,
21724 5 0.14,
21727 18 0.59,
21776 5 0.25,
21847 14 0.72,
21852 10 0.23,
21907 10 0.89,
21987 6 0.84,
22046 5 0.78,
22130 2 0.71,
22168 0 0.79,
22178 5 0.66,
22233 15 0.99,
22287 18 0.28,
22302 5 0.84,
22345 19 0.91,
22364 19 0.51,
22432 19 1.0,
22437 11 0.69,
22514 14 0.86,
22546 4 0.11,
22629 11 0.89,
22696 9 0.95,
22749 3 0.12,
22805 15 0.25,
22836 14 0.99,
22904 0 0.72,
22964 10 0.28,
22973 6 0.75,
22991 11 0.97,
23075 12 0.33,
23096 0 0.28,
23133 3 0.58,
23205 3 0.78,
23271 17 0.24,
23319 17 0.83,
23405 12 0.33,
23414 6 0.83,
23455 13 0.83,
23542 13 0.53,
23611 3 0.98,
23659 14 0.43,
23735 17 0.05,
23752 3 1.0,
23819 17 0.11,
23874 9 0.74,
23895 12 0.38,
23912 17 0.07,
23977 15 0.21,
24039 3 0.24,
24074 15 0.25,
24115 18 0.1,
24122 4 0.4,
24130 8 0.58,
24201 4 0.53,
24272 18 0.04,
24275 5 0.76,
24358 0 0.23,
24429 10 0.95,
24459 8 0.39,
24506 10 0.83,
24551 6 0.57,
24559 15 0.46,
24605 14 0.72,
24675 4 0.56,
24683 11 0.04,
24740 3 0.44,
24765 3 0.3,
24780 16 0.98,
24819 5 0.02,
24876 13 0.58,
24932 18 0.07,
25006 9 0.17,
25012 16 0.34,
25077 9 0.86,
25109 7 1.0,
25166 18 0.88,
25232 8 0.83,
25286 12 0.56,
25331 12 0.25,
25393 19 0.23,
25393 15 0.39,
25427 18 0.54,
25443 6 1.0,
25478 0 0.1,
25519 5 0.08,
25541 4 0.31,
25578 10 0.75,
25610 14 0.99,
25678 0 0.56,
25682 17 0.39,
25751 1 0.54,
25836 5 0.53,
25897 13 0.94,
25980 7 0.27,
26037 3 0.17,
26055 14 0.12,
26058 0 0.78,
26127 9 0.17,
26198 13 0.07,
26211 6 0.01,
26249 11 0.82,
26269 3 0.1,
26313 13 0.81,
26314 6 0.09,
26392 7 0.3,
26431 6 0.48,
26510 7 0.92,
26589 18 0.41,
26639 2 0.3,
26681 8 0.52,
26687 0 0.67,
26747 12 0.83,
26761 10 0.25,
26809 3 0.72,
26882 18 0.93,
26942 4 0.85,
26994 11 0.5,
27013 6 0.99,
27082 10 0.48,
27103 10 0.54,
27148 15 0.75,
27150 3 0.43,
27230 6 0.93,
27244 4 0.09,
27291 19 0.81,
27347 2 0.46,
27420 16 0.76,
27442 3 0.76,
27493 16 0.76,
27531 2 0.77,
27604 0 0.96,
27634 6 0.45,
27683 12 0.04,
27684 18 0.26,
27723 7 0.2,
27770 7 0.17,
27840 2 0.79,
27870 0 0.07,
27941 15 0.87,
27942 17 0.58,
28013 18 0.66,
28066 7 0.07,
28096 5 0.75,
28182 18 0.62,
28265 2 0.13,
28265 3 0.58,
28332 18 0.67,
28339 18 0.98,
28394 9 0.45,
28443 14 0.37,
28508 2 0.28,
28584 2 0.39,
28585 8 0.33,
28624 18 0.92,
28697 7 0.65,
28720 2 0.33,
28756 17 0.82,
28828 3 0.85,
28911 15 0.62,
28995 8 0.79,
29055 19 0.01,
29101 6 0.05,
29154 2 0.22,
29205 19 0.68,
29239 5 0.7,
29252 6 0.8,
29281 9 0.34,
29295 17 0.46,
29345 10 0.33,
29416 1 0.41,
29482 3 0.99,
29553 0 0.24,
29570 13 0.64,
29617 12 0.22,
29650 5 0.75,
29703 13 0.02,
29782 19 0.47,
29795 12 0.79,
29868 16 0.55,
29905 19 0.39,
29931 19 0.54,
29997 17 0.37,
30057 1 0.76,
30100 2 0.96,
30181 1 0.25,
30215 9 0.05,
30279 16 0.97,
30282 2 0.02,
30307 11 0.22,
30387 2 0.03,
30430 6 0.61,
30515 2 0.94,
30603 14 0.57,
30634 8 0.67,
30711 6 0.88,
30722 17 0.33,
30778 9 0.73,
30800 13 0.42,
30806 1 0.82,
30893 1 0.81,
30944 2 0.25,
30986 19 0.83,
31075 10 0.77,
31139 8 0.71,
31209 4 0.96,
31230 9 0.84,
31313 7 0.67,
31382 13 0.02,
31397 19 0.6,
31439 18 0.43,
31480 19 0.89,
31499 6 0.5,
31518 18 0.24,
31521 11 0.38,
31577 16 1.0,
31622 19 0.4,
31646 13 0.72,
31709 17 0.37,
31715 6 0.75,
31772 9 0.46,
31779 0 0.73,
31853 4 0.2,
31928 0 0.39,
31934 1 0.24,
31992 14 0.32,
32044 19 0.81,
32051 4 0.22,
32132 12 0.43,
32189 2 0.89,
32237 0 0.29,
32319 13 0.81,
32352 13 0.31,
32415 5 0.64,
32489 5 0.43,
32563 1 0.67,
32635 6 0.48,
32661 10 0.35,
32738 10 0.72,
32812 3 0.39,
32840 6 0.21,
32884 16 0.76,
32937 14 0.74,
32943 2 0.67,
32951 19 0.55,
32979 15 0.93,
33051 2 0.73,
33110 3 0.83,
33149 10 0.15,
33221 7 0.26,
33283 7 0.12,
33290 5 0.26,
33335 1 0.32,
33360 8 0.65,
33447 14 0.25,
33510 6 0.66,
33593 6 0.12,
33634 5 0.17,
33673 4 0.03,
33762 3 0.66,
33843 15 0.83,
33926 19 0.01,
33962 0 0.64,
34047 10 0.36,
34079 18 0.97,
34127 16 0.57,
34210 9 0.5,
34214 18 0.98,
34278 7 0.17,
34359 8 0.79,
34431 3 0.73,
34483 12 0.04,
34535 13 0.97,
34563 5 0.4,
34624 8 0.13,
34681 10 0.48,
34716 15 0.13,
34779 15 0.21,
34793 7 0.54,
34846 17 0.2,
34878 3 0.77,
34886 16 0.12,
34969 18 0.85,
34999 14 0.12,
35048 13 0.7,
35115 18 0.25,
35144 15 0.17,
35217 2 0.67,
35293 18 0.79,
35310 17 0.48,
35323 14 0.4,
35350 11 0.74,
35439 14 0.81,
35454 5 0.37,
35468 8 0.72,
35551 9 0.02,
35552 14 0.64,
35622 7 0.59,
35662 6 0.28,
35733 3 0.97,
35819 9 0.74,
35832 8 1.0,
35834 12 0.35,
35849 13 0.71,
35893 10 1.0,
35927 0 0.7,
36015 0 0.43,
36071 15 0.64,
36071 13 0.97,
36129 10 0.48,
36201 1 0.74,
36277 9 0.94,
36327 1 0.96,
36340 3 0.79,
36385 10 0.17,
36458 15 0.53,
36504 2 0.54,
36571 14 0.39,
36656 19 0.61,
36739 4 0.03,
36753 11 0.87,
36773 19 0.72,
36835 12 0.9,
36902 18 0.45,
36978 7 0.03,
37003 18 0.43,
37091 4 0.96,
37114 4 0.65,
37138 17 0.22,
37222 11 0.38,
37307 6 0.81,
37364 10 0.17,
37404 10 0.95,
37420 0 0.21,
37473 12 0.36,
37489 13 0.26,
37565 19 0.06,
37604 8 0.36,
37665 2 0.44,
37672 16 0.71,
37712 3 0.94,
37785 14 0.74,
37804 7 0.36,
37863 14 0.71,
37896 12 0.91,
37913 11 0.93,
37943 12 0.88,
37944 0 0.8,
38008 17 0.12,
38043 7 0.42,
38099 16 0.73,
38104 0 0.68,
38156 17 0.25,
38194 2 0.35,
38261 5 0.06,
38289 17 0.78,
38309 8 0.65,
38385 14 0.75,
38400 15 0.37,
38428 9 0.49,
38512 14 0.06,
38532 12 0.82,
38570 8 0.21,
38649 11 0.07,
38680 15 0.1,
38694 16 0.15,
38739 0 0.86,
38753 6 0.52,
38839 19 0.95,
38857 12 0.66,
38857 9 0.63,
38862 18 0.06,
38889 3 0.33,
38966 18 0.67,
39050 2 0.06,
39090 1 0.18,
39124 4 0.82,
39190 2 0.42,
39273 4 0.29,
39312 4 0.05,
39392 14 0.98,
39402 2 0.29,
39477 4 0.36,
39560 12 0.17,
39644 7 0.22,
39662 2 0.99,
39742 7 0.83,
39809 6 0.51,
39844 5 0.74,
39911 2 0.19,
39973 7 0.24,
40062 12 0.52,
40148 5 0.68,
40217 6 0.13,
40220 3 0.1,
40233 19 0.93,
40238 16 0.96,
40239 9 0.33,
40306 3 0.45,
40323 19 0.68,
40359 7 0.77,
40418 6 0.7,
40466 4 0.21,
40482 7 0.89,
40549 15 0.39,
40559 15 0.93,
40581 4 0.96,
40624 1 0.53,
40693 5 0.74,
40772 11 0.7,
40785 19 0.75,
40807 5 0.21,
40846 19 0.94,
40896 16 0.91,
40976 15 0.27,
41037 2 0.22,
41043 10 0.82,
41128 14 0.88,
41139 2 0.73,
41165 3 0.27,
41244 6 0.91,
41247 12 0.37,
41325 19 1.0,
41364 12 0.03,
41444 19 0.65,
41446 0 0.39,
41465 0 0.31,
41478 6 0.9,
41525 19 0.02,
41559 4 0.51,
41610 17 0.76,
41676 15 0.89,
41687 1 0.42,
41730 18 0.96,
41802 3 0.36,
41854 17 0.33,
41890 12 0.11,
41949 12 0.74,
41950 15 0.64,
42024 13 0.12,
42108 9 0.59,
42183 14 0.41,
42226 12 0.52,
42247 13 0.25,
42314 12 0.5,
42372 16 0.83,
42407 0 0.85,
42487 1 0.42,
42497 1 0.48,
42549 4 0.44,
42592 11 0.22,
42658 1 0.84,
42701 0 0.27,
42714 11 0.31,
42749 0 0.46,
42760 17 0.43,
42825 6 0.85,
42864 1 0.23,
42939 11 0.78,
43008 15 0.4,
43079 8 0.91,
43151 8 0.46,
43160 5 0.15,
43229 13 0.21,
43297 8 0.32,
43371 0 0.08,
43383 6 0.74,
43472 13 0.94,
43518 5 0.22,
43570 2 0.68,
43644 1 0.46,
43682 5 0.44,
43720 5 0.51,
43787 16 0.18,
43821 9 0.83,
43910 16 0.68,
43995 19 0.38,
44078 7 0.07,
44161 13 0.93,
44229 6 0.31,
44308 8 0.88,
44348 15 0.28,
44356 7 0.35,
44411 7 0.68,
44451 16 0.52,
44469 12 0.42,
44520 0 0.17,
44531 18 0.37,
44604 8 0.8,
44636 6 0.83,
44710 13 0.83,
44747 8 0.73,
44817 16 0.15,
44835 11 0.98,
44844 5 0.69,
44850 18 0.72,
44870 0 0.44,
44893 0 0.9,
44961 17 0.25,
44973 15 0.3,
44993 1 0.49,
45037 1 0.77,
45068 0 0.09,
45123 6 0.35,
45124 13 0.39,
45192 7 0.77,
45276 11 0.18,
45308 15 0.29,
45378 5 0.39,
45386 19 0.26,
45472 13 0.89,
45523 19 0.62,
45573 15 0.07,
45612 8 0.28,
45644 18 0.64,
45710 14 0.75,
45797 13 0.37,
45861 1 0.66,
45935 14 0.11,
45992 12 0.04,
46013 17 0.45,
46036 2 0.13,
46118 3 0.57,
46167 6 0.9,
46197 12 0.1,
46245 3 0.15,
46251 19 0.4,
46330 10 0.92,
46375 11 0.52,
46378 19 0.72,
46387 19 0.06,
46419 3 0.01,
46440 18 0.25,
46464 16 0.78,
46548 14 0.3,
46608 14 0.52,
46622 2 0.68,
46644 0 0.42,
46713 10 0.93,
46722 5 0.12,
46790 18 0.48,
46869 6 0.04,
46874 5 0.01,
46913 13 0.78,
46977 18 0.86,
47004 13 0.07,
47038 4 0.22,
47123 5 0.57,
47209 5 0.2,
47250 2 1.0,
47291 18 0.61,
47362 8 0.75,
47381 16 0.02,
47391 5 0.28,
47448 8 0.58,
47492 10 0.77,
47539 14 0.19,
47615 10 0.8,
47658 12 0.72,
47720 9 0.38,
47788 0 0.56,
47842 19 0.88,
47878 10 0.86,
47921 14 0.81,
47976 14 0.16,
47987 10 0.8,
48036 5 0.01,
48107 3 0.14,
48157 18 0.44,
48199 16 0.4,
48214 2 0.16,
48294 2 0.7,
48349 12 0.16,
48363 2 0.65,
48389 13 0.07,
48414 5 0.7,
48451 12 0.39,
48480 11 0.62,
48547 13 0.2,
48556 14 0.48,
48641 10 0.98,
48698 7 0.1,
48750 11 0.5,
48809 19 0.78,
48891 11 0.27,
48901 10 0.4,
48961 10 0.9,
49009 10 0.44,
49023 5 0.34,
49055 17 0.31,
49093 9 0.25,
49128 11 0.61,
49183 4 0.6,
49209 6 0.48,
49258 5 0.36,
49345 19 0.05,
49430 12 0.27,
49504 19 0.04,
49577 18 0.58,
49601 3 0.84,
49610 12 0.7,
49633 15 0.91,
49681 19 0.66,
49721 7 0.54,
49808 19 0.97,
49824 11 0.83,
49909 5 0.24,
49911 8 0.82,
49979 7 0.06,
49991 6 0.2,
50031 11 0.34,
50061 5 0.23,
50095 16 0.38,
50115 15 0.24,
50153 17 0.56,
50202 18 0.47,
50245 18 0.85,
50293 19 0.54,
50319 9 0.21,
50336 15 0.78,
50389 2 0.73,
50392 16 0.59,
50424 5 0.73,
50474 2 0.25,
50543 6 0.66,
50570 6 0.49,
50586 0 0.06,
50610 6 0.32,
50668 19 0.22,
50690 10 0.91,
50728 10 0.35,
50801 9 0.97,
50889 15 0.94,
50905 9 0.13,
50993 3 0.34,
51082 7 0.9,
51099 5 0.44,
51120 10 0.97,
51159 6 0.12,
51167 12 0.3,
51211 16 0.61,
51288 18 0.52,
51294 2 0.89,
51347 19 0.75,
51354 6 0.17,
51415 11 0.53,
51489 18 0.14,
51537 3 0.5,
51558 3 0.04,
51558 3 0.86,
51573 14 0.26,
51647 14 0.39,
51720 13 0.72,
51738 19 0.31,
51755 14 0.24,
51766 4 0.42,
51838 18 0.05,
51838 4 0.96,
51838 10 0.26,
51881 12 0.42,
51935 0 0.84,
51946 3 0.33,
52015 19 0.44,
52042 19 0.97,
52048 19 0.94,
52112 3 0.61,
52136 15 0.75,
52223 11 0.72,
52281 11 0.1,
52321 14 0.44,
52363 3 0.16,
52372 13 0.63,
52375 4 0.52,
52415 10 0.12,
52445 12 0.76,
52474 6 0.23,
52558 12 0.94,
52627 14 0.35,
52711 4 0.11,
52734 18 0.53,
52756 6 0.64,
52830 2 0.18,
52870 15 0.6,
52909 14 0.63,
52967 7 0.09,
53017 14 0.47,
53069 5 0.73,
53084 0 0.39,
53104 4 0.81,
53136 6 0.61,
53170 14 0.32,
53187 14 0.49,
53276 9 0.92,
53282 3 0.31,
53352 4 0.76,
53410 8 0.16,
53460 4 0.85,
53543 18 0.83,
53628 18 0.9,
53712 19 0.88,
53717 15 0.82,
53797 8 0.26,
53845 10 0.23,
53922 17 0.33,
53976 12 0.6,
54004 5 0.08,
54071 0 0.9,
54119 18 0.4,
54204 8 0.9,
54273 7 0.03,
54294 17 0.03,
54377 13 0.99,
54383 6 0.2,
54445 11 0.63,
54530 14 0.51,
54594 11 0.03,
54627 13 0.5,
54659 9 0.07,
54702 2 0.71,
54703 14 0.43,
54779 7 0.5,
54841 6 0.58,
54859 12 0.19,
54914 6 0.47,
54952 12 0.19,
55028 13 0.73,
55034 6 0.34,
55118 15 0.63,
55194 3 0.47,
55208 0 0.08,
55277 12 0.38,
55350 7 0.72,
55367 9 0.46,
55444 15 0.94,
55492 10 0.48,
55543 5 0.99,
55607 5 0.88,
55622 6 0.89,
55672 9 0.92,
55674 14 0.07,
55711 19 0.13,
55785 18 0.78,
55857 15 0.53,
55914 9 0.2,
55980 15 0.43,
56040 12 0.66,
56106 14 0.19,
56140 2 0.91,
56182 0 0.17,
56259 2 0.17,
56346 12 0.25,
56402 19 0.03,
56431 5 0.13,
56490 5 0.49,
56574 18 0.13,
56574 6 0.77,
56597 6 0.63,
56679 11 0.43,
56705 16 0.87,
56786 14 0.48,
56848 0 0.81,
56863 18 0.53,
56890 11 0.65,
56914 3 0.72,
56981 9 0.65,
57027 7 0.64,
57093 3 0.44,
57122 3 0.56,
57200 13 0.71,
57217 5 0.6,
57220 8 1.0,
57299 4 0.96,
57336 17 0.91,
57390 14 0.92,
57459 0 0.04,
57539 15 0.66,
57545 16 0.84,
57567 15 0.24,
57647 6 0.23,
57712 18 0.18,
57774 14 0.91,
57779 9 0.13,
57805 17 0.17,
57817 8 0.22,
57905 10 0.5,
57949 1 0.71,
58036 0 0.75,
58056 4 0.17,
58077 15 0.99,
58087 18 0.55,
58154 7 0.47,
58200 5 0.26,
58251 11 0.91,
58284 0 0.59,
58364 9 0.59,
58402 11 0.54,
58455 19 0.89,
58516 0 0.53,
58600 19 0.38,
58673 15 0.83,
58716 8 0.15,
58744 8 0.26,
58823 14 1.0,
58843 1 0.71,
58892 7 0.4,
58908 12 0.26,
58918 12 0.64,
58952 18 0.65,
58962 4 0.77,
59043 13 0.37,
59089 10 0.3,
59130 14 0.53,
59159 17 0.28,
59215 4 0.09,
59232 5 0.6,
59301 18 0.27,
59380 8 0.61,
59425 19 0.87,
59445 11 0.26,
59506 14 0.02,
59534 19 0.57,
59605 2 0.04,
59631 8 0.74,
59714 15 0.69,
59743 9 0.9,
59780 1 0.49,
59846 1 0.38,
59919 11 0.22,
59928 15 0.92,
60010 14 0.44,
60094 17 0.93,
60117 11 0.25,
60127 16 0.61,
60207 16 0.58,
60291 2 0.86,
60313 14 0.24,
60396 9 0.54,
60415 13 0.87,
60468 15 0.27,
60469 11 0.05,
60557 15 0.47,
60617 18 0.75,
60621 8 0.09,
60688 10 0.75,
60757 2 0.07,
60767 3 0.77,
60806 17 0.62,
60883 6 0.52,
60898 13 0.44,
60970 16 0.71,
60970 18 0.99,
61006 15 0.64,
61077 19 0.25,
61077 16 0.52,
61116 14 0.05,
61174 4 0.61,
61179 10 0.31,
61265 8 0.15,
61298 3 0.53,
61350 12 0.69,
61429 16 0.26,
61507 17 0.71,
61522 8 0.89,
61586 2 0.87,
61666 1 0.65,
61713 6 0.79,
61729 19 0.24,
61770 16 0.22,
61804 13 0.2,
61830 12 0.92,
61832 12 0.13,
61851 15 0.47,
61922 17 0.6,
61931 4 0.79,
61998 19 0.52,
62046 6 0.32,
62073 0 0.01,
62110 11 0.42,
62166 9 0.3,
62188 4 0.59,
62245 17 0.96,
62270 18 0.04,
62272 19 0.15,
62313 12 0.05,
62371 12 0.74,
62374 16 0.32,
62438 4 0.1,
62518 8 0.17,
62541 14 0.58,
62609 0 0.27,
62630 6 0.23,
62709 4 0.49,
62766 0 0.1,
62843 16 0.32,
62907 7 0.39,
62950 2 0.71,
62968 8 0.17,
62987 11 0.88,
63072 5 0.39,
63083 3 0.94,
63167 14 0.59,
63220 5 0.98,
63293 4 0.35,
63334 15 0.49,
63423 9 0.88,
63464 11 0.8,
63509 17 0.18,
63520 0 0.35,
63531 0 0.75,
63573 11 0.1,
63599 2 0.9,
63677 2 0.74,
63724 12 0.33,
63801 11 0.07,
63873 4 0.84,
63924 5 0.81,
63937 13 0.14,
63955 2 0.8,
63980 0 0.69,
64009 3 0.34,
64025 0 0.95,
64108 2 0.67,
64168 0 0.9,
64220 3 0.77,
64255 6 0.34,
64317 15 0.29,
64348 19 0.21,
64422 13 0.18,
64482 0 0.76,
64542 18 0.92,
64573 13 0.31,
64584 10 0.32,
64633 19 0.9,
64706 11 0.37,
64762 18 0.92,
64765 13 0.34,
64839 4 0.05,
64849 3 0.51,
64926 19 0.02,
65012 7 0.6,
65071 16 0.04,
65090 10 0.19,
65104 5 0.37,
65158 19 0.5,
65214 9 0.45,
65302 14 0.95,
65323 2 0.28,
65411 7 0.27,
65475 19 0.7,
65551 12 0.94,
65625 2 0.77,
65704 14 0.53,
65748 16 0.44,
65794 15 0.89,
65881 3 0.02,
65903 8 0.54,
65980 18 0.97,
66046 9 0.31,
66057 7 0.39,
66057 13 0.92,
66088 6 0.3,
66177 19 0.78,
66177 1 0.11,
66255 3 0.23,
66266 5 0.18,
66290 7 0.9,
66330 11 0.82,
66338 11 0.65,
66346 15 0.02,
66367 0 0.74,
66388 14 0.33,
66453 12 0.92,
66462 10 0.25,
66534 11 0.14,
66599 8 0.06,
66631 15 0.61,
66685 12 0.67,
66714 19 0.5,
66753 15 0.37,
66806 16 0.95,
66806 15 0.85,
66860 13 0.12,
66921 10 0.73,
66921 7 0.62,
66934 3 0.21,
66960 2 0.04,
67037 9 0.21,
67060 19 0.1,
67072 14 0.63,
67098 16 0.56,
67184 6 0.08,
67220 15 0.78,
67231 14 0.85,
67272 13 0.05,
67275 7 0.65,
67328 5 0.02,
67389 19 0.55,
67415 5 0.8,
67484 13 0.49,
67568 19 0.58,
67585 7 0.32,
67649 1 0.39,
67698 2 0.9,
67756 18 0.79,
67772 6 0.01,
67776 12 0.44,
67780 10 0.7,
67816 7 0.11,
67863 10 0.79,
67937 10 0.3,
68011 10 0.43,
68042 3 0.25,
68067 11 0.47,
68151 19 0.2,
68166 10 0.96,
68255 14 0.14,
68305 16 0.1,
68378 4 0.87,
68387 14 0.56,
68415 8 0.87,
68471 5 0.47,
68482 3 0.92,
68535 18 0.66,
68544 8 0.1,
68587 1 0.76,
68651 15 0.12,
68672 5 0.45,
68748 19 0.35,
68827 12 0.54,
68908 9 0.89,
68922 17 0.44,
68971 8 0.15,
69004 18 0.8,
69032 12 0.69,
69113 6 0.49,
69118 3 0.26,
69139 13 0.25,
69151 8 0.93,
69228 14 0.66,
69229 14 0.77,
69295 15 0.3,
69374 17 0.97,
69413 5 0.2,
69489 1 0.34,
69490 4 0.42,
69568 16 0.85,
69589 11 0.59,
69652 10 0.72,
69735 19 0.42,
69796 18 0.18,
69834 11 0.18,
69843 17 0.28,
69858 16 0.23,
69885 1 0.31,
69953 5 0.09,
70000 18 0.24,
70036 3 0.05,
70039 2 0.67,
70090 11 0.8,
70113 18 0.2,
70177 19 0.79,
70237 5 0.07,
70320 13 0.23,
70354 0 0.78,
70373 17 0.51,
70387 1 0.62,
70446 7 0.54,
70465 7 1.0,
70508 1 0.36,
70559 18 0.25,
70630 19 0.37,
70655 4 0.72,
70739 3 0.9,
70817 4 0.66,
70868 12 0.11,
70889 15 0.34,
70956 16 0.32,
70961 14 0.09,
70991 15 0.62,
71030 11 0.8,
71111 15 0.04,
71125 3 0.34,
71183 2 0.04,
71201 8 0.08,
71245 7 0.57,
71275 9 0.29,
71335 3 0.49,
71375 3 0.32,
71428 16 0.03,
71433 10 0.31,
71511 13 0.16,
71557 6 0.21,
71604 9 0.91,
71682 13 0.95,
71697 9 0.58,
71730 18 0.16,
71768 16 0.95,
71797 5 0.67,
71862 8 0.07,
71894 15 0.68,
71946 15 0.67,
71982 0 0.62,
71982 2 0.14,
72001 8 0.33,
72041 12 0.23,
72117 11 0.88,
72170 12 0.8,
72199 4 0.78,
72214 9 0.57,
72215 15 0.11,
72261 5 0.11,
72268 15 0.6,
72313 12 0.68,
72394 12 0.19,
72403 11 0.05,
72435 7 0.79,
72514 10 0.67,
72553 15 0.98,
72609 12 0.05,
72626 6 0.27,
72708 6 0.15,
72757 18 0.46,
72828 4 0.77,
72886 12 0.19,
72906 17 0.66,
72987 0 0.82,
72987 14 0.81,
73008 8 0.33,
73083 18 0.44,
73156 7 0.8,
73158 12 0.93,
73163 12 0.61,
73199 5 0.16,
73258 6 0.84,
73342 4 0.03,
73348 16 0.4,
73423 5 0.85,
73475 17 0.52,
73476 10 0.85,
73564 4 0.23,
73611 19 0.65,
73671 18 0.37,
73746 11 0.8,
73799 0 0.29,
73816 19 0.45,
73821 0 0.12,
73846 0 0.36,
73920 6 0.44,
73925 19 0.06,
73935 8 0.18,
74023 18 0.07,
74035 18 0.08,
74042 10 0.16,
74091 10 0.52,
74094 19 0.57,
74139 5 0.96,
74206 16 0.34,
74286 4 0.86,
74292 11 0.51,
74295 13 0.99,
74354 0 0.86,
74421 9 0.67,
74451 1 0.23,
74514 16 0.56,
74522 6 0.44,
74527 6 0.55,
74565 2 0.17,
74566 5 0.51,
74630 16 0.49,
74697 5 0.11,
74774 14 0.85,
74840 14 0.25,
74852 11 0.6,
74858 18 0.86,
74942 2 0.88,
74992 8 0.5,
75019 9 0.71,
75068 10 0.41,
75135 14 0.96,
75146 15 0.59,
75181 13 0.73,
75184 15 0.74,
75214 10 0.34,
75250 19 0.33,
75306 15 0.42,
75373 10 0.32,
75449 5 0.33,
75496 16 0.38,
75569 5 0.45,
75622 1 0.54,
75645 9 0.47,
75726 9 0.09,
75726 10 0.54,
75792 16 0.08,
75817 4 0.04,
75855 8 0.9,
75883 19 0.96,
75972 16 0.71,
76056 2 0.19,
76136 0 0.65,
76209 10 0.59,
76248 19 0.4,
76268 9 0.59,
76328 15 0.56,
76359 9 0.83,
76402 18 0.71,
76487 0 1.0,
76502 12 0.97,
76562 19 0.06,
76616 16 0.84,
76639 5 0.47,
76726 14 0.51,
76752 4 0.44,
76762 17 0.17,
76850 0 0.77,
76925 15 0.93,
76931 2 0.58,
76938 12 0.71,
76996 3 0.01,
77062 2 0.62,
77142 15 0.57,
77193 15 0.34,
77255 2 0.79,
77265 4 0.67,
77322 18 0.45,
77374 19 0.74,
77428 2 0.32,
77433 13 0.96,
77513 2 0.45,
77575 12 0.37,
77594 6 0.98,
77626 11 0.18,
77656 14 0.98,
77737 2 0.11,
77750 19 0.61,
77801 4 0.47,
77851 0 0.14,
77904 3 0.99,
77956 9 0.61,
77989 15 0.55,
78033 5 0.71,
78087 9 0.53,
78103 11 0.25,
78142 16 0.72,
78220 3 0.33,
78289 17 0.56,
78335 2 0.21,
78358 6 0.18,
78396 3 0.43,
78451 6 0.53,
78460 7 0.42,
78549 2 0.79,
78587 16 0.55,
78636 15 0.68,
78638 16 0.39,
78671 10 0.94,
78760 8 0.65,
78781 16 0.21,
78847 10 0.15,
78895 14 0.62,
78939 1 0.65,
79002 2 0.68,
79002 10 0.63,
79022 14 0.91,
79066 11 0.91,
79113 18 0.97,
79173 11 0.95,
79195 17 0.53,
79252 14 0.02,
79258 16 0.75,
79307 16 0.47,
79329 5 0.38,
79374 13 0.98,
79380 16 0.02,
79395 8 0.7,
79433 9 0.7,
79511 1 0.74,
79563 12 0.68,
79639 6 0.58,
79717 14 0.01,
79790 10 0.99,
79844 3 0.73,
79864 2 0.11,
79909 4 0.64,
79937 0 0.86,
79942 16 0.11,
80023 0 0.59,
80053 11 0.57,
80092 14 0.96,
80172 19 0.12,
80216 14 0.13,
80253 11 0.2,
80317 8 0.29,
80369 18 0.11,
80382 2 0.7,
80387 5 0.52,
80416 17 0.3,
80420 19 0.02,
80437 13 0.2,
80457 4 0.51,
80499 0 0.11,
80526 5 0.4,
80535 7 0.45,
80599 2 0.35,
80627 1 0.18,
80629 18 0.66,
80630 16 0.83,
80661 11 0.89,
80738 4 0.33,
80747 4 0.34,
80780 4 0.19,
80785 4 0.52,
80827 4 0.94,
80909 2 0.81,
80992 8 0.47,
81043 19 0.7,
81102 19 0.29,
81135 6 0.74,
81197 14 0.07,
81230 1 0.35,
81299 6 0.9,
81345 2 0.66,
81363 15 0.16,
81424 1 0.56,
81460 7 0.28,
81539 12 1.0,
81621 13 0.68,
81623 19 0.2,
81696 5 0.21,
81706 4 0.11,
81710 5 0.67,
81763 16 0.48,
81838 10 0.04,
81879 12 0.2,
81967 1 0.59,
82001 4 0.82,
82011 6 0.58,
82056 15 0.16,
82132 6 0.12,
82137 16 0.9,
82189 3 0.38,
82271 2 0.08,
82301 18 0.38,
82327 14 0.73,
82412 14 0.17,
82466 11 0.44,
82529 7 0.15,
82580 14 0.52,
82646 14 0.82,
82699 18 0.95,
82744 19 0.03,
82803 8 0.96,
82891 13 0.86,
82928 7 0.28,
83008 1 0.29,
83084 10 0.46,
83097 18 0.17,
83125 3 0.27,
83172 2 0.73,
83260 15 0.55,
83275 16 0.6,
83358 10 0.74,
83391 2 1.0,
83400 6 0.36,
83450 11 0.45,
83512 4 0.14,
83555 15 0.36,
83625 7 0.55,
83667 10 0.79,
83698 13 0.47,
83743 14 0.54,
83748 6 0.05,
83808 2 0.4,
83896 9 0.97,
83951 16 0.36,
83986 14 0.58,
84032 14 0.72,
84104 6 0.42,
84157 1 0.7,
84181 15 0.23,
84199 5 0.79,
84205 6 0.34,
84244 11 0.6,
84281 14 0.06,
84308 19 0.54,
84329 16 0.69,
84407 5 1.0,
84431 18 0.19,
84442 15 0.91,
84463 1 0.46,
84547 0 0.62,
84620 17 0.71,
84659 10 0.34,
84684 0 0.02,
84698 0 0.85,
84753 12 0.47,
84822 17 0.22,
84887 16 0.94,
84964 12 0.22,
85028 17 0.95,
85077 18 0.28,
85103 3 0.84,
85120 16 0.9,
85203 2 0.05,
85254 18 0.99,
85275 10 0.81,
85326 2 0.31,
85415 4 0.26,
85497 16 0.84,
85569 13 0.8,
85602 9 0.42,
85624 10 0.36,
85678 10 0.27,
85684 4 0.88,
85688 0 0.53,
85726 14 0.64,
85761 0 0.63,
85772 6 0.05,
85814 0 0.6,
85873 2 0.4,
85880 19 0.74,
85912 18 0.95,
85999 19 0.03,
86005 16 0.76,
86028 6 0.43,
86102 10 0.03,
86156 12 0.97,
86216 9 0.56,
86269 10 0.04,
86320 11 0.43,
86403 10 0.42,
86486 2 0.49,
86524 16 0.2,
86545 16 0.23,
86580 16 0.44,
86668 7 0.03,
86729 15 0.87,
86764 8 0.45,
86788 12 0.75,
86809 19 0.67,
86832 14 0.39,
86871 6 0.28,
86875 10 0.53,
86940 7 0.9,
86946 7 0.77,
87003 17 0.37,
87014 18 0.07,
87094 11 0.57,
87178 5 0.76,
87190 16 0.47,
87199 8 0.93,
87286 18 0.24,
87345 7 0.46,
87406 12 0.47,
87457 12 0.97,
87525 1 0.38,
87528 8 0.51,
87572 3 0.29,
87637 16 0.4,
87671 19 0.9,
87756 4 0.19,
87807 13 0.09,
87892 2 0.02,
87895 12 0.42,
87966 18 0.45,
88039 13 0.81,
88039 6 0.62,
88066 11 0.75,
88136 16 0.27,
88139 3 0.45,
88221 11 0.12,
88292 2 0.21,
88316 6 0.47,
88378 18 0.92,
88431 15 0.55,
88477 2 0.53,
88510 18 0.08,
88576 10 0.16,
88636 2 0.18,
88671 15 0.49,
88701 5 0.65,
88783 9 0.71,
88828 9 0.34,
88865 7 0.7,
88950 13 0.9,
89013 5 0.89,
89044 12 0.53,
89088 8 0.71,
89102 10 0.58,
89125 6 0.61,
89137 9 0.02,
89188 9 0.76,
89250 13 0.53,
89312 16 0.85,
89377 14 0.21,
89437 5 0.74,
89507 15 0.93,
89521 8 0.93,
89589 8 0.21,
89665 19 0.09,
89728 8 0.52,
89814 0 0.96,
89861 17 0.66,
89863 18 0.82,
89925 11 0.27,
89974 1 0.01,
90050 18 0.9,
90076 5 0.27,
90078 5 0.45,
90138 3 0.04,
90151 18 0.89,
90169 12 0.82,
90235 5 0.57,
90289 6 0.17,
90316 17 0.88,
90387 7 0.25,
90408 8 0.57,
90487 11 0.17,
90528 17 0.88,
90599 0 0.51,
90659 12 0.04,
90673 16 0.05,
90693 18 0.29,
90707 18 0.06,
90793 10 0.8,
90880 8 0.15,
90969 1 0.81,
91051 13 0.4,
91064 11 0.19,
91153 9 0.09,
91228 4 0.62,
91308 6 0.82,
91329 3 0.86,
91394 16 0.83,
91470 6 0.5,
91517 14 0.2,
91520 19 0.19,
91531 16 0.22,
91600 17 0.84,
91607 6 0.19,
91689 2 1.0,
91751 17 0.46,
91838 13 0.02,
91914 16 0.13,
91944 1 0.01,
91949 4 0.08,
92016 2 0.7,
92022 10 0.69,
92033 15 0.7,
92066 9 0.63,
92116 3 0.44,
92180 10 0.58,
92180 17 0.91,
92224 5 0.26,
92261 7 0.29,
92327 4 0.33,
92393 19 0.15,
92424 12 0.32,
92426 8 0.11,
92506 1 0.74,
92560 2 0.16,
92641 13 0.38,
92715 6 0.46,
92784 19 0.54,
92812 16 0.52,
92859 19 0.99,
92911 12 0.02,
92981 6 0.36,
93022 0 0.22,
93024 1 0.06,
93106 19 0.58,
93112 5 0.53,
93191 2 0.35,
93274 14 0.96,
93296 4 0.1,
93371 3 0.72,
93444 6 0.62,
93466 18 0.02,
93535 11 0.81,
93550 9 0.25,
93616 12 0.4,
93698 4 0.48,
93717 0 0.44,
93777 9 0.34,
93788 19 0.3,
93816 14 1.0,
93886 3 0.96,
93934 17 0.81,
94004 6 0.9,
94065 15 0.06,
94114 16 0.88,
94182 0 0.21,
94228 0 0.25,
94308 12 0.04,
94383 15 0.37,
94454 1 0.95,
94490 11 0.12,
94511 4 0.09,
94579 0 0.44,
94594 9 0.4,
94597 2 0.57,
94683 6 0.47,
94693 6 0.65,
94739 6 0.93,
94814 1 0.54,
94858 16 0.88,
94930 5 0.47,
94996 19 0.44,
95010 10 0.39,
95093 5 0.6,
95116 1 0.01,
95122 18 0.96,
95148 1 0.15,
95157 4 0.54,
95191 10 0.58,
95242 0 0.81,
95315 6 0.21,
95331 14 0.9,
95413 4 0.58,
95453 0 0.95,
95511 6 0.59,
95598 4 0.3,
95668 0 0.68,
95742 18 0.34,
95810 6 0.63,
95827 5 0.31,
95906 4 0.09,
95942 19 0.32,
95960 11 0.18,
96029 0 0.38,
96072 13 0.7,
96088 12 0.5,
96103 7 0.51,
96153 18 0.81,
96192 13 0.57,
96200 4 0.04,
96278 12 0.16,
96362 14 0.28,
96397 5 0.77,
96436 19 0.78,
96495 3 0.07,
96545 0 0.45,
96593 17 0.07,
96600 12 0.26,
96685 0 0.51,
96758 12 0.25,
96782 17 0.05,
96791 12 0.66,
96813 19 0.49,
96824 8 0.53,
96910 19 0.61,
96956 7 0.06,
96968 18 0.22,
97050 3 0.28,
97127 19 0.4,
97212 2 0.92,
97286 4 0.8,
97314 6 0.51,
97367 7 0.79,
97428 0 0.24,
97476 14 0.02,
97533 1 0.82,
97606 17 0.55,
97685 17 0.21,
97708 9 0.5,
97759 1 0.92,
97801 3 0.7,
97829 6 0.31,
97902 18 0.77,
97975 16 0.13,
97992 2 0.58,
98055 3 0.2,
98068 2 0.88,
98113 14 0.45,
98134 7 0.18,
98172 18 0.89,
98238 4 0.07,
98319 17 0.94,
98350 14 0.74,
98386 9 0.68,
98461 8 0.06,
98543 16 0.67,
98632 9 0.63,
98673 1 0.21,
98743 2 0.82,
98803 18 0.83,
98845 5 0.02,
98865 0 0.46,
98890 18 0.43,
98919 14 0.41,
98922 10 0.63,
99009 15 0.6,
99056 16 0.83,
99126 2 0.47,
99214 17 0.9,
99273 9 0.95,
99339 11 0.59,
99354 12 0.64,
99416 16 0.4,
99447 3 0.01,
99532 19 0.55,
99589 7 0.76,
99640 19 0.32,
99723 15 0.7,
99771 1 0.4,
99810 8 0.16,
99828 11 0.69,
99836 1 0.96,
99923 5 0.68,
99940 13 0.31,
100002 3 0.74,
100076 13 0.38,
100102 15 0.48,
100149 14 0.83,
100204 11 0.61,
100259 18 0.45,
100334 6 0.2,
100413 4 0.94,
100473 2 0.69,
100552 14 0.92,
100580 3 0.34,
100617 6 0.85,
100704 9 0.6,
100782 15 0.83,
100783 13 0.99,
100845 16 0.12,
100916 16 0.43,
100929 3 0.79,
100945 12 0.01,
100994 15 0.37,
101017 12 0.41,
101106 8 0.55,
101192 15 0.2,
101278 6 0.55,
101286 17 0.45,
101304 19 0.66,
101354 16 0.81,
101355 11 0.61,
101434 10 1.0,
101507 11 0.32,
101570 1 0.92,
101626 19 0.21,
101675 13 0.05,
101685 1 0.89,
101768 7 0.63,
101846 8 0.06,
101913 14 0.47,
101917 12 0.2,
101939 17 0.98,
102021 2 0.6,
102025 7 0.04,
102064 9 0.63,
102127 9 0.88,
102189 16 0.51,
102201 14 0.57,
102236 10 0.37,
102257 14 0.69,
102319 1 0.16,
102350 17 0.44,
102395 0 0.48,
102465 2 0.04,
102541 19 0.04,
102621 11 0.49,
102704 17 0.01,
102721 19 0.06,
102799 2 0.86,
102862 6 0.86,
102914 9 0.94,
102983 17 0.26,
103057 5 0.22,
103126 4 0.8,
103170 14 0.22,
103220 10 0.79,
103291 12 0.6,
103298 7 0.55,
103360 18 0.14,
103384 4 0.71,
103455 0 0.96,
103524 13 0.78,
103608 16 0.92,
103618 9 0.85,
103655 17 0.86,
103662 2 0.64,
103672 18 0.54,
103752 0 0.47,
103774 5 0.08,
103862 19 0.65,
103899 19 0.46,
103963 17 0.73,
104009 12 0.71,
104094 12 0.98,
104169 7 0.69,
104177 14 0.14,
104194 10 0.26,
104212 8 0.29,
104231 12 1.0,
104243 15 0.59,
104288 11 0.24,
104315 16 0.55,
104370 3 0.17,
104448 7 0.63,
104495 3 0.01,
104516 7 0.48,
104576 12 0.1,
104643 9 0.69,
104696 11 0.85,
104741 15 0.26,
104767 6 0.18,
104842 3 0.54,
104873 15 0.99,
104947 11 0.8,
104962 11 0.08,
104984 12 0.14,
104989 0 0.11,
105055 19 0.87,
105099 0 0.61,
105135 12 0.37,
105174 18 0.59,
105222 5 0.73,
105255 10 0.06,
105294 6 0.67,
105310 13 1.0,
105333 15 0.17,
105418 7 0.56,
105500 8 0.33,
105511 16 0.71,
105514 1 0.51,
105519 16 0.63,
105530 1 0.91,
105535 7 0.84,
105573 3 0.53,
105586 15 0.36,
105598 2 0.36,
105624 13 0.13,
105670 17 0.89,
105705 2 0.75,
105742 14 0.62,
105756 5 0.23,
105787 6 0.81,
105858 8 0.9,
105883 18 0.99,
105900 14 0.96,
105938 6 0.76,
105963 0 0.29,
105963 5 0.55,
106012 19 0.71,
106046 3 0.96,
106083 16 0.61,
106125 1 0.8,
106162 18 0.96,
106215 14 0.3,
106231 8 0.12,
106257 2 0.08,
106262 19 0.01,
106335 0 0.81,
106363 1 0.42,
106409 16 0.77,
106424 6 0.8,
106447 15 0.25,
106521 8 0.85,
106551 10 0.82,
106629 10 0.13,
106653 18 0.02,
106682 1 0.73,
106701 2 0.73,
106745 4 0.54,
106746 4 0.21,
106771 6 0.67,
106780 13 0.68,
106794 8 0.62,
106795 10 0.15,
106821 2 0.88,
106876 13 0.74,
106913 13 0.88,
106939 0 0.31,
106984 7 0.74,
107024 18 0.22,
107108 13 0.72,
107187 10 0.21,
107202 16 0.98,
107285 8 0.2,
107285 4 0.92,
107288 16 0.57,
107330 19 0.07,
107393 12 0.23,
107409 0 0.31,
107463 8 0.25,
107487 13 0.89,
107495 15 0.69,
107558 8 0.61,
107622 1 0.68,
107645 3 0.01,
107647 11 0.85,
107719 6 0.84,
107805 8 0.84,
107887 1 0.77,
107900 0 0.23,
107954 19 0.99,
108027 9 0.21,
108099 2 0.66,
108152 13 0.73,
108166 9 0.59,
108220 9 0.56,
108264 18 0.55,
108342 9 0.33,
108384 8 0.93,
108423 2 0.36,
108444 0 0.87,
108501 14 0.96,
108510 9 0.06,
108594 18 0.62,
108673 8 0.1,
108702 19 0.78,
108759 15 0.06,
108811 9 0.73,
108899 13 0.56,
108952 1 0.84,
109027 15 0.25,
109035 11 0.48,
109082 3 0.05,
109123 19 0.45,
109129 1 0.02,
109167 12 0.93,
109168 18 0.63,
109256 17 0.73,
109339 6 0.11,
109425 3 0.09,
109497 17 0.6,
109553 4 0.29,
109589 9 0.24,
109630 19 0.69,
109709 3 0.7,
109795 5 0.39,
109827 7 0.58,
109914 0 0.84,
109940 6 0.56,
110019 12 0.31,
110060 18 0.77,
110103 1 0.01,
110154 0 0.31,
110179 18 0.8,
110226 8 0.74,
110295 18 0.61,
110309 9 0.71,
110342 2 0.38,
110409 2 0.17,
110464 2 0.58,
110488 16 0.43,
110530 16 0.24,
110566 1 0.26,
110597 7 0.52,
110675 18 0.05,
110763 7 0.95,
110851 18 0.13,
110854 10 0.17,
110889 6 0.49,
110916 13 1.0,
110951 14 1.0,
111036 18 0.06,
111110 5 0.52,
111153 16 0.15,
111185 0 0.52,
111274 16 0.12,
111336 18 0.06,
111409 0 0.26,
111461 7 0.45,
111461 17 0.83,
111515 15 0.47,
111548 8 0.83,
111599 5 0.11,
111626 1 0.89,
111650 14 0.03,
111703 17 0.79,
111730 14 0.5,
111816 9 0.12,
111818 9 0.66,
111860 13 0.5,
111887 1 0.87,
111922 2 0.3,
111979 1 0.97,
112065 15 0.65,
112102 19 0.55,
112145 2 0.95,
112155 17 0.82,
112228 2 0.26,
112232 6 0.9,
112283 10 0.08,
112314 8 0.89,
112343 0 0.95,
112396 16 0.1,
112456 5 0.38,
112521 19 0.89,
112561 18 0.12,
112593 16 0.3,
112611 5 0.68,
112677 19 0.66,
112757 4 0.35,
112796 19 0.21,
112816 10 0.12,
112859 15 0.59,
112882 18 0.31,
112956 8 0.43,
113029 6 0.6,
113102 14 0.8,
113133 10 0.98,
113172 6 0.55,
113221 4 0.86,
113228 13 0.81,
113291 8 0.57,
113341 13 0.43,
113375 8 0.57,
113407 13 0.37,
113437 8 0.81,
113520 14 0.95,
113552 6 0.86,
113585 12 0.09,
113611 10 0.43,
113675 7 0.1,
113708 0 0.39,
113776 18 0.2,
113853 10 0.73,
113898 19 0.54,
113925 1 0.48,
113973 14 0.15,
113993 10 0.94,
114043 13 0.19,
114058 14 0.39,
114071 14 0.67,
114143 6 0.83,
114214 13 0.04,
114264 12 0.02,
114302 10 0.15,
114324 8 0.49,
114334 9 0.03,
114340 2 0.53,
114414 1 0.83,
114439 4 0.72,
114470 0 0.71,
114507 13 0.89,
114587 7 0.27,
114668 14 0.58,
114682 8 0.9,
114769 8 0.87,
114775 9 0.51,
114826 3 0.8,
114830 12 0.03,
114874 10 0.86,
114916 6 0.7,
114978 8 0.66,
115008 4 0.42,
115036 18 0.87,
115117 8 0.7,
115181 17 0.77,
115216 13 0.13,
115296 19 0.23,
115298 5 0.19,
115356 4 0.51,
115414 15 0.23,
115418 7 0.56,
115442 6 0.39,
115452 1 0.96,
115495 6 0.52,
115532 6 0.83,
115535 2 0.71,
115593 10 0.64,
115625 18 0.38,
115682 12 0.8,
115743 14 0.71,
115804 8 0.2,
115859 9 0.67,
115944 0 0.35,
116002 0 0.85,
116010 12 0.83,
116046 16 0.41,
116076 2 0.06,
116122 12 0.91,
116159 1 0.13,
116233 7 0.52,
116257 12 0.51,
116322 18 0.07,
116333 14 0.69,
116384 10 0.94,
116409 14 0.38,
116430 16 0.59,
116465 7 0.44,
116527 13 0.85,
116534 3 0.84,
116584 18 0.92,
116611 6 0.81,
116628 19 0.3,
116636 17 0.56,
116676 14 0.37,
116733 8 0.34,
116756 3 0.15,
116756 7 0.25,
116830 0 0.77,
116868 6 0.07,
116874 10 0.55,
116887 12 0.62,
116924 4 0.58,
116946 8 0.19,
116948 15 0.59,
117024 16 0.58,
117032 17 0.78,
117037 2 0.01,
117110 19 0.78,
117165 12 0.19,
117202 1 0.95,
117276 2 0.08,
117301 9 0.89,
117332 2 0.88,
117410 15 0.02,
117478 4 0.33,
117563 5 0.71,
117639 2 0.29,
117671 7 0.32,
117674 16 0.93,
117684 16 0.47,
117697 4 0.08,
117701 12 0.1,
117717 7 0.07,
117750 17 0.91,
117830 11 0.65,
117840 18 0.75,
117922 1 0.35,
117922 17 0.11,
117998 19 0.18,
118027 12 0.69,
118079 13 0.88,
118082 1 0.09,
118093 13 0.7,
118163 8 0.57,
118180 4 0.1,
118255 3 0.88,
118278 5 0.35,
118339 4 0.62,
118366 12 0.51,
118450 15 0.42,
118474 10 0.59,
118541 0 0.43,
118602 19 0.3,
118671 2 0.26,
118701 19 0.42,
118727 4 0.72,
118752 13 0.45,
118820 16 0.75,
118847 12 0.11,
118875 13 0.12,
118942 11 0.45,
118949 14 0.58,
118971 6 0.62,
118999 9 0.44,
119069 11 0.22,
119146 12 0.09,
119234 8 0.3,
119244 16 0.86,
119253 2 0.84,
119268 0 0.24,
119325 1 0.65,
119361 4 0.81,
119419 4 0.93,
119449 11 0.97,
119461 3 0.08,
119524 1 0.46,
119574 13 0.24,
119600 17 0.3,
119617 7 0.45,
119704 19 0.54,
119712 13 0.97,
119746 16 0.34,
119818 1 0.2,
119828 9 0.22,
119885 8 0.64,
119932 2 0.5,
120001 7 0.07,
120049 0 0.04,
120101 3 1.0,
120115 5 0.11,
120185 10 0.4,
120190 14 0.78,
120278 1 0.55,
120309 16 0.7,
120386 1 0.78,
120439 3 0.89,
120466 16 0.57,
120466 15 0.69,
120513 18 0.56,
120534 19 0.14,
120617 1 0.18,
120664 11 0.3,
120689 1 0.1,
120771 0 0.87,
120824 18 0.12,
120873 15 0.97,
120878 8 0.09,
120956 17 0.6,
121036 7 0.36,
121070 9 0.27,
121077 14 0.42,
121103 8 0.69,
121189 19 0.09,
121199 6 0.56,
121250 2 0.1,
121290 9 0.32,
121320 14 0.23,
121370 4 0.65,
121390 0 0.61,
121476 3 1.0,
121536 10 0.42,
121586 18 0.37,
121659 3 0.86,
121679 18 0.75,
121706 18 0.84,
121787 16 0.75,
121840 16 0.39,
121864 18 0.25,
121882 15 0.73,
121909 4 0.81,
121944 8 0.77,
121949 13 0.19,
121951 14 0.35,
121956 19 0.49,
121972 9 0.79,
122017 16 0.63,
122091 12 0.86,
122117 14 0.12,
122181 19 0.67,
122237 6 0.09,
122243 15 0.4,
122321 2 0.41,
122382 6 0.68,
122441 19 0.98,
122462 15 0.69,
122466 6 0.68,
122469 13 0.38,
122558 4 0.04,
122630 15 0.82,
122688 10 0.51,
122764 9 0.23,
122832 13 0.57,
122918 6 0.28,
122935 19 0.24,
123024 8 0.77,
123035 8 0.42,
123070 10 0.88,
123078 3 0.78,
123091 17 0.98,
123092 9 0.02,
123176 5 0.79,
123177 16 0.51,
123218 14 0.52,
123218 6 0.17,
123262 17 0.54,
123281 3 0.18,
123355 18 0.59,
123419 7 0.77,
123469 4 0.82,
123549 13 0.55,
123611 0 0.82,
123617 15 0.23,
123649 13 0.55,
123699 9 0.39,
123716 12 0.73,
123797 11 0.99,
123885 3 0.02,
123954 5 0.75,
123961 7 0.21,
123998 10 0.53,
124009 11 0.41,
124078 7 0.52,
124160 18 0.47,
124176 6 0.69,
124231 15 0.12,
124231 16 0.5,
124313 4 0.56,
124314 12 0.64,
124335 7 0.29,
124341 16 0.84,
124392 14 0.18,
124480 9 0.42,
124567 16 0.8,
124576 14 0.83,
124580 12 0.88,
124638 4 0.4,
124694 15 0.73,
124725 18 0.94,
124776 13 0.94,
124807 8 0.06,
124839 11 0.94,
124878 7 0.47,
124917 10 0.41,
124958 5 0.15,
125034 0 0.5,
125109 9 0.96,
125165 18 0.75,
125178 19 0.21,
125189 17 0.3,
125250 10 0.33,
125314 12 0.14,
125345 15 0.5,
125376 3 1.0,
125429 2 0.92,
125509 18 0.22,
125597 12 0.52,
125624 4 0.58,
125691 3 0.15,
125731 12 0.75,
125783 1 0.56,
125842 1 0.21,
125875 11 0.22,
125940 9 0.41,
125972 4 0.8,
125974 14 0.37,
126013 7 0.96,
126086 4 0.78,
126113 4 0.2,
126115 2 0.76,
126153 12 0.75,
126219 18 0.05,
126223 16 0.69,
126223 2 0.65,
126309 7 0.51,
126363 1 0.14,
126438 7 0.76,
126527 17 0.97,
126560 12 0.29,
126597 1 0.38,
126631 15 0.46,
126706 8 0.55,
126726 13 0.86,
126811 8 0.66,
126899 12 0.19,
126960 10 0.8,
126992 18 0.09,
127037 17 0.16,
127049 4 0.99,
127063 9 0.75,
127097 12 0.81,
127112 2 0.09,
127173 6 0.66,
127260 8 0.9,
127336 0 0.87,
127343 11 0.79,
127361 1 0.15,
127418 0 0.69,
127434 12 0.74,
127494 18 0.75,
127567 18 0.07,
127643 4 0.48,
127729 0 0.56,
127807 17 0.45,
127820 1 1.0,
127865 10 0.39,
127951 13 0.21,
128006 5 0.87,
128088 10 0.94,
128132 10 0.51,
128152 8 0.54,
128178 5 0.74,
128218 18 0.61,
128234 4 0.65,
128274 8 0.27,
128359 19 0.08,
128365 8 0.64,
128442 16 0.44,
128526 9 0.2,
128549 2 0.31,
128626 3 0.54,
128710 19 0.84,
128767 6 0.39,
128775 17 0.88,
128809 11 0.05,
128810 13 0.69,
128881 9 0.09,
128941 19 0.29,
128977 2 0.97,
129054 16 0.64,
129098 19 0.38,
129111 3 0.87,
129167 1 0.97,
129199 8 0.26,
129225 9 0.99,
129254 7 0.64,
129322 13 0.29,
129365 13 0.32,
129377 16 0.82,
129424 7 0.04,
129439 4 0.92,
129474 1 0.49,
129477 1 0.66,
129515 1 0.77,
129526 9 0.57,
129614 2 0.61,
129689 5 0.79,
129729 6 0.55,
129739 15 0.16,
129818 3 0.67,
129835 11 0.1,
129842 18 0.92,
129911 1 0.14,
129956 7 0.01,
130037 6 0.99,
130090 13 0.69,
130106 16 0.01,
130142 2 0.07,
130174 9 0.49,
130208 0 0.16,
130209 0 0.35,
130236 3 0.26,
130274 8 0.42,
130350 19 0.96,
130360 3 0.98,
130425 14 0.66,
130509 4 0.36,
130515 15 0.11,
130529 5 0.02,
130593 14 0.38,
130625 16 0.33,
130636 1 0.53,
130659 1 0.01,
130699 3 0.4,
130755 8 0.45,
130823 17 0.71,
130877 10 0.43,
130962 3 0.17,
130992 4 0.08,
131028 3 0.41,
131095 1 0.07,
131171 4 0.12,
131217 7 0.39,
131237 19 0.54,
131273 14 0.58,
131316 7 0.48,
131347 12 0.07,
131405 12 0.17,
131455 2 0.84,
131538 3 0.16,
131553 4 0.15,
131587 6 0.61,
131656 17 0.27,
131692 12 0.45,
131704 19 0.97,
131728 5 0.02,
131741 6 0.14,
131745 13 0.41,
131778 3 0.93,
131844 18 0.59,
131872 17 0.19,
131956 14 0.45,
132038 14 0.78,
132058 11 0.59,
132114 2 0.47,
132177 16 0.38,
132235 1 0.89,
132292 12 0.95,
132303 4 0.97,
132311 12 0.59,
132369 14 0.56,
132447 1 0.76,
132491 13 0.68,
132507 5 0.43,
132570 6 0.87,
132618 4 0.42,
132701 12 0.96,
132725 17 0.95,
132748 13 0.87,
132778 11 0.25,
132835 1 0.85,
132865 3 0.31,
132887 8 0.1,
132969 4 0.7,
133048 18 0.22,
133130 14 0.85,
133156 0 0.17,
133231 16 0.94,
133310 9 0.61,
133371 10 0.64,
133459 11 0.44,
133542 6 0.47,
133613 17 0.97,
133699 1 0.92,
133699 5 0.75,
133725 19 0.15,
133758 17 0.73,
133792 16 0.99,
133859 1 0.71,
133923 6 0.02,
134000 15 0.35,
134033 4 0.72,
134106 18 1.0,
134122 14 0.28,
134184 1 0.55,
134188 7 0.59,
134189 3 0.14,
134259 10 0.05,
134265 11 0.49,
134279 1 0.17,
134338 9 0.02,
134381 9 0.48,
134407 17 0.66,
134439 16 0.03,
134449 8 0.97,
134474 17 0.53,
134477 14 0.02,
134539 19 0.07,
134604 11 0.89,
134617 0 0.44,
134694 10 0.96,
134761 14 0.34,
134780 6 0.81,
134852 3 0.6,
134928 3 0.58,
135014 16 0.38,
135055 14 0.18,
135079 13 0.3,
135117 16 0.78,
135202 0 0.2,
135267 5 0.19,
135267 12 0.94,
135277 8 0.06,
135324 11 0.28,
135411 1 0.4,
135440 16 0.27,
135497 6 0.93,
135585 5 0.49,
135627 1 0.44,
135666 19 0.1,
135703 2 0.49,
135781 5 0.85,
135799 4 0.5,
135860 1 0.69,
135890 1 0.82,
135963 18 0.12,
135983 12 0.94,
135993 11 0.64,
136059 9 0.89,
136118 17 0.08,
136153 18 0.75,
136196 10 0.29,
136220 4 0.84,
136304 11 0.04,
136313 6 0.16,
136389 6 0.19,
136455 15 0.5,
136463 8 0.66,
136529 4 0.39,
136591 9 0.07,
136669 19 0.88,
136715 4 0.76,
136722 11 0.22,
136752 14 0.69,
136815 3 0.13,
136837 1 0.43,
136875 9 0.04,
136929 14 0.06,
136937 0 0.58,
137012 14 0.81,
137059 6 0.86,
137106 7 0.43,
137178 18 0.65,
137192 10 0.72,
137214 18 0.8,
137254 18 0.87,
137256 0 0.52,
137274 0 0.1,
137327 11 0.96,
137399 0 0.69,
137471 10 0.79,
137481 7 0.96,
137529 8 0.31,
137588 3 0.73,
137642 16 0.8,
137691 18 0.81,
137775 3 0.09,
137859 7 0.13,
137888 18 0.79,
137911 10 0.05,
137928 19 0.35,
138015 10 0.43,
138068 19 0.46,
138103 2 0.6,
138175 19 0.64,
138255 7 0.08,
138312 6 0.59,
138362 15 0.6,
138447 1 0.87,
138498 15 0.48,
138582 19 0.64,
138666 16 0.07,
138736 18 0.62,
138813 15 0.52,
138824 17 0.56,
138901 15 0.99,
138919 13 0.29,
138987 9 0.29,
139064 9 0.7,
139099 12 0.81,
139161 10 0.16,
139188 6 0.37,
139200 7 0.98,
139220 9 0.74,
139228 12 0.53,
139315 11 0.17,
139347 7 0.45,
139418 13 0.47,
139436 15 0.16,
139497 17 0.39,
139584 15 0.76,
139602 8 0.78,
139646 0 0.25,
139648 11 0.57,
139663 1 0.28,
139750 8 0.72,
139784 0 0.8,
139795 9 0.74,
139884 8 0.17,
139926 15 0.52,
139954 2 0.07,
139964 9 0.77,
139974 14 1.0,
140019 5 1.0,
140036 12 0.79,
140077 10 0.04,
140095 12 0.5,
140184 1 0.89,
140203 15 0.9,
140267 15 0.91,
140314 7 0.34,
140367 11 0.38,
140419 17 0.53,
140429 14 0.57,
140500 11 0.9,
140571 4 0.67,
140606 14 0.54,
140653 5 0.16,
140673 0 0.77,
140701 18 0.05,
140776 16 0.63,
140859 18 0.79,
140911 14 0.88,
140989 6 0.8,
141027 3 0.25,
141039 13 0.38,
141128 17 0.91,
141204 6 0.16,
141209 12 0.35,
141289 4 0.41,
141300 13 0.25,
141374 10 0.54,
141388 7 0.93,
141470 9 0.6,
141543 17 0.66,
141572 15 0.1,
141596 7 0.1,
141616 7 0.7,
141624 9 0.41,
141648 9 0.58,
141734 7 0.03,
141779 17 0.01,
141796 16 0.99,
141848 9 0.33,
141877 18 0.92,
141922 1 0.79,
141946 3 0.19,
141969 10 0.6,
141975 0 0.56,
142041 15 0.57,
142065 10 0.76,
142066 13 0.48,
142122 0 0.49,
142177 0 0.97,
142264 11 0.9,
142348 18 0.77,
142424 4 0.54,
142511 19 0.24,
142567 11 0.34,
142578 8 0.28,
142611 17 0.33,
142680 13 0.51,
142681 3 0.1,
142721 15 0.18,
142803 18 0.91,
142809 2 0.39,
142893 19 0.58,
142950 18 0.49,
143019 10 0.1,
143098 17 0.39,
143146 2 0.19,
143217 5 0.25,
143286 3 0.72,
143342 18 0.06,
143342 8 0.57,
143360 15 1.0,
143415 0 0.15,
143418 2 0.81,
143506 7 0.08,
143590 17 0.67,
143613 16 0.14,
143623 7 0.05,
143680 6 0.31,
143684 16 0.6,
143772 15 0.7,
143843 0 0.62,
143883 9 0.26,
143939 14 0.28,
144023 5 0.61,
144111 15 0.01,
144152 9 0.95,
144157 9 0.28,
144237 3 0.49,
144301 1 0.93,
144301 14 0.28,
144352 9 0.94,
144373 2 0.02,
144373 14 0.93,
144441 6 0.58,
144473 3 0.01,
144514 16 0.54,
144528 1 0.48,
144585 5 0.23,
144672 13 0.52,
144675 11 0.03,
144709 10 0.87,
144781 19 0.46,
144791 12 0.16,
144851 19 0.5,
144876 8 0.63,
144886 2 0.91,
144940 14 0.27,
145029 12 0.64,
145054 12 0.72,
145075 10 0.25,
145088 5 0.32,
145161 17 0.7,
145249 9 0.98,
145310 9 0.73,
145385 15 0.35,
145444 6 0.76,
145531 17 0.29,
145582 8 0.67,
145664 14 0.02,
145689 0 0.82,
145773 17 0.05,
145828 18 0.39,
145864 1 0.39,
145905 17 0.42,
145961 2 0.17,
146042 7 0.63,
146082 3 0.54,
146102 7 0.99,
146121 11 0.48,
146202 0 0.15,
146267 14 0.03,
146335 15 0.74,
146384 17 0.98,
146400 2 0.75,
146461 8 0.98,
146496 9 0.42,
146572 3 0.59,
146628 9 0.03,
146642 12 0.18,
146719 7 0.96,
146744 11 0.11,
146825 6 0.78,
146841 6 0.14,
146913 18 0.15,
146971 3 0.52,
147044 1 0.28,
147080 10 0.21,
147129 9 0.95,
147213 4 0.96,
147291 0 0.39,
147293 5 0.98,
147339 5 0.42,
147339 19 0.05,
147410 1 0.01,
147416 19 0.39,
147456 0 0.21,
147520 0 0.28,
147563 3 0.3,
147615 7 0.6,
147652 17 0.69,
147680 11 0.84,
147716 11 0.83,
147803 18 0.32,
147845 13 0.22,
147876 15 0.29,
147940 7 0.82,
147968 6 0.11,
148033 18 0.39,
148087 11 0.83,
148134 16 0.82,
148197 0 0.03,
148197 1 0.47,
148200 17 0.39,
148261 11 0.07,
148342 7 0.83,
148416 13 0.94,
148424 1 0.97,
148490 4 0.27,
148554 2 0.26,
148611 16 0.76,
148624 11 0.9,
148665 14 0.68,
148685 0 0.6,
148724 9 0.51,
148740 13 0.44,
148764 19 0.92,
148829 5 0.77,
148884 5 0.61,
148936 1 0.02,
148988 3 0.55,
148998 11 0.19,
149030 2 0.74,
149102 2 0.1,
149129 5 0.67,
149153 5 0.96,
149179 3 0.61,
149240 5 0.92,
149280 11 0.12,
149360 2 0.12,
149392 11 0.22,
149406 4 0.94,
149443 8 0.04,
149514 1 1.0,
149532 15 0.27,
149551 11 0.78,
149584 14 0.09,
149584 16 0.38,
149646 7 0.44,
149690 18 0.52,
149759 7 0.8,
149805 13 0.31,
149871 17 0.74,
149916 15 0.04,
149940 2 0.64,
149972 8 0.76,
150019 14 0.79,
150032 15 0.85,
150050 7 0.54,
150134 17 0.02,
150158 19 0.23,
150244 19 0.27,
150329 2 0.66,
150345 4 0.87,
150371 14 0.44,
150393 5 0.24,
150438 2 0.15,
150511 19 0.89,
150541 14 0.22,
150594 5 0.41,
150652 8 0.23,
150695 2 0.17,
150744 19 0.38,
150804 18 0.87,
150829 6 0.45,
150913 12 0.71,
150948 8 0.67,
150964 7 0.28,
150997 16 0.73,
151037 3 0.26,
151040 0 0.02,
151053 6 0.3,
151092 19 0.37,
151180 6 0.1,
151263 10 0.89,
151271 18 0.58,
151354 17 0.17,
151373 14 0.57,
151452 7 0.96,
151518 2 0.1,
151533 3 0.63,
151562 11 0.43,
151570 6 0.73,
151585 19 0.85,
151664 5 0.49,
151677 10 0.13,
151708 4 0.89,
151784 10 0.24,
151847 17 0.54,
151901 2 0.09,
151929 4 0.19,
152015 11 0.02,
152091 3 0.18,
152122 19 0.85,
152151 3 0.77,
152217 12 0.11,
152263 9 0.56,
152293 16 0.42,
152316 8 0.87,
152343 6 0.57,
152408 2 0.21,
152491 9 0.85,
152544 6 0.78,
152555 6 0.15,
152612 19 0.79,
152616 12 0.05,
152637 12 0.48,
152645 1 0.54,
152727 8 0.29,
152780 10 0.43,
152829 14 0.6,
152845 16 0.46,
152865 6 0.26,
152906 16 0.36,
152906 2 0.6,
152953 5 0.65,
152998 1 0.99,
153025 2 0.9,
153110 6 0.93,
153128 4 0.99,
153179 4 0.94,
153258 19 0.4,
153290 15 0.43,
153332 17 0.44,
153337 14 0.96,
153352 16 0.38,
153428 19 0.63,
153497 13 0.1,
153517 18 0.8,
153602 15 0.48,
153619 5 0.95,
153663 8 0.29,
153703 7 0.62,
153772 0 0.14,
153826 0 0.57,
153826 3 0.52,
153909 19 0.3,
153996 5 0.22,
154060 4 0.05,
154128 0 0.5,
154209 4 0.92,
154268 10 0.24,
154354 13 0.15,
154388 11 0.2,
154420 13 0.02,
154507 3 0.81,
154524 3 0.33,
154610 3 0.88,
154622 14 0.89,
154687 12 0.5,
154720 6 0.23,
154734 19 0.37,
154751 12 0.57,
154832 18 0.67,
154851 7 0.72,
154926 11 0.65,
154951 2 0.34,
154996 4 0.02,
155001 14 0.72,
155033 5 0.89,
155099 10 0.79,
155160 0 0.99,
155202 4 0.13,
155286 13 0.41,
155295 0 0.85,
155373 5 0.75,
155425 13 0.21,
155511 11 0.79,
155523 2 0.96,
155539 2 0.59,
155593 4 0.75,
155670 6 0.6,
155707 8 0.71,
155758 8 0.99,
155829 7 0.31,
155883 5 0.39,
155900 8 0.47,
155986 8 0.21,
156020 10 0.71,
156107 0 0.7,
156196 6 0.72,
156238 0 0.64,
156287 19 0.68,
156290 6 0.59,
156368 10 0.27,
156437 10 0.12,
156482 1 0.16,
156506 0 0.03,
156530 15 0.94,
156579 9 0.66,
156631 14 0.8,
156641 5 0.08,
156674 16 0.95,
156763 4 0.73,
156825 9 0.16,
156842 8 0.96,
156893 0 0.65,
156897 16 0.09,
156913 8 0.05,
156918 11 0.68,
156939 11 0.31,
156967 5 0.53,
157043 13 0.81,
157064 16 0.83,
157125 0 0.29,
157152 0 0.49,
157232 3 0.55,
157257 19 0.95,
157328 1 0.84,
157383 18 0.51,
157422 8 0.42,
157484 14 0.02,
157499 19 0.07,
157499 12 0.8,
157517 7 0.99,
157521 13 0.83,
157522 1 0.26,
157588 16 0.98,
157626 1 0.82,
157640 1 0.8,
157688 11 0.49,
157696 15 0.8,
157772 16 0.27,
157827 3 0.98,
157874 19 0.31,
157922 2 0.38,
157960 13 0.13,
157996 15 0.98,
158011 11 0.02,
158063 1 0.85,
158107 6 0.66,
158181 12 0.02,
158217 7 0.29,
158268 11 0.56,
158343 0 0.37,
158396 17 0.51,
158467 8 0.64,
158536 0 0.43,
158594 16 0.95,
158613 18 0.91,
158696 15 1.0,
158708 0 0.45,
158718 2 0.91,
158753 6 0.55,
158824 7 0.01,
158900 14 0.79,
158911 8 0.62,
159000 5 0.05,
159036 14 0.18,
159090 18 0.3,
159139 10 0.67,
159148 10 0.59,
159200 14 0.4,
159269 16 0.64,
159315 3 0.15,
159376 5 0.98,
159459 4 0.61,
159485 4 0.91,
159497 4 0.38,
159571 10 0.72,
159655 5 0.82,
159742 16 0.69,
159780 7 0.9,
159786 17 0.7,
159822 19 0.3,
159846 5 0.35,
159879 2 0.49,
159939 12 0.09,
159943 3 0.81,
159959 9 0.64,
159995 1 0.26,
160071 17 0.98,
160107 16 0.63,
160179 16 0.15,
160192 7 0.49,
160198 19 0.18,
160238 8 0.88,
160283 8 0.64,
160354 2 0.86,
160370 1 0.14,
160431 8 0.35,
160467 13 0.15,
160556 0 0.7,
160558 8 0.39,
160594 4 0.56,
160640 14 0.5,
160649 9 0.23,
160724 4 0.29,
160737 9 0.63,
160803 19 0.28,
160838 9 0.74,
160897 18 0.08,
160918 9 0.61,
160918 19 0.25,
160961 9 0.11,
161041 14 0.93,
161054 13 0.68,
161114 19 0.93,
161199 12 0.44,
161243 15 0.12,
161297 9 0.81,
161354 15 0.62,
161380 17 0.2,
161467 15 0.33,
161539 2 0.74,
161576 3 0.9,
161623 8 0.65,
161655 1 0.5,
161739 10 0.27,
161795 13 0.63,
161812 9 0.24,
161865 18 0.25,
161865 12 0.28,
161900 18 0.95,
161964 19 0.33,
162030 0 0.63,
162056 6 0.4,
162084 2 0.51,
162163 19 0.57,
162169 14 0.83,
162209 0 0.75,
162243 10 0.37,
162264 10 0.03,
162267 3 0.3,
162311 19 0.81,
162316 19 0.32,
162373 5 0.64,
162375 12 0.7,
162426 18 0.31,
162432 16 0.23,
162448 13 0.24,
162452 18 0.52,
162483 1 0.78,
162572 19 0.3,
162596 2 0.05,
162645 11 0.64,
162670 9 0.31,
162752 17 0.22,
162756 8 0.67,
162818 8 0.65,
162830 8 0.24,
162869 9 0.68,
162948 7 0.13,
162981 15 0.38,
162988 2 0.43,
163008 17 0.06,
163024 10 0.13,
163076 4 0.61,
163144 7 0.17,
163158 6 0.43,
163158 7 0.13,
163234 10 0.36,
163301 15 0.8,
163352 4 0.16,
163435 14 0.72,
163459 17 0.94,
163490 13 1.0,
163545 0 0.31,
163601 1 0.62,
163639 1 0.51,
163702 0 0.52,
163708 1 0.82,
163760 17 0.46,
163765 6 0.11,
163767 19 0.47,
163852 4 0.09,
163878 0 0.47,
163952 9 0.39,
164028 10 0.3,
164052 8 0.16,
164064 13 0.48,
164125 5 0.4,
164146 0 0.82,
164180 8 0.88,
164211 0 0.64,
164251 18 0.28,
164285 14 0.27,
164320 5 0.72,
164340 10 0.66,
164379 10 0.12,
164457 16 0.49,
164484 3 0.87,
164566 10 0.76,
164596 15 0.95,
164680 12 0.16,
164718 9 0.18,
164791 7 0.96,
164832 14 0.05,
164913 3 0.59,
164919 17 0.98,
164949 10 0.92,
165038 1 0.35,
165041 19 0.21,
165062 8 0.86,
165111 9 0.19,
165119 11 0.36,
165173 12 0.85,
165210 10 0.16,
165296 4 0.52,
165365 0 0.4,
165425 6 0.81,
165479 6 0.9,
165556 10 0.76,
165627 17 0.43,
165643 19 0.75,
165648 10 0.4,
165699 7 0.75,
165742 1 0.5,
165793 2 0.52,
165878 14 0.12,
165887 18 0.64,
165969 14 0.3,
166029 11 0.17,
166094 17 0.69,
166094 7 0.33,
166174 4 0.61,
166212 15 0.04,
166227 2 0.17,
166273 6 0.78,
166288 14 0.61,
166320 9 0.65,
166388 12 0.41,
166437 19 0.46,
166501 9 0.95,
166512 10 0.29,
166588 8 0.4,
166641 12 0.41,
166723 15 0.39,
166805 11 0.06,
166816 12 0.93,
166831 19 0.02,
166883 0 0.62,
166957 3 0.56,
167009 11 0.47,
167031 3 0.25,
167054 18 0.96,
167084 14 0.46,
167118 6 0.52,
167195 15 0.67,
167204 7 0.8,
167229 6 0.64,
167266 8 0.77,
167349 2 0.42,
167422 4 0.81,
167422 12 0.25,
167499 15 0.6,
167542 11 0.24,
167616 7 0.24,
167696 17 0.1,
167749 3 0.02,
167781 6 0.55,
167831 2 0.27,
167897 4 0.03,
167921 17 0.18,
167998 12 0.65,
168081 17 0.22,
168118 16 0.25,
168118 6 0.84,
168190 4 0.46,
168195 16 0.25,
168245 17 0.61,
168287 6 0.91,
168305 11 0.1,
168365 5 0.16,
168377 5 0.62,
168383 11 0.92,
168460 4 0.38,
168477 10 0.55,
168516 14 0.3,
168605 19 0.99,
168689 2 0.47,
168711 5 0.69,
168715 5 0.67,
168718 10 0.14,
168739 18 0.55,
168816 10 0.22,
168858 12 0.29,
168910 2 0.1,
168956 16 0.08,
168991 0 0.77,
169023 0 0.26,
169097 13 0.97,
169103 4 0.72,
169152 5 0.25,
169155 1 0.7,
169243 7 0.86,
169328 9 0.2,
169405 13 0.01,
169435 18 0.14,
169518 12 0.69,
169575 15 0.87,
169635 18 0.42,
169721 3 0.76,
169777 15 0.63,
169866 0 0.03,
169928 10 0.61,
169961 6 0.3,
170050 16 0.53,
170099 15 0.12,
170099 7 0.14,
170171 0 0.05,
170256 19 0.64,
170279 3 0.97,
170361 9 0.35,
170410 5 0.18,
170427 15 0.54,
170505 9 0.76,
170563 17 0.62,
170627 5 0.93,
170666 7 0.63,
170723 12 0.53,
170726 17 0.57,
170764 19 0.82,
170798 13 1.0,
170858 13 0.79,
170898 5 0.57,
170943 6 0.43,
171018 5 0.73,
171103 13 0.08,
171149 9 0.09,
171210 12 0.64,
171259 14 0.57,
171335 10 0.34,
171389 11 0.57,
171463 17 0.22,
171542 9 0.03,
171596 0 0.25,
171596 2 0.57,
171651 14 0.43,
171692 9 0.41,
171740 6 0.04,
171744 3 0.44,
171810 16 0.63,
171863 16 0.17,
171917 15 0.87,
171923 12 0.69,
171928 8 0.57,
171936 7 0.2,
171943 15 0.08,
172021 3 0.5,
172101 7 0.69,
172113 4 0.97,
172150 13 0.64,
172229 14 0.15,
172307 17 0.72,
172337 16 0.56,
172394 17 0.5,
172454 16 0.5,
172470 13 0.56,
172506 8 0.71,
172528 9 0.79,
172585 6 0.36,
172598 15 0.5,
172631 1 0.43,
172701 16 0.08,
172768 11 0.57,
172834 12 0.08,
172856 1 0.89,
172858 4 0.72,
172874 8 0.43,
172874 4 0.76,
172893 12 0.33,
172955 19 0.7,
173005 0 0.45,
173028 12 0.13,
173099 3 0.3,
173182 0 0.12,
173259 17 0.73,
173277 12 0.59,
173342 17 0.68,
173423 16 0.27,
173492 9 0.92,
173531 7 0.01,
173551 9 0.86,
173575 18 0.17,
173616 8 0.05,
173649 0 0.21,
173735 15 0.49,
173769 16 0.37,
173838 16 0.24,
173908 9 0.19,
173923 4 0.62,
173956 13 0.88,
173963 17 0.35,
173986 9 0.17,
174026 0 0.07,
174098 19 0.3,
174154 5 0.75,
174242 15 0.97,
174273 11 0.66,
174290 11 0.46,
174378 15 0.43,
174426 5 0.69,
174442 5 0.72,
174453 2 0.22,
174521 18 0.28,
174521 10 0.97,
174546 17 0.05,
174579 18 0.52,
174666 15 0.18,
174747 4 0.11,
174756 11 0.46,
174823 16 0.45,
174900 17 0.88,
174908 8 0.56,
174920 14 0.97,
174984 3 0.36,
175052 16 0.03,
175102 2 0.6,
175133 8 0.16,
175212 11 0.35,
175278 10 0.85,
175338 1 0.49,
175343 6 0.6,
175360 0 0.67,
175389 4 0.92,
175425 19 0.67,
175496 9 0.88,
175503 0 0.05,
175523 4 0.42,
175594 12 0.48,
175637 16 0.47,
175659 0 0.41,
175696 8 0.95,
175723 15 0.23,
175760 0 0.04,
175843 10 0.13,
175867 0 0.29,
175907 9 0.48,
175941 16 0.36,
176002 17 0.67,
176038 10 0.32,
176091 15 0.12,
176146 4 0.82,
176170 18 0.06,
176248 17 0.94,
176259 3 0.79,
176294 12 0.98,
176353 1 0.84,
176389 16 0.46,
176419 5 0.39,
176467 9 0.98,
176522 15 0.81,
176568 13 0.52,
176593 8 0.35,
176615 0 0.86,
176655 13 0.28,
176686 4 0.29,
176702 8 0.79,
176785 11 0.83,
176834 17 0.17,
176843 3 0.63,
176898 6 0.87,
176986 6 0.42,
176991 10 0.42,
177001 3 0.01,
177080 17 0.2,
177100 15 0.29,
177123 12 0.48,
177193 18 0.33,
177221 5 0.58,
177300 11 0.95,
177367 19 0.03,
177395 7 0.08,
177459 0 0.01,
177535 12 0.99,
177580 15 0.97,
177581 16 0.12,
177656 4 0.72,
177661 18 1.0,
177670 19 0.8,
177689 2 0.01,
177721 19 0.57,
177783 9 1.0,
177851 13 0.81,
177918 4 0.93,
177971 16 0.21,
177989 7 0.62,
178024 11 0.85,
178077 2 0.21,
178080 19 0.41,
178140 12 0.73,
178156 17 0.66,
178218 14 0.17,
178288 11 0.95,
178365 0 0.08,
178365 4 0.65,
178452 16 0.15,
178539 8 0.69,
178588 13 0.84,
178644 13 0.18,
178728 11 0.35,
178756 9 0.77,
178777 8 0.34,
178814 0 0.31,
178841 4 0.43,
178878 4 0.1,
178915 15 0.47,
178932 14 0.9,
178965 7 0.04,
178995 13 0.02,
179041 9 0.27,
179045 7 0.46,
179123 17 0.55,
179199 13 0.25,
179260 15 0.92,
179311 3 0.51,
179388 14 0.02,
179477 5 0.21,
179563 2 0.32,
179630 9 0.09,
179661 6 0.48,
179668 5 0.21,
179691 3 0.68,
179726 5 0.15,
179811 4 0.83,
179849 19 0.28,
179903 17 0.28,
179988 17 0.07,
179990 0 0.37,
180018 5 0.75,
180070 8 0.48,
180113 1 0.57,
180156 15 0.25,
180159 10 0.38,
180247 11 0.26,
180302 8 0.14,
180369 12 0.93,
180417 11 0.38,
180438 4 0.68,
180476 0 0.12,
180535 18 0.31,
180580 15 0.24,
180616 13 0.99,
180668 10 0.76,
180668 10 0.32,
180725 17 0.43,
180793 1 0.21,
180802 1 0.92,
180828 16 0.89,
180857 14 0.5,
180919 7 0.11,
181005 3 1.0,
181029 6 0.67,
181046 3 0.53,
181105 13 0.88,
181186 7 0.74,
181195 15 0.92,
181243 6 0.59,
181270 16 0.16,
181321 12 0.29,
181367 7 0.51,
181447 1 0.36,
181507 15 0.73,
181593 10 0.32,
181654 15 0.89,
181668 8 0.08,
181699 16 0.22,
181756 6 0.89,
181803 0 0.64,
181878 4 0.57,
181963 11 0.82,
182007 8 0.29,
182026 4 0.15,
182054 5 0.46,
182132 18 0.51,
182159 3 0.29,
182192 3 0.36,
182229 14 0.12,
182288 18 0.58,
182295 18 0.87,
182298 3 0.03,
182316 12 0.91,
182359 2 0.55,
182412 13 0.88,
182431 4 0.1,
182465 9 0.51,
182476 18 0.58,
182529 9 0.98,
182604 9 0.04,
182639 10 0.46,
182643 19 0.4,
182717 16 0.67,
182747 18 0.73,
182771 3 0.65,
182813 7 0.41,
182897 2 0.49,
182984 4 0.49,
183063 9 0.55,
183086 5 0.31,
183155 6 0.85,
183241 18 0.19,
183282 19 0.35,
183338 9 1.0,
183425 19 0.68,
183437 9 0.25,
183459 8 0.99,
183464 12 0.75,
183464 10 0.47,
183496 3 0.16,
183523 5 0.67,
183595 12 0.65,
183608 11 0.22,
183646 2 0.73,
183701 18 0.77,
183731 1 0.56,
183739 1 0.58,
183763 2 0.05,
183793 4 0.5,
183793 3 0.33,
183869 9 0.18,
183920 7 0.07,
183933 3 0.23,
183974 5 0.77,
184041 6 0.58,
184094 12 0.34,
184121 18 0.31,
184149 10 0.41,
184185 3 0.86,
184260 4 0.13,
184317 19 0.54,
184357 8 0.33,
184365 2 0.57,
184365 19 0.15,
184421 16 0.9,
184485 6 0.61,
184497 0 0.54,
184569 8 1.0,
184580 14 0.49,
184653 4 0.8,
184695 18 1.0,
184765 12 0.61,
184821 10 0.32,
184894 8 0.87,
184914 10 0.36,
184927 7 0.85,
184986 2 0.04,
185036 0 0.66,
185097 3 0.01,
185103 18 0.27,
185132 18 0.69,
185210 4 0.51,
185299 7 0.96,
185306 16 0.42,
185374 2 0.2,
185428 17 0.93,
185470 17 0.98,
185515 5 0.82,
185516 19 0.36,
185590 14 0.8,
185671 7 0.59,
185759 14 0.61,
185760 18 0.08,
185837 7 0.14,
185886 11 0.49,
185941 10 0.63,
186001 8 0.64,
186019 18 0.93,
186067 9 0.78,
186119 14 0.75,
186124 15 0.24,
186185 8 0.86,
186249 1 0.58,
186319 11 0.11,
186401 9 0.07,
186428 16 0.73,
186447 1 0.89,
186494 3 0.67,
186557 13 0.67,
186574 1 0.42,
186632 17 0.88,
186665 9 0.7,
186690 10 0.01,
186762 1 0.01,
186762 5 1.0,
186787 17 0.6,
186793 11 0.01,
186797 12 0.42,
186840 17 0.26,
186884 13 0.11,
186956 4 0.06,
187030 16 0.11,
187067 8 0.99,
187131 6 0.55,
187216 3 0.94,
187249 8 0.19,
187279 17 0.86,
187327 17 0.14,
187344 15 0.29,
187357 19 0.98,
187436 10 0.88,
187504 19 0.56,
187568 0 0.7,
187578 19 0.38,
187608 19 0.8,
187623 0 0.03,
187644 8 0.73,
187721 4 0.17,
187804 2 0.64,
187807 6 0.16,
187863 11 0.21,
187945 6 0.16,
188008 8 0.73,
188083 16 0.43,
188093 16 0.29,
188179 4 0.29,
188231 12 0.11,
188268 8 0.91,
188287 0 0.38,
188310 12 0.94,
188321 6 0.26,
188376 16 0.18,
188447 10 0.11,
188492 5 0.86,
188525 11 0.69,
188582 0 0.63,
188596 5 0.42,
188657 14 0.43,
188694 3 0.82,
188705 18 0.66,
188757 5 0.13,
188783 15 0.7,
188794 1 0.03,
188865 6 1.0,
188940 10 0.3,
189027 9 0.45,
189040 2 0.34,
189119 13 0.38,
189182 12 0.29,
189211 16 0.29,
189233 18 0.85,
189243 0 0.43,
189279 3 0.68,
189366 18 0.94,
189435 0 0.16,
189444 14 0.96,
189476 3 0.62,
189513 19 0.6,
189540 9 0.47,
189565 0 0.5,
189585 0 0.97,
189602 8 0.89,
189638 18 0.65,
189648 14 0.8,
189694 3 0.14,
189758 12 0.42,
189845 16 0.92,
189891 6 0.27,
189969 10 0.28,
190009 11 0.33,
190043 5 0.79,
190099 10 0.07,
190163 2 0.49,
190167 6 0.27,
190243 6 0.56,
190313 17 0.33,
190402 2 0.49,
190425 7 0.49,
190433 12 0.47,
190496 11 0.7,
190521 19 0.46,
190546 14 0.24,
190596 4 0.66,
190607 5 0.37,
190693 9 0.67,
190742 19 0.77,
190823 16 0.32,
190832 10 0.64,
190919 9 0.01,
190940 10 0.45,
190952 5 0.22,
191034 8 0.58,
191118 10 0.6,
191129 19 0.16,
191129 12 0.43,
191157 2 0.58,
191234 2 0.41,
191299 0 0.05,
191362 0 0.15,
191398 14 0.37,
191459 3 0.03,
191527 9 0.28,
191574 14 0.11,
191621 12 0.66,
191703 12 0.53,
191766 14 0.75,
191844 8 0.59,
191855 1 0.9,
191904 8 0.05,
191911 9 0.1,
191944 18 0.65,
191969 19 0.23,
192038 7 0.51,
192113 7 0.43,
192152 11 0.83,
192215 6 0.65,
192232 7 0.72,
192259 4 0.04,
192302 0 0.7,
192354 0 0.46,
192395 19 0.29,
192465 4 0.41,
192485 14 0.19,
192516 18 0.01,
192523 1 0.65,
192593 9 0.12,
192638 5 0.78,
192706 13 0.25,
192719 17 0.74,
192807 16 0.19,
192823 5 0.93,
192834 9 0.4,
192911 17 0.37,
192981 12 0.14,
192999 17 0.91,
193026 9 0.06,
193044 4 0.27,
193120 13 0.93,
193129 11 0.94,
193177 8 0.72,
193263 16 0.63,
193341 4 0.23,
193418 10 0.53,
193452 14 0.37,
193466 14 0.36,
193522 0 0.98,
193569 17 0.7,
193589 7 0.91,
193614 5 0.89,
193625 10 0.29,
193686 2 0.12,
193771 2 0.97,
193791 4 0.26,
193818 9 0.04,
193888 17 0.96,
193957 10 0.97,
194021 13 0.74,
194084 12 0.92,
194171 12 0.12,
194222 5 0.27,
194277 4 0.74,
194309 1 0.01,
194324 16 0.97,
194399 1 0.76,
194460 9 0.99,
194516 1 0.09,
194548 13 0.25,
194576 16 0.31,
194644 5 0.88,
194652 6 0.48,
194711 9 0.28,
194733 8 0.42,
194755 16 0.57,
194835 1 0.62,
194900 2 0.14,
194934 13 0.28,
194942 17 0.93,
194947 15 0.35,
195016 8 0.46,
195073 14 0.2,
195099 18 0.7,
195116 16 0.13,
195135 15 0.95,
195163 19 0.52,
195177 0 0.03,
195245 14 0.19,
195283 16 0.17,
195356 11 0.05,
195424 14 0.68,
195498 0 0.01,
195556 7 0.42,
195560 13 0.51,
195566 17 0.26,
195607 12 0.28,
195687 0 0.5,
195776 17 0.33,
195792 0 0.47,
195847 5 0.72,
195884 2 0.46,
195973 15 0.23,
196030 10 0.13,
196030 5 0.3,
196052 12 0.56,
196092 17 0.34,
196162 12 0.92,
196249 0 0.39,
196280 19 0.29,
196368 9 0.85,
196432 1 0.68,
196510 14 0.32,
196584 18 0.54,
196623 0 0.66,
196710 14 0.15,
196734 6 0.46,
196753 10 0.67,
196824 1 0.78,
196865 3 0.75,
196943 7 0.48,
196995 18 0.99,
197011 11 0.45,
197011 4 0.59,
197039 2 0.92,
197043 18 0.79,
197093 8 0.4,
197158 8 0.09,
197185 11 0.34,
197236 8 0.88,
197277 4 0.28,
197284 0 0.59,
197339 12 0.37,
197367 12 0.83,
197393 13 0.99,
197459 11 0.22,
197487 18 0.14,
197554 3 0.64,
197558 3 0.94,
197580 16 0.75,
197619 6 0.98,
197656 6 0.31,
197679 10 0.84,
197738 8 0.46,
197811 2 0.18,
197873 13 0.4,
197959 14 0.5,
198031 17 0.16,
198052 15 0.96,
198096 1 0.57,
198104 3 0.43,
198173 14 0.44,
198215 9 0.01,
198240 4 0.96,
198280 6 0.53,
198290 17 0.38,
198357 17 0.29,
198375 13 0.24,
198435 15 0.15,
198475 8 0.92,
198492 8 0.49,
198515 6 0.41,
198600 2 0.15,
198686 17 0.81,
198751 1 0.73,
198826 18 0.44,
198856 6 0.02,
198858 11 0.78,
198888 2 0.49,
198894 1 0.25,
198945 3 0.41,
199026 12 0.72,
199062 19 0.28,
199096 7 0.95,
199173 3 0.31,
199205 0 0.6,
199274 5 0.09,
199336 8 0.47,
199420 18 0.19,
199450 3 0.14,
199533 8 0.76,
199533 8 0.79,
199557 13 0.15,
199604 3 0.15,
199610 5 0.43,
199622 4 1.0,
199638 1 0.55,
199646 7 0.4,
199679 4 0.13,
199689 6 0.81,
199734 7 0.34,
199744 2 0.55,
199818 1 0.48,
199892 13 0.45,
199948 2 0.18,
200013 11 0.96,
200032 14 0.64,
200053 16 0.28,
200089 4 0.07,
200091 6 0.13,
200156 16 0.68,
200183 7 0.09,
200224 19 0.58,
200235 19 0.84,
200251 10 0.06,
200256 6 0.59,
200302 5 0.29,
200352 12 0.25,
200432 5 0.86,
200489 3 0.4,
200510 3 0.91,
200578 13 0.85,
200585 10 0.46,
200628 15 0.55,
200701 0 0.85,
200746 10 0.36,
200806 4 0.08,
200854 8 0.71,
200877 10 0.69,
200952 13 0.35,
201023 8 0.36,
201079 17 0.84,
201109 9 0.66,
201137 18 0.34,
201202 17 0.36,
201232 14 0.78,
201238 11 0.9,
201264 19 0.26,
201324 19 0.23,
201328 17 0.67,
201332 11 0.57,
201377 11 0.83,
201409 5 0.23,
201414 9 0.26,
201453 6 0.05,
201462 5 0.56,
201471 5 0.6,
201521 12 0.69,
201591 19 0.67,
201602 5 0.91,
201620 1 0.79,
201637 2 0.48,
201716 2 0.21,
201776 2 0.55,
201840 17 0.29,
201884 6 0.67,
201884 12 0.14,
201949 11 0.6,
202024 5 0.6,
202041 1 0.88,
202084 19 0.3,
202093 14 0.5,
202160 16 0.59,
202194 2 0.57,
202240 4 1.0,
202257 10 0.92,
202334 11 0.53,
202383 9 0.16,
202414 18 0.93,
202458 11 0.58,
202495 13 0.21,
202506 6 0.87,
202558 16 0.27,
202602 9 0.38,
202653 6 0.54,
202658 7 0.95,
202685 18 0.56,
202764 1 0.06,
202800 9 0.57,
202832 10 0.44,
202837 10 0.4,
202843 16 0.31,
202873 0 0.94,
202931 4 0.41,
202964 14 0.03,
202984 18 0.31,
203043 18 0.61,
203094 6 0.31,
203125 19 0.1,
203170 15 0.4,
203173 19 0.59,
203248 19 0.29,
203281 4 0.44,
203330 10 0.07,
203357 15 0.12,
203366 7 0.91,
203413 7 0.73,
203473 0 0.16,
203518 3 0.03,
203582 3 0.21,
203627 6 0.03,
203657 10 0.87,
203675 17 0.51,
203679 12 0.94,
203746 2 0.04,
203786 7 0.32,
203840 17 0.68,
203843 7 0.29,
203920 4 0.65,
203975 4 0.77,
204020 1 0.25,
204090 2 0.77,
204161 11 0.89,
204233 16 0.5,
204278 6 0.5,
204347 12 0.25,
204363 3 0.84,
204395 3 0.67,
204421 13 0.61,
204483 10 0.97,
204530 15 0.19,
204605 1 0.37,
204624 11 0.64,
204644 16 0.74,
204670 1 0.6,
204684 1 0.91,
204695 1 0.27,
204703 7 0.55,
204741 19 0.21,
204815 8 0.32,
204851 8 0.11,
204911 18 0.5,
204923 13 0.48,
204955 0 0.96,
204963 9 0.06,
205019 10 0.9,
205075 13 0.01,
205144 0 0.45,
205171 16 0.57,
205246 9 0.58,
205258 4 0.53,
205260 2 0.21,
205303 8 0.85,
205357 4 0.46,
205358 17 0.68,
205425 7 0.12,
205500 2 0.48,
205589 11 0.66,
205637 13 0.09,
205674 4 0.47,
205731 7 0.25,
205820 17 0.76,
205849 9 0.56,
205935 16 0.61,
205987 13 0.56,
206020 6 0.35,
206093 13 0.73,
206171 1 0.47,
206184 18 0.84,
206188 10 0.26,
206223 14 0.64,
206273 7 0.6,
206288 0 0.06,
206294 14 0.88,
206324 12 0.63,
206361 6 0.48,
206416 3 0.95,
206487 5 0.07,
206562 6 0.94,
206609 9 0.36,
206612 2 0.3,
206680 16 0.62,
206755 19 0.21,
206775 5 0.02,
206849 11 0.23,
206931 12 0.64,
206936 14 0.36,
206937 16 0.04,
207009 8 0.68,
207086 14 0.34,
207124 3 0.96,
207208 18 0.97,
207264 18 0.54,
207327 5 0.9,
207333 8 0.44,
207353 10 0.39,
207419 12 0.92,
207422 2 0.06,
207442 12 0.51,
207481 5 0.9,
207512 7 0.93,
207514 6 0.45,
207572 0 0.05,
207618 1 0.75,
207696 12 0.22,
207697 14 0.09,
207772 19 0.68,
207818 4 0.18,
207841 0 0.68,
207899 6 0.74,
207987 12 0.77,
208021 0 0.2,
208104 0 0.8,
208122 16 0.45,
208129 14 0.92,
208187 2 0.26,
208217 7 0.73,
208247 18 0.45,
208296 0 0.73,
208345 1 0.17,
208350 10 0.84,
208413 1 0.78,
208494 6 0.24,
208562 0 0.25,
208622 19 0.93,
208657 15 0.45,
208661 6 0.97,
208678 6 0.01,
208762 13 0.71,
208803 13 0.44,
208843 17 0.85,
208894 15 0.55,
208980 11 0.96,
209049 1 0.97,
209099 19 0.6,
209117 9 0.1,
209202 13 0.32,
209271 11 0.61,
209308 7 0.84,
209316 6 0.33,
209320 13 0.85,
209394 13 0.01,
209421 17 0.52,
209497 11 0.68,
209524 12 0.68,
209569 15 0.2,
209600 16 0.69,
209632 2 0.96,
209673 4 0.41,
209703 1 1.0,
209765 13 0.22,
209792 13 0.54,
209826 16 0.06,
209873 18 0.21,
209929 15 0.6,
209953 14 0.73,
209991 17 0.08,
210025 1 0.34,
210064 3 0.08,
210150 18 0.93,
210216 0 0.42,
210246 6 0.74,
210253 2 0.66,
210279 19 0.59,
210345 13 0.94,
210360 16 0.23,
210360 15 0.16,
210401 18 0.7,
210433 16 0.04,
210513 8 0.74,
210558 5 0.56,
210596 17 0.52,
210641 5 0.91,
210643 10 0.93,
210699 12 0.38,
210768 2 0.39,
210800 16 0.36,
210804 6 0.27,
210866 10 0.29,
210913 19 0.92,
210974 18 0.36,
211057 15 0.54,
211119 19 0.56,
211197 8 0.61,
211286 6 0.53,
211306 12 0.85,
211359 15 0.95,
211361 9 0.15,
211435 8 0.78,
211476 19 0.6,
211502 7 0.79,
211571 14 0.2,
211637 10 0.24,
211645 14 0.13,
211712 6 0.84,
211766 1 0.97,
211819 12 0.99,
211825 8 0.44,
211826 9 0.06,
211830 11 0.85,
211916 4 0.79,
211957 12 0.96,
211972 18 0.19,
211998 15 0.62,
212073 11 0.29,
212151 16 0.92,
212202 6 0.06,
212204 11 0.26,
212217 4 0.42,
212275 2 0.75,
212294 8 0.33,
212309 4 0.77,
212337 13 0.43,
212384 7 0.91,
212438 3 0.7,
212457 9 0.92,
212459 4 0.42,
212547 11 0.35,
212562 13 0.23,
212611 8 0.59,
212648 1 0.19,
212726 6 0.89,
212802 11 0.67,
212881 3 0.09,
212946 17 0.57,
212976 12 0.25,
213039 13 0.56,
213068 13 0.57,
213109 9 0.13,
213132 7 0.25,
213186 9 0.16,
213243 13 0.74,
213251 9 0.79,
213313 1 0.54,
213331 17 0.71,
213418 13 0.02,
213444 1 0.76,
213444 6 0.31,
213526 5 0.41,
213569 13 0.36,
213637 11 0.24,
213650 10 0.04,
213719 12 0.66,
213737 3 0.26,
213774 11 0.08,
213786 16 0.25,
213804 15 0.96,
213867 1 0.82,
213893 17 0.09,
213980 17 0.54,
214018 6 0.3,
214052 6 0.86,
214129 7 0.3,
214171 3 0.24,
214184 0 0.56,
214237 10 0.97,
214321 4 0.75,
214376 13 0.02,
214435 8 0.75,
214457 18 0.64,
214491 17 0.31,
214561 0 0.5,
214644 19 0.1,
214724 8 0.45,
214774 8 0.4,
214836 13 0.36,
214884 11 0.91,
214917 15 0.14,
214997 14 0.97,
215032 0 0.3,
215064 15 0.26,
215087 8 0.9,
215154 5 0.89,
215179 10 0.82,
215265 12 0.02,
215322 13 0.81,
215331 19 0.54,
215393 6 0.91,
215424 11 0.48,
215462 4 0.65,
215491 13 0.49,
215512 9 0.38,
215564 19 0.16,
215603 9 0.14,
215668 10 0.65,
215689 5 0.03,
215757 8 0.54,
215820 14 0.48,
215882 13 0.07,
215916 12 0.64,
215993 12 0.91,
216037 7 0.46,
216114 16 0.65,
216149 16 0.34,
216206 6 0.9,
216289 16 0.13,
216350 15 0.61,
216396 1 0.01,
216477 4 0.62,
216523 4 0.11,
216549 11 0.32,
216631 8 0.04,
216667 10 0.52,
216682 8 0.53,
216759 2 0.21,
216830 4 0.15,
216853 6 0.88,
216864 14 0.3,
216949 11 0.24,
217017 9 0.63,
217053 3 0.85,
217114 19 0.99,
217168 17 0.9,
217251 8 0.18,
217327 4 0.37,
217373 11 0.82,
217425 7 0.28,
217508 7 0.29,
217588 18 0.2,
217676 10 0.89,
217691 7 0.03,
217714 15 0.91,
217753 4 0.06,
217766 15 0.29,
217810 9 0.02,
217846 11 0.52,
217890 7 0.72,
217975 2 0.46,
218039 2 0.92,
218082 15 0.15,
218147 0 0.32,
218166 8 0.82,
218166 14 0.03,
218185 10 0.05,
218233 8 0.55,
218273 19 0.82,
218362 12 0.19,
218433 4 0.93,
218487 0 0.63,
218546 18 0.14,
218615 10 0.41,
218646 8 0.05,
218646 15 0.03,
218719 9 0.31,
218726 13 0.79,
218787 17 0.1,
218824 4 0.81,
218839 12 0.58,
218858 10 0.94,
218864 11 0.15,
218927 11 0.08,
218936 17 0.77,
218981 10 0.77,
219025 12 0.73,
219027 6 0.04,
219042 8 0.53,
219114 11 0.78,
219170 12 0.93,
219192 11 0.9,
219207 17 0.38,
219252 1 0.36,
219315 0 0.11,
219339 11 0.99,
219339 19 0.15,
219408 19 0.52,
219474 11 0.78,
219537 5 0.75,
219603 10 0.06,
219634 18 0.6,
219667 12 0.51,
219668 1 0.93,
219727 3 0.57,
219777 8 0.04,
219792 13 0.3,
219794 1 0.57,
219812 0 0.75,
219896 12 0.05,
219921 4 0.85,
219986 4 0.55,
220050 11 0.83,
220070 17 0.58,
220082 0 0.63,
220156 11 0.41,
220222 10 0.89,
220230 1 0.91,
220295 14 0.89,
220342 18 0.98,
220383 8 0.12,
220413 15 0.82,
220475 13 0.47,
220543 0 0.25,
220630 1 0.01,
220659 19 0.78,
220740 14 0.72,
220746 6 0.14,
220776 7 0.39,
220796 17 0.94,
220806 11 0.58,
220890 4 0.45,
220916 13 0.26,
220999 16 0.88,
221040 17 0.64,
221092 10 0.36,
221105 16 0.19,
221173 7 0.99,
221254 15 0.04,
221336 13 0.94,
221387 5 0.21,
221441 5 0.42,
221499 1 0.66,
221502 9 0.12,
221556 15 0.24,
221629 1 0.03,
221631 12 0.66,
221648 9 0.1,
221724 2 0.31,
221741 3 0.48,
221828 19 0.12,
221853 12 0.13,
221879 11 0.27,
221881 7 0.82,
221931 17 0.08,
221964 16 0.61,
221991 16 0.88,
221997 10 0.46,
222038 14 0.41,
222087 14 0.14,
222090 16 0.08,
222167 18 0.04,
222230 13 0.72,
222260 17 0.94,
222300 2 0.43,
222316 2 0.21,
222402 0 0.61,
222465 19 0.3,
222490 1 0.77,
222554 9 0.4,
222639 7 0.58,
222645 6 0.29,
222690 0 0.71,
222779 18 0.15,
222865 15 0.49,
222881 1 0.9,
222967 15 0.66,
223036 12 0.99,
223105 10 0.26,
223113 16 0.97,
223143 2 0.86,
223207 5 0.15,
223282 16 0.37,
223314 11 0.8,
223396 19 0.34,
223470 8 0.8,
223492 17 0.05,
223538 13 0.63,
223568 14 0.38,
223620 16 0.87,
223683 4 0.57,
223766 2 0.82,
223853 19 0.91,
223867 7 0.28,
223906 19 0.89,
223924 6 0.91,
223957 14 0.08,
223958 1 0.91,
223963 9 0.65,
224010 19 0.07,
224020 7 0.31,
224057 3 0.37,
224079 14 0.35,
224138 17 0.29,
224161 17 0.95,
224166 19 0.97,
224172 14 0.56,
224222 7 0.87,
224256 13 0.2,
224333 15 0.24,
224376 19 0.11,
224420 16 0.19,
224495 7 0.69,
224525 2 0.81,
224527 5 0.33,
224540 4 0.66,
224578 12 0.02,
224622 15 0.88,
224705 3 0.62,
224758 13 0.81,
224795 4 0.47,
224823 11 0.77,
224864 13 0.13,
224898 7 0.28,
224898 7 1.0,
224987 10 0.13,
225066 9 0.71,
225114 15 1.0,
225202 7 0.02,
225285 10 0.07,
225367 12 0.61,
225424 5 0.33,
225477 4 0.3,
225518 8 0.79,
225559 18 0.57,
225613 1 0.33,
225681 9 0.13,
225727 3 0.21,
225748 12 0.98,
225791 6 0.5,
225793 8 0.61,
225817 7 0.1,
225864 9 0.3,
225913 10 0.09,
225992 12 0.24,
226060 10 0.22,
226067 8 0.25,
226086 10 0.24,
226169 7 0.77,
226238 13 0.31,
226247 2 0.75,
226255 13 0.79,
226267 9 0.62,
226290 13 0.48,
226369 7 0.43,
226409 7 0.95,
226424 16 0.38,
226455 8 0.66,
226510 7 0.68,
226569 17 0.67,
226588 9 0.33,
226634 8 0.41,
226673 19 0.87,
226682 15 0.66,
226753 8 0.34,
226778 7 0.6,
226811 1 0.23,
226884 0 0.95,
226968 14 0.05,
227044 4 0.32,
227133 2 0.82,
227188 9 0.01,
227271 3 0.89,
227314 19 0.12,
227320 7 0.28,
227363 0 0.04,
227382 11 0.35,
227416 13 0.06,
227447 18 0.9,
227481 16 0.69,
227558 4 0.51,
227620 6 0.77,
227638 10 0.24,
227725 7 0.92,
227802 0 0.04,
227891 17 0.43,
227931 5 0.28,
227991 18 0.91,
228003 6 0.73,
228019 7 0.43,
228087 12 0.31,
228102 2 0.3,
228148 5 0.69,
228159 17 0.38,
228202 7 0.47,
228256 2 0.53,
228296 4 0.88,
228357 4 0.07,
228400 3 0.25,
228460 9 0.49,
228478 8 0.44,
228533 12 0.46,
228565 12 0.24,
228641 13 0.77,
228692 11 0.15,
228713 5 0.09,
228773 2 0.16,
228826 1 0.77,
228856 16 0.65,
228856 8 0.17,
228877 4 0.96,
228883 1 0.8,
228943 10 0.49,
228962 3 0.83,
228991 2 0.98,
229012 0 0.99,
229035 8 0.12,
229048 16 0.03,
229074 17 0.34,
229117 19 0.51,
229197 16 0.35,
229253 5 0.5,
229329 10 0.45,
229340 8 0.56,
229382 15 0.86,
229457 18 0.56,
229468 11 0.56,
229551 6 0.37,
229612 16 0.29,
229655 3 0.56,
229740 9 0.9,
229813 14 0.99,
229836 3 0.52,
229917 0 0.5,
229938 10 0.04,
229958 15 0.03,
230017 11 0.7,
230096 16 0.23,
230125 9 0.22,
230174 18 0.8,
230216 12 0.2,
230216 3 0.02,
230277 7 0.45,
230356 1 0.24,
230417 18 0.51,
230421 14 0.82,
230440 17 0.58,
230519 6 0.36,
230549 5 0.14,
230637 7 0.67,
230707 8 0.7,
230743 18 0.14,
230801 12 0.44,
230835 12 0.85,
230913 0 0.95,
230957 5 1.0,
231035 10 0.44,
231092 19 0.27,
231124 1 0.01,
231187 19 0.96,
231191 8 0.15,
231241 1 0.33,
231305 2 0.55,
231312 7 0.39,
231326 7 0.86,
231339 7 0.18,
231349 7 0.33,
231375 14 0.84,
231395 19 0.46,
231478 16 0.65,
231535 10 0.62,
231535 3 0.16,
231582 0 0.4,
231636 10 0.49,
231719 14 0.59,
231758 2 0.09,
231776 0 0.34,
231845 6 0.77,
231899 14 0.13,
231982 10 0.16,
232027 6 0.22,
232055 19 0.02,
232076 9 0.74,
232112 6 0.32,
232119 16 0.53,
232155 5 0.9,
232213 14 0.55,
232283 13 0.9,
232363 7 0.91,
232440 9 0.43,
232520 0 0.38,
232551 18 0.13,
232614 19 0.83,
232617 14 0.77,
232698 15 0.57,
232770 17 0.94,
232818 9 0.45,
232824 10 0.54,
232910 12 0.51,
232965 12 0.28,
233051 17 0.53,
233118 9 0.05,
233141 0 0.42,
233173 5 0.4,
233222 5 0.15,
233262 17 0.83,
233302 7 0.8,
233346 13 0.6,
233428 17 0.38,
233444 15 0.73,
233504 9 0.3,
233582 15 0.9,
233584 1 0.54,
233642 9 0.66,
233649 12 0.21,
233697 15 0.03,
233765 2 0.24,
233839 3 0.4,
233872 8 0.97,
233876 11 0.39,
233928 6 0.91,
234012 10 0.69,
234040 13 0.01,
234062 7 0.55,
234063 15 0.26,
234136 16 0.74,
234178 19 0.51,
234202 14 0.84,
234220 18 0.01,
234221 6 0.61,
234259 9 0.51,
234305 11 0.88,
234369 13 0.07,
234436 1 0.74,
234493 2 0.87,
234567 1 0.83,
234590 11 0.19,
234631 7 0.93,
234653 8 0.97,
234673 14 0.18,
234720 1 0.6,
234804 4 0.31,
234880 2 0.67,
234901 14 0.23,
234961 7 0.78,
235007 4 0.8,
235011 7 0.57,
235093 0 0.28,
235166 14 0.31,
235174 3 0.49,
235215 0 0.32,
235215 17 0.79,
235264 0 0.72,
235288 3 0.81,
235325 17 0.5,
235350 19 0.94,
235370 17 0.98,
235390 3 0.27,
235396 5 0.57,
235439 9 0.21,
235517 10 0.62,
235555 12 0.31,
235577 16 0.26,
235588 0 0.33,
235621 5 0.41,
235669 1 0.78,
235753 2 0.85,
235821 10 0.94,
235903 17 0.79,
235981 4 0.81,
236010 11 0.03,
236088 15 0.7,
236141 13 0.7,
236173 12 0.42,
236246 2 0.23,
236291 7 0.99,
236346 8 0.84,
236362 2 0.4,
236433 8 0.64,
236503 5 0.94,
236582 11 0.76,
236617 13 0.04,
236673 8 0.73,
236717 16 0.23,
236804 2 0.05,
236851 10 0.25,
236923 15 0.31,
236968 7 0.43,
237014 15 0.44,
237022 15 0.41,
237042 15 0.28,
237056 7 0.18,
237075 17 0.5,
237126 12 0.69,
237211 16 0.39,
237271 5 0.43,
237351 3 0.42,
237401 10 0.5,
237423 16 0.68,
237437 12 0.2,
237474 1 0.62,
237525 16 0.36,
237559 5 0.73,
237608 13 0.96,
237670 2 0.54,
237717 18 0.31,
237788 6 0.27,
237804 5 0.5,
237860 1 0.8,
237902 5 0.44,
237963 5 0.38,
238049 3 0.79,
238077 1 0.44,
238109 18 0.25,
238128 15 0.19,
238144 12 0.5,
238217 4 0.08,
238303 7 0.08,
238374 0 0.71,
238383 17 0.19,
238402 15 0.6,
238484 15 0.43,
238547 3 0.43,
238632 0 0.39,
238648 12 0.11,
238704 10 0.34,
238769 7 0.22,
238857 5 0.3,
238914 6 0.11,
238989 16 0.19,
238996 14 0.07,
239046 2 0.99,
239104 5 0.9,
239163 17 0.33,
239240 12 0.64,
239269 7 0.46,
239341 6 0.83,
239405 17 0.85,
239406 13 0.39,
239423 14 0.1,
239462 1 0.1,
239547 14 0.5,
239620 14 0.01,
239662 4 0.88,
239717 9 0.75,
239801 16 0.5,
239873 2 0.71,
239914 14 0.13,
239938 14 0.69,
239959 1 0.05,
240003 18 0.91,
240061 7 0.32,
240090 0 0.65,
240120 18 0.19,
240137 10 0.28,
240224 9 0.6,
240268 0 0.49,
240347 7 0.02,
240407 1 0.98,
240432 11 0.79,
240513 19 0.49,
240516 9 0.06,
240516 13 0.44,
240517 10 0.85,
240523 16 0.81,
240551 18 0.6,
240562 18 0.46,
240615 1 0.43,
240696 1 0.02,
240778 3 0.07,
240828 9 0.85,
240876 12 0.96,
240916 0 0.01,
240939 8 0.57,
240969 1 0.38,
241013 6 0.05,
241023 2 0.59,
241073 0 0.39,
241161 17 0.7,
241218 8 0.78,
241265 4 0.98,
241291 10 0.02,
241307 19 0.48,
241350 10 0.98,
241376 4 0.1,
241457 0 0.81,
241469 17 0.98,
241516 4 0.63,
241553 12 0.84,
241577 7 0.69,
241590 3 0.27,
241607 13 0.22,
241678 12 0.69,
241745 6 0.48,
241806 16 0.34,
241847 7 0.95,
241897 12 0.11,
241971 16 0.64,
241972 9 0.57,
242028 7 0.09,
242107 18 0.52,
242171 9 0.9,
242199 1 0.14,
242205 0 0.09,
242256 4 0.35,
242330 11 0.09,
242331 3 0.54,
242370 18 0.83,
242453 12 0.66,
242507 3 0.15,
242550 4 0.59,
242584 17 0.82,
242647 17 0.1,
242700 13 0.53,
242782 16 0.04,
242829 7 0.81,
242915 7 0.09,
242920 19 0.57,
243004 11 0.28,
243013 2 0.5,
243087 14 0.33,
243098 0 0.61,
243142 0 0.8,
243144 9 0.3,
243165 11 0.34,
243167 17 0.4,
243256 16 0.28,
243274 19 0.84,
243322 0 0.02,
243403 1 0.29,
243450 4 0.77,
243491 1 0.12,
243546 15 0.09,
243584 19 0.23,
243609 4 0.74,
243673 11 0.66,
243715 17 0.43,
243774 17 0.25,
243775 0 0.58,
243811 16 0.44,
243821 8 0.9,
243821 8 0.16,
243865 1 0.7,
243899 3 0.22,
243905 10 0.17,
243951 14 0.69,
243985 1 0.1,
244000 17 0.51,
244077 16 0.93,
244104 13 0.02,
244134 6 0.46,
244191 12 0.91,
244235 6 0.21,
244255 16 0.81,
244341 13 0.34,
244370 1 0.36,
244397 11 0.13,
244412 4 0.1,
244462 0 0.69,
244535 18 0.4,
244559 7 0.43,
244585 9 0.71,
244659 2 0.34,
244741 14 0.48,
244778 10 0.52,
244815 0 0.17,
244821 3 0.25,
244890 13 0.52,
244971 11 0.27,
245021 11 0.59,
245105 9 0.77,
245177 19 0.13,
245192 8 0.26,
245212 6 0.84,
245233 12 0.38,
245260 17 0.59,
245310 4 0.63,
245320 5 0.31,
245323 16 0.29,
245372 18 0.76,
245436 12 0.88,
245503 10 0.47,
245503 0 0.49,
245589 2 0.84,
245643 1 0.12,
245729 5 0.76,
245805 15 0.97,
245861 15 0.74,
245934 9 0.75,
246008 12 0.16,
246046 3 0.16,
246055 9 0.08,
246101 9 0.21,
246154 3 0.68,
246197 8 0.35,
246198 3 0.38,
246252 0 0.57,
246314 5 0.59,
246375 18 0.69,
246427 0 0.01,
246464 0 0.03,
246505 8 0.76,
246518 3 0.86,
246543 11 0.81,
246605 19 0.66,
246638 14 0.71,
246710 4 0.36,
246799 14 0.6,
246839 0 0.74,
246843 6 0.24,
246882 0 0.72,
246965 10 0.38,
246980 0 0.24,
247053 17 0.54,
247099 7 0.55,
247153 0 0.49,
247201 16 0.68,
247288 15 0.32,
247373 9 0.51,
247414 7 0.58,
247424 9 0.93,
247440 16 0.63,
247440 10 0.01,
247486 7 0.41,
247514 15 0.91,
247541 13 0.06,
247627 8 0.13,
247671 6 0.54,
247706 3 0.13,
247779 14 0.87,
247826 11 0.02,
247858 14 0.01,
247879 0 0.75,
247886 14 0.61,
247913 15 0.69,
247990 13 0.78,
248014 5 0.23,
248071 2 0.73,
248092 8 0.44,
248166 8 0.54,
248197 3 0.31,
248263 7 0.03,
248341 6 0.66,
248385 7 0.64,
248458 6 0.61,
248475 2 0.13,
248515 2 0.65,
248583 6 0.46,
248666 14 0.32,
248737 4 0.91,
248759 2 0.3,
248819 13 0.66,
248830 10 0.82,
248885 9 0.54,
248910 12 0.95,
248963 1 0.68,
248974 5 0.63,
248987 11 0.53,
249016 8 0.12,
249079 2 0.73,
249084 8 0.65,
249170 6 0.97,
249231 2 0.02,
249260 4 0.18,
249300 12 0.26,
249374 1 0.48,
249388 10 0.06,
249417 10 0.88,
249486 15 0.83,
249573 4 0.92,
249650 0 0.29,
249694 15 0.22,
249730 17 0.76,
249808 6 0.78,
249827 3 0.47,
249852 8 0.98,
249890 19 0.45,
249900 6 0.55,
249967 2 0.57,
250016 4 0.15,
250096 16 0.35,
250181 10 0.94,
250252 10 0.11,
250334 5 0.67,
250399 0 0.64,
250432 15 0.58,
250459 18 0.18,
250535 16 0.95,
250552 3 0.19,
250614 18 0.63,
250639 16 0.86,
250699 5 0.51,
250722 9 0.84,
250745 12 0.64,
250783 5 0.32,
250792 14 0.59,
250827 11 0.45,
250906 17 0.78,
250962 18 0.79,
251042 13 0.78,
251105 16 0.73,
251105 14 0.15,
251180 13 0.65,
251255 8 1.0,
251327 12 0.38,
251333 0 0.23,
251337 18 0.7,
251372 16 0.83,
251414 15 0.92,
251487 4 0.92,
251527 6 0.11,
251568 7 0.45,
251625 8 0.33,
251640 10 0.49,
251723 0 0.4,
251763 9 0.67,
251787 8 0.51,
251853 6 0.1,
251930 6 0.54,
252002 7 0.28,
252008 0 0.46,
252018 7 0.95,
252053 9 0.3,
252091 7 0.23,
252155 3 0.52,
252196 14 0.03,
252284 17 0.71,
252309 15 0.41,
252338 4 0.67,
252396 11 0.75,
252402 12 0.1,
252413 3 0.56,
252499 17 0.67,
252515 3 0.27,
252519 15 0.65,
252530 1 0.23,
252572 2 0.83,
252648 9 0.2,
252649 13 0.57,
252690 5 0.78,
252767 9 0.85,
252788 3 0.82,
252833 4 0.46,
252849 13 0.62,
252868 19 0.59,
252949 0 0.25,
253008 11 0.78,
253022 14 0.72,
253056 10 0.55,
253073 6 0.27,
253111 3 0.12,
253137 10 0.18,
253185 8 0.1,
253212 7 0.64,
253259 10 0.31,
253316 19 0.32,
253319 12 0.89,
253384 11 0.38,
253435 0 0.74,
253466 3 0.03,
253493 4 0.45,
253523 18 0.58,
253598 16 0.17,
253602 13 0.53,
253664 9 0.02,
253682 11 0.42,
253695 7 0.47,
253733 18 0.81,
253738 19 0.94,
253810 0 0.14,
253848 16 0.57,
253879 7 0.99,
253966 13 0.12,
253968 11 0.21,
254053 2 0.96,
254100 6 0.49,
254145 4 0.12,
254155 7 0.72,
254191 18 0.75,
254265 0 0.87,
254271 19 0.29,
254277 1 0.61,
254312 3 0.92,
254314 13 0.37,
254373 5 0.35,
254388 8 0.19,
254447 3 0.5,
254481 12 0.79,
254563 18 0.89,
254631 6 0.13,
254688 1 0.48,
254758 19 0.33,
254794 18 0.49,
254872 1 0.67,
254881 13 0.04,
254933 8 0.29,
254986 1 0.33,
255050 12 0.65,
255129 6 0.22,
255154 6 0.02,
255166 11 0.7,
255172 2 0.05,
255184 4 0.4,
255197 6 0.74,
255274 14 0.17,
255346 7 0.53,
255372 5 0.97,
255434 18 0.86,
255488 8 0.6,
255509 17 0.6,
255583 9 0.63,
255642 13 0.39,
255645 10 0.21,
255670 9 0.65,
255716 0 0.91,
255752 9 0.78,
255765 0 0.26,
255788 19 0.37,
255860 18 0.21,
255886 5 0.97,
255923 5 0.9,
255939 5 0.13,
255978 8 0.65,
256012 0 0.21,
256020 13 0.82,
256024 19 0.2,
256102 18 0.63,
256115 17 0.1,
256136 8 0.02,
256149 12 0.73,
256210 18 0.05,
256272 11 0.7,
256334 17 0.54,
256336 18 0.56,
256395 6 0.13,
256428 19 0.41,
256501 2 0.79,
256552 0 0.17,
256567 16 0.1,
256638 1 0.17,
256660 1 0.77,
256704 15 0.51,
256712 19 0.82,
256717 6 0.15,
256736 5 0.69,
256769 0 0.91,
256824 19 0.28,
256873 18 0.71,
256958 11 0.04,
257003 5 0.53,
257030 19 0.82,
257109 11 0.54,
257171 13 0.66,
257177 12 0.19,
257240 15 0.88,
257327 7 0.38,
257403 15 0.27,
257480 15 0.96,
257505 1 0.19,
257564 0 0.39,
257641 17 0.42,
257730 10 0.25,
257774 16 0.52,
257796 10 0.53,
257873 17 0.86,
257891 11 0.33,
257937 19 0.61,
257973 18 0.57,
257977 2 0.21,
258021 10 0.08,
258042 2 0.67,
258092 2 0.43,
258152 13 1.0,
258182 7 0.91,
258204 11 0.26,
258264 8 0.36,
258315 11 0.05,
258389 19 0.14,
258438 12 0.89,
258496 18 0.36,
258506 17 0.7,
258538 10 0.06,
258562 17 0.3,
258571 3 0.8,
258645 4 0.43,
258727 13 0.87,
258797 11 0.31,
258816 8 0.42,
258830 4 0.2,
258848 9 0.37,
258866 8 0.78,
258916 12 0.64,
258937 8 0.96,
258947 5 0.96,
259026 13 0.27,
259080 5 0.66,
259157 1 0.76,
259206 6 0.67,
259281 18 0.08,
259303 18 0.37,
259371 9 0.35,
259448 15 0.68,
259474 6 0.34,
259505 2 0.37,
259562 16 0.1,
259588 7 0.27,
259669 7 0.14,
259726 6 0.51,
259748 10 0.94,
259802 13 0.75,
259837 0 0.11,
259879 5 0.57,
259954 7 0.96,
259963 9 0.13,
259992 8 0.95,
260011 5 0.16,
260093 9 0.45,
260149 11 0.49,
260219 12 0.4,
260285 12 0.07,
260340 1 0.41,
260404 4 0.83,
260493 13 0.21,
260521 0 0.4,
260602 6 0.66,
260647 3 0.35,
260676 13 0.87,
260688 14 0.58,
260709 3 0.11,
260782 2 0.39,
260806 3 0.18,
260846 17 0.16,
260878 6 0.41,
260905 3 0.01,
260967 4 0.12,
261003 0 0.85,
261062 11 0.45,
261143 12 0.53,
261157 17 0.9,
261169 9 0.57,
261240 7 0.97,
261322 7 0.52,
261405 7 0.73,
261425 1 0.75,
261505 1 0.39,
261542 17 0.73,
261600 0 0.46,
261680 11 0.91,
261729 6 0.57,
261813 13 0.4,
261831 3 0.96,
261875 5 0.74,
261904 14 0.41,
261987 2 0.22,
262035 11 0.09,
262035 19 0.66,
262087 14 0.9,
262097 14 0.51,
262169 17 0.93,
262247 14 0.2,
262277 3 0.78,
262304 11 0.93,
262307 18 1.0,
262340 8 0.42,
262426 18 0.65,
262454 9 0.12,
262541 6 0.49,
262570 2 0.56,
262626 0 0.27,
262629 15 0.76,
262700 18 0.41,
262713 4 0.45,
262782 13 0.53,
262808 19 0.61,
262835 5 0.29,
262886 7 0.16,
262898 13 0.8,
262913 13 0.85,
262924 13 0.22,
262969 1 0.23,
262999 10 0.23,
262999 17 0.54,
263055 1 0.54,
263093 15 0.36,
263147 17 0.8,
263204 6 0.78,
263257 0 0.2,
263282 14 0.42,
263361 14 0.39,
263371 16 0.19,
263428 5 0.51,
263488 14 0.24,
263490 16 0.18,
263559 19 0.74,
263588 7 0.57,
263638 7 0.86,
263652 16 0.46,
263735 16 0.76,
263804 1 0.9,
263879 1 0.9,
263923 0 0.24,
263954 13 0.09,
264014 13 0.48,
264059 0 0.65,
264110 4 0.93,
264186 5 0.72,
264189 15 0.53,
264274 13 0.36,
264311 16 0.89,
264361 17 0.03,
264441 4 0.81,
264509 14 0.45,
264583 7 0.58,
264605 10 0.17,
264674 1 0.91,
264700 15 0.38,
264778 6 0.04,
264829 2 0.11,
264856 3 0.05,
264897 8 0.45,
264917 13 0.4,
264938 16 0.18,
264991 8 0.73,
265054 19 0.79,
265112 14 0.03,
265169 7 0.87,
265252 9 0.46,
265303 3 0.81,
265304 15 0.62,
265370 3 0.23,
265457 11 0.44,
265526 9 0.19,
265562 11 0.33,
265570 11 0.93,
265607 2 0.57,
265618 4 0.28,
265659 10 0.79,
265737 6 0.58,
265755 12 0.18,
265766 6 0.94,
265824 0 0.13,
265859 8 0.08,
265865 13 0.78,
265911 15 0.56,
265971 13 0.92,
266013 0 0.94,
266081 15 0.93,
266154 1 0.04,
266223 2 0.38,
266245 11 0.49,
266246 19 0.78,
266331 17 0.46,
266337 12 0.25,
266378 3 0.83,
266392 18 0.68,
266398 6 0.19,
266423 11 0.34,
266466 10 0.89,
266468 16 0.75,
266545 9 0.85,
266573 17 0.88,
266581 18 0.58,
266584 6 0.76,
266611 7 0.02,
266693 16 0.86,
266701 13 0.34,
266733 12 0.75,
266785 10 0.2,
266868 5 0.57,
266915 5 0.67,
266993 8 0.93,
266996 10 0.52,
267011 5 0.92,
267069 10 0.09,
267134 17 0.75,
267212 16 0.99,
267295 18 0.41,
267314 12 0.13,
267367 7 0.62,
267367 2 0.99,
267424 4 0.06,
267434 4 0.47,
267463 17 0.21,
>)