sequence with 50 event types 
(120,133790,
<120 27 0.76,
209 12 0.65,
226 1 1.0,
288 20 0.34,
349 47 0.83,
413 2 0.67,
417 4 0.45,
422 37 0.3,
484 25 0.6,
506 3 0.78,
530 19 0.37,
559 26 0.91,
613 8 0.73,
654 39 0.47,
736 3 0.63,
810 1 0.76,
889 7 0.19,
950 15 0.9,
955 5 0.59,
965 5 0.12,
1042 36 0.86,
1128 43 0.34,
1200 2 0.25,
1214 25 0.45,
1239 21 0.98,
1269 36 0.27,
1285 19 0.25,
1347 37 0.26,
1423 29 0.29,
1501 17 0.73,
1555 18 0.96,
1565 9 0.34,
1596 2 0.45,
1659 48 0.11,
1738 26 0.36,
1762 35 0.15,
1821 3 0.22,
1904 33 0.61,
1913 9 0.03,
1928 46 0.12,
1936 47 0.36,
1973 38 0.94,
2014 25 0.87,
2072 3 0.41,
2087 2 0.26,
2130 14 0.74,
2185 42 0.54,
2249 6 0.28,
2324 15 0.49,
2343 4 0.63,
2415 42 0.45,
2438 38 0.07,
2447 35 0.75,
2477 49 0.62,
2526 2 0.67,
2547 44 0.6,
2580 4 0.36,
2588 4 0.78,
2674 7 0.59,
2730 3 0.19,
2752 7 0.3,
2809 40 0.17,
2879 49 0.06,
2923 27 0.34,
2951 40 0.68,
2963 47 0.96,
3025 25 0.72,
3110 40 0.8,
3131 29 0.95,
3193 46 0.47,
3219 46 0.42,
3277 44 0.94,
3346 32 0.54,
3392 1 0.18,
3457 44 0.18,
3510 11 0.4,
3567 33 0.4,
3579 18 0.31,
3611 31 0.78,
3634 49 0.14,
3686 29 0.56,
3728 14 0.53,
3808 32 0.93,
3879 16 0.54,
3899 4 0.45,
3953 38 0.44,
3967 25 0.1,
4007 46 0.85,
4066 39 0.49,
4116 20 0.78,
4150 44 0.52,
4220 49 0.46,
4279 32 0.51,
4366 35 0.68,
4430 41 0.17,
4499 28 0.03,
4529 25 0.06,
4548 21 0.54,
4552 47 0.74,
4574 23 0.77,
4663 26 0.74,
4733 45 0.15,
4786 39 0.99,
4840 3 0.52,
4905 29 0.01,
4948 31 0.11,
4968 20 0.81,
5034 46 0.6,
5089 12 0.28,
5123 23 0.51,
5171 36 0.01,
5255 7 0.62,
5282 34 0.61,
5336 7 0.25,
5381 28 0.14,
5415 43 0.71,
5485 27 0.65,
5487 22 0.98,
5499 31 0.01,
5512 47 0.72,
5559 19 0.05,
5609 16 0.45,
5673 45 0.02,
5696 4 0.44,
5750 20 0.21,
5816 21 0.2,
5842 35 0.46,
5915 10 0.4,
6002 26 0.67,
6002 47 0.36,
6065 15 0.7,
6070 6 0.71,
6092 33 0.22,
6172 36 0.56,
6242 30 0.6,
6324 46 0.75,
6355 15 0.74,
6361 44 0.57,
6431 2 0.83,
6507 28 0.13,
6573 10 0.03,
6641 24 0.47,
6680 35 0.64,
6756 0 0.87,
6800 25 0.26,
6888 37 0.86,
6900 27 0.14,
6932 26 0.15,
6980 27 0.32,
7014 32 0.51,
7078 23 0.83,
7093 10 0.7,
7180 11 0.19,
7216 26 0.6,
7242 29 0.79,
7321 10 0.79,
7407 3 0.49,
7461 48 0.69,
7515 40 0.2,
7597 31 0.8,
7609 20 0.81,
7621 11 0.92,
7661 31 0.88,
7715 22 0.24,
7790 37 0.56,
7807 48 0.13,
7814 43 0.31,
7897 27 0.57,
7960 1 0.35,
8000 18 0.8,
8045 4 0.01,
8072 25 0.59,
8091 35 0.25,
8109 46 0.82,
8173 43 0.35,
8230 10 0.11,
8314 22 0.97,
8324 23 0.29,
8405 49 0.83,
8446 38 0.28,
8528 2 0.03,
8540 13 0.49,
8546 37 0.27,
8556 1 0.73,
8594 28 0.69,
8603 47 0.48,
8661 16 0.01,
8678 32 0.11,
8700 40 0.34,
8746 33 0.51,
8747 34 0.93,
8784 6 0.74,
8858 37 0.95,
8888 10 0.76,
8896 36 0.11,
8968 14 0.95,
8982 3 0.33,
8983 3 0.45,
8983 1 0.4,
9019 19 0.15,
9098 29 0.91,
9108 39 0.79,
9149 40 0.19,
9207 40 0.36,
9272 26 0.67,
9278 10 0.81,
9279 47 0.9,
9350 15 0.19,
9350 41 0.58,
9432 32 0.04,
9440 41 0.16,
9497 46 0.95,
9552 39 0.41,
9617 25 0.94,
9689 45 0.96,
9773 16 0.04,
9850 22 0.43,
9932 18 0.73,
10014 37 0.35,
10074 24 0.98,
10079 35 0.01,
10107 7 0.09,
10147 39 0.88,
10198 23 0.05,
10278 15 0.03,
10303 23 0.79,
10362 42 0.6,
10427 47 0.68,
10468 6 0.7,
10543 6 0.31,
10583 18 0.55,
10644 22 0.27,
10713 47 1.0,
10713 9 0.93,
10783 15 0.91,
10819 9 0.23,
10862 49 0.15,
10899 12 0.54,
10984 10 0.14,
10996 30 0.24,
11007 34 0.23,
11013 34 0.07,
11018 25 0.58,
11043 3 0.35,
11092 28 1.0,
11114 17 0.97,
11180 24 0.26,
11245 12 0.17,
11249 36 0.03,
11258 10 0.69,
11302 10 0.19,
11321 8 0.09,
11396 24 0.52,
11458 26 0.83,
11545 1 0.62,
11607 16 0.19,
11631 17 0.91,
11688 37 0.84,
11764 19 0.96,
11802 24 0.02,
11834 35 0.79,
11881 45 0.9,
11890 40 0.35,
11901 28 0.07,
11987 45 0.03,
12071 18 0.85,
12148 31 0.31,
12170 17 0.16,
12226 21 0.89,
12279 9 0.48,
12301 33 0.35,
12353 19 0.71,
12403 31 0.44,
12477 9 0.01,
12502 30 0.75,
12558 47 0.16,
12647 45 0.19,
12667 7 0.68,
12741 31 0.4,
12812 10 0.3,
12829 15 0.8,
12911 26 0.83,
12997 26 0.21,
13070 23 0.7,
13140 22 0.59,
13170 41 0.25,
13222 31 0.98,
13269 6 0.89,
13297 8 0.13,
13335 42 0.47,
13401 45 0.59,
13486 24 0.08,
13543 1 0.35,
13619 5 0.25,
13625 11 0.99,
13698 0 0.9,
13781 43 0.75,
13800 24 0.56,
13885 6 0.25,
13908 18 0.41,
13975 33 0.86,
13975 30 0.3,
13991 30 0.71,
13998 11 0.59,
14034 7 0.5,
14111 21 0.62,
14172 18 0.44,
14202 21 0.93,
14203 47 0.55,
14277 26 0.23,
14320 0 0.79,
14406 2 0.75,
14466 33 0.91,
14548 17 0.54,
14561 48 0.04,
14612 24 0.39,
14625 31 0.66,
14660 35 0.4,
14683 17 0.21,
14759 4 0.01,
14797 1 0.89,
14848 35 0.02,
14915 28 0.21,
14969 48 0.51,
14996 19 0.65,
15009 39 0.98,
15068 40 0.26,
15111 15 0.5,
15157 5 0.1,
15202 1 0.83,
15280 2 0.68,
15332 25 0.85,
15407 42 0.55,
15424 36 0.86,
15448 17 0.12,
15534 36 0.87,
15610 2 0.08,
15660 6 0.42,
15683 31 0.75,
15728 48 0.71,
15738 25 0.33,
15746 25 0.18,
15747 40 0.67,
15760 25 0.81,
15778 35 0.81,
15817 7 0.13,
15872 25 0.35,
15951 5 0.96,
16009 12 0.22,
16016 17 0.52,
16041 43 0.4,
16073 19 0.63,
16158 10 0.29,
16225 41 0.95,
16304 25 0.68,
16350 24 0.75,
16428 37 0.62,
16463 13 0.23,
16516 40 0.79,
16576 18 0.47,
16631 5 0.23,
16632 48 0.81,
16637 20 0.29,
16658 7 0.52,
16687 22 0.9,
16692 0 0.49,
16707 12 0.28,
16737 17 0.31,
16798 8 0.1,
16835 19 0.69,
16910 5 0.58,
16976 19 0.97,
16993 23 0.24,
17053 45 0.08,
17085 5 0.9,
17100 48 0.78,
17108 34 0.95,
17142 35 0.06,
17166 10 0.08,
17247 29 0.67,
17269 22 0.46,
17329 37 0.94,
17397 17 0.14,
17470 39 0.41,
17498 18 0.83,
17538 36 0.39,
17548 39 0.08,
17584 34 0.55,
17660 42 0.25,
17690 0 0.94,
17718 27 0.47,
17737 37 0.88,
17745 14 0.84,
17821 5 0.9,
17897 5 0.39,
17918 5 0.49,
17955 33 0.5,
18000 2 0.56,
18080 3 0.89,
18163 29 0.39,
18167 15 0.83,
18234 45 0.61,
18257 34 0.28,
18310 1 0.7,
18365 24 0.47,
18418 45 0.35,
18429 21 0.11,
18501 18 0.26,
18573 31 0.63,
18594 5 0.44,
18616 5 0.94,
18644 20 0.66,
18653 6 0.02,
18707 1 0.23,
18747 18 0.4,
18779 17 0.23,
18813 2 0.16,
18842 47 0.95,
18860 16 0.02,
18911 45 0.76,
18966 21 0.25,
18971 45 0.25,
19027 23 0.25,
19108 14 0.24,
19108 41 0.67,
19167 43 0.88,
19256 11 0.02,
19335 3 0.92,
19403 47 0.1,
19415 24 0.22,
19434 13 0.27,
19523 17 0.58,
19564 28 0.28,
19624 27 0.72,
19682 7 0.6,
19703 49 0.83,
19767 37 0.97,
19804 0 0.31,
19875 28 0.04,
19881 19 0.69,
19956 33 0.28,
19983 1 0.81,
19991 5 0.17,
20010 18 0.67,
20079 10 0.16,
20164 14 0.62,
20237 6 0.77,
20257 25 1.0,
20267 32 0.05,
20333 1 0.75,
20380 12 0.23,
20403 5 0.3,
20436 34 0.92,
20498 42 0.26,
20548 37 0.05,
20586 48 0.63,
20586 43 0.4,
20636 4 0.27,
20672 39 0.38,
20707 17 0.36,
20728 40 0.28,
20763 27 0.42,
20796 1 0.1,
20855 31 0.78,
20858 32 0.79,
20881 46 0.59,
20970 4 0.93,
21000 31 0.86,
21039 9 0.93,
21090 7 0.56,
21108 37 0.12,
21184 0 0.15,
21249 2 0.8,
21271 13 0.09,
21281 8 0.54,
21318 0 0.99,
21383 1 0.02,
21389 19 0.65,
21418 34 0.79,
21465 15 0.8,
21504 23 0.63,
21558 47 0.8,
21595 20 0.33,
21604 4 0.46,
21649 5 0.32,
21682 19 0.98,
21724 45 0.02,
21772 44 0.15,
21782 46 0.59,
21800 12 0.97,
21819 19 0.39,
21888 42 0.39,
21894 43 0.4,
21965 17 0.24,
22049 4 0.46,
22079 18 0.07,
22081 35 0.91,
22084 25 0.77,
22086 5 0.69,
22103 24 0.74,
22121 40 0.63,
22209 1 0.59,
22238 38 0.33,
22296 6 0.42,
22332 49 0.28,
22409 28 0.88,
22416 45 0.64,
22493 12 0.67,
22498 4 0.26,
22544 13 0.05,
22633 38 0.67,
22670 44 0.24,
22704 0 0.91,
22747 34 0.51,
22793 12 0.96,
22878 43 0.39,
22882 17 0.68,
22927 41 0.58,
22966 38 0.03,
23011 36 0.58,
23063 24 0.1,
23085 42 0.14,
23088 27 0.66,
23163 19 0.4,
23183 8 0.85,
23225 48 0.4,
23232 1 0.16,
23280 32 0.74,
23332 14 0.55,
23391 37 0.99,
23415 8 0.05,
23434 14 0.02,
23448 14 0.4,
23528 41 0.57,
23549 38 0.33,
23611 28 0.27,
23680 49 0.94,
23684 32 0.91,
23692 12 0.34,
23722 6 0.95,
23765 44 0.84,
23785 17 0.93,
23803 26 0.18,
23847 17 0.04,
23885 28 0.5,
23961 3 0.5,
24012 35 0.07,
24092 19 0.9,
24142 32 1.0,
24162 20 0.78,
24236 35 0.33,
24310 14 0.29,
24321 1 0.53,
24406 6 0.3,
24450 42 0.52,
24504 5 0.65,
24588 39 0.48,
24589 17 1.0,
24671 45 0.22,
24744 4 0.44,
24808 23 0.25,
24886 31 0.54,
24922 17 0.87,
24968 9 0.25,
25011 45 0.91,
25013 0 0.51,
25044 48 0.76,
25063 14 0.98,
25105 22 0.26,
25116 21 0.84,
25178 21 0.57,
25221 1 0.99,
25264 12 0.18,
25348 10 0.19,
25416 39 0.81,
25448 35 0.93,
25466 9 0.58,
25535 43 0.69,
25564 34 0.48,
25612 23 0.43,
25617 6 1.0,
25632 44 0.66,
25652 2 0.61,
25662 13 0.45,
25696 0 0.13,
25700 44 0.72,
25786 36 0.51,
25864 10 0.67,
25918 28 0.32,
25961 33 0.61,
25984 43 0.71,
25990 20 0.71,
26045 21 0.92,
26109 15 0.04,
26182 35 0.9,
26254 21 0.6,
26266 35 0.68,
26347 26 0.54,
26430 37 0.88,
26430 39 0.17,
26433 18 0.48,
26461 34 0.22,
26494 12 0.35,
26582 1 0.79,
26663 29 0.43,
26740 26 0.14,
26756 15 0.19,
26806 8 0.71,
26835 31 0.21,
26891 10 0.6,
26959 23 0.72,
27008 46 0.34,
27045 35 0.22,
27081 10 0.58,
27127 39 0.17,
27156 21 0.39,
27206 23 0.77,
27290 37 0.03,
27345 11 0.93,
27352 0 0.77,
27432 11 0.54,
27495 47 0.51,
27537 12 0.74,
27626 21 0.74,
27635 5 0.61,
27721 10 0.29,
27761 23 0.2,
27817 1 0.75,
27884 35 0.9,
27924 6 0.53,
27995 48 0.4,
28019 46 0.84,
28029 19 0.2,
28076 37 0.74,
28082 25 0.99,
28085 25 0.43,
28135 36 0.06,
28188 15 0.41,
28211 28 0.76,
28269 33 0.67,
28315 36 0.73,
28338 3 0.89,
28389 28 0.09,
28423 3 0.43,
28495 1 0.47,
28556 30 0.4,
28577 29 0.4,
28591 45 0.33,
28629 24 0.3,
28631 24 0.12,
28694 5 0.75,
28726 7 0.88,
28733 35 0.67,
28810 39 0.25,
28873 41 0.79,
28950 9 0.29,
28987 10 0.67,
29062 7 0.54,
29142 22 0.89,
29201 49 0.04,
29270 35 0.4,
29351 2 0.94,
29385 29 0.6,
29445 36 0.65,
29456 4 0.37,
29486 25 0.75,
29505 39 0.65,
29509 49 0.48,
29538 41 0.76,
29564 16 0.14,
29641 25 0.66,
29696 34 0.13,
29699 3 0.59,
29722 10 0.22,
29798 38 0.96,
29834 15 0.69,
29882 35 0.44,
29969 39 0.94,
29987 44 0.54,
30057 37 0.27,
30100 13 0.05,
30136 37 0.26,
30142 13 0.74,
30223 4 0.65,
30279 30 0.01,
30295 26 0.41,
30323 16 0.22,
30369 14 0.96,
30388 17 0.11,
30473 41 0.85,
30539 36 0.01,
30581 19 0.87,
30660 1 0.94,
30736 42 0.91,
30815 21 0.64,
30868 37 0.46,
30869 24 0.46,
30895 40 1.0,
30963 20 0.08,
31023 12 0.75,
31045 24 0.43,
31054 39 0.36,
31142 41 0.94,
31183 8 0.34,
31205 37 0.26,
31256 11 0.26,
31259 20 0.39,
31265 8 0.32,
31274 43 0.58,
31283 23 0.73,
31321 22 0.62,
31387 41 0.15,
31423 6 0.69,
31485 49 0.42,
31567 12 0.87,
31621 41 0.78,
31628 8 0.43,
31639 24 0.61,
31686 9 0.09,
31740 30 0.7,
31814 31 0.2,
31862 30 0.83,
31872 27 0.81,
31902 8 0.32,
31964 37 0.74,
32020 28 0.59,
32095 17 0.22,
32165 21 0.17,
32197 44 0.84,
32234 48 0.65,
32292 35 0.61,
32376 38 0.2,
32386 13 0.58,
32460 14 0.64,
32464 12 0.9,
32474 43 0.59,
32526 25 0.53,
32553 48 0.02,
32568 47 0.9,
32616 17 0.99,
32655 41 0.31,
32729 6 0.95,
32741 49 0.69,
32754 43 0.31,
32822 3 0.26,
32844 24 0.98,
32918 12 0.91,
32988 46 0.54,
32999 9 0.25,
33051 29 0.86,
33083 30 0.15,
33093 9 0.47,
33162 13 0.38,
33238 22 0.55,
33289 26 0.12,
33329 38 0.03,
33382 49 0.23,
33468 7 0.75,
33541 23 0.39,
33549 44 0.71,
33611 41 0.52,
33696 22 0.49,
33736 20 0.42,
33807 13 0.15,
33817 16 0.92,
33890 1 0.01,
33934 8 0.82,
33981 43 0.55,
34033 1 1.0,
34106 2 0.44,
34135 38 0.55,
34170 14 0.38,
34210 8 0.36,
34210 0 0.65,
34230 10 0.31,
34243 40 0.11,
34324 13 0.47,
34367 49 0.54,
34371 3 0.34,
34406 35 0.68,
34492 20 0.48,
34531 7 0.01,
34606 35 0.17,
34611 17 0.28,
34656 30 0.3,
34739 4 0.74,
34748 0 0.06,
34777 10 0.38,
34865 27 0.12,
34930 49 0.59,
34966 38 0.65,
35020 37 0.38,
35022 20 0.04,
35057 3 0.46,
35075 26 0.06,
35144 28 0.77,
35220 17 0.12,
35238 10 0.11,
35284 32 0.84,
35289 17 0.88,
35320 31 0.76,
35323 39 0.15,
35349 6 0.28,
35412 37 0.89,
35490 45 0.46,
35500 18 0.23,
35573 43 0.27,
35622 17 0.92,
35642 6 0.23,
35690 7 0.06,
35690 29 0.45,
35718 39 0.45,
35799 2 0.27,
35833 48 0.57,
35866 8 0.45,
35915 5 0.44,
35951 16 0.27,
35995 32 0.23,
36046 42 0.02,
36083 24 0.83,
36141 42 0.61,
36155 42 0.87,
36199 49 0.31,
36277 27 0.37,
36341 42 0.67,
36410 6 0.4,
36469 9 0.19,
36556 38 0.73,
36607 40 0.01,
36629 40 0.59,
36644 22 0.15,
36654 29 0.12,
36666 48 0.45,
36670 10 0.58,
36724 31 0.47,
36752 38 0.71,
36771 5 0.18,
36858 3 0.16,
36873 18 0.57,
36946 44 0.2,
36998 16 0.51,
37013 28 0.27,
37019 13 0.76,
37103 42 0.93,
37124 32 0.65,
37209 32 0.76,
37251 48 0.65,
37339 41 0.97,
37345 45 0.83,
37360 11 0.6,
37379 10 0.82,
37383 0 0.61,
37421 47 0.97,
37436 49 0.26,
37502 30 0.11,
37550 49 0.57,
37597 7 0.83,
37607 4 0.04,
37660 48 0.57,
37687 28 0.17,
37741 15 0.8,
37749 21 0.77,
37809 21 0.34,
37896 12 0.74,
37919 12 0.49,
37999 24 0.23,
38060 30 0.74,
38091 42 0.07,
38101 25 0.15,
38166 7 0.92,
38233 21 0.62,
38252 21 0.02,
38339 14 0.35,
38419 48 0.21,
38475 6 0.63,
38478 25 0.63,
38503 4 0.46,
38577 6 0.73,
38638 16 0.76,
38690 5 0.39,
38764 15 0.62,
38851 47 0.17,
38897 40 0.17,
38950 23 0.56,
38961 3 0.26,
39046 30 0.88,
39070 13 0.02,
39081 39 0.59,
39165 14 0.76,
39187 10 0.26,
39232 15 0.38,
39315 44 0.93,
39326 17 0.74,
39380 27 0.56,
39461 12 0.15,
39547 45 0.56,
39565 24 0.52,
39628 24 0.25,
39658 49 0.04,
39746 20 0.74,
39821 29 0.41,
39825 2 0.25,
39884 48 0.76,
39910 5 0.64,
39952 39 0.19,
39985 25 0.21,
40006 39 0.14,
40082 34 0.32,
40153 46 0.56,
40187 27 0.16,
40252 0 0.46,
40262 47 0.7,
40300 1 0.49,
40386 7 0.16,
40411 15 0.33,
40485 44 0.32,
40547 0 0.4,
40619 19 0.19,
40689 12 0.41,
40698 30 0.11,
40761 19 0.46,
40836 37 0.57,
40879 15 0.64,
40966 36 0.97,
40975 9 0.94,
41028 48 0.58,
41055 11 0.33,
41128 40 0.3,
41131 8 0.2,
41217 34 0.29,
41257 17 0.97,
41303 20 0.79,
41313 39 0.06,
41377 33 0.59,
41392 16 0.95,
41437 33 0.51,
41480 45 0.39,
41484 26 0.93,
41511 39 0.21,
41545 2 0.07,
41592 47 0.31,
41633 13 0.98,
41719 45 0.6,
41801 4 0.6,
41812 11 0.9,
41829 44 0.1,
41916 1 0.12,
41972 44 0.67,
42026 10 0.41,
42057 20 0.06,
42114 18 0.34,
42128 10 0.36,
42191 11 0.87,
42244 7 0.89,
42276 33 0.04,
42322 16 0.07,
42370 4 0.43,
42387 24 0.6,
42461 23 0.79,
42487 45 0.5,
42576 2 0.17,
42585 7 0.47,
42672 10 0.33,
42728 13 0.65,
42738 2 0.16,
42758 3 0.84,
42819 42 0.76,
42836 15 0.36,
42846 8 0.07,
42849 23 0.77,
42914 14 0.04,
42920 35 0.63,
42929 49 0.26,
42968 12 0.45,
42972 34 0.04,
42985 38 0.97,
43065 15 0.49,
43151 32 0.58,
43177 39 0.05,
43251 16 0.22,
43301 41 0.95,
43369 13 0.13,
43413 1 0.18,
43490 0 0.96,
43576 6 0.3,
43647 28 0.53,
43660 46 0.9,
43730 24 0.8,
43816 35 0.52,
43870 43 0.16,
43897 11 0.07,
43901 7 0.58,
43937 13 0.31,
43973 49 0.79,
43980 25 0.97,
44059 8 0.29,
44128 26 0.92,
44204 1 0.27,
44271 18 0.58,
44342 37 0.7,
44425 44 0.14,
44449 48 0.5,
44538 43 0.67,
44590 15 0.94,
44600 0 0.13,
44647 29 0.4,
44727 44 0.63,
44748 24 0.61,
44832 23 1.0,
44853 16 0.12,
44857 8 0.81,
44898 48 0.23,
44932 0 0.08,
44974 26 0.37,
45058 30 0.47,
45088 34 0.96,
45091 46 0.1,
45102 36 0.41,
45158 0 0.47,
45216 10 0.73,
45225 44 0.37,
45308 48 0.52,
45309 30 0.94,
45376 46 0.22,
45448 32 0.22,
45531 47 0.63,
45593 27 0.84,
45644 15 0.85,
45673 29 0.01,
45751 10 0.78,
45797 15 0.11,
45816 33 0.44,
45891 48 0.61,
45970 14 0.11,
46008 32 0.88,
46089 8 0.03,
46129 16 0.98,
46154 15 0.79,
46225 8 0.56,
46289 14 0.22,
46330 40 0.31,
46359 22 0.41,
46374 43 0.92,
46378 33 0.85,
46393 31 0.3,
46478 12 0.98,
46528 44 0.01,
46567 11 0.11,
46614 10 0.58,
46666 46 0.62,
46690 41 0.38,
46719 25 0.85,
46801 19 0.85,
46837 14 0.79,
46873 23 0.36,
46917 48 0.95,
46945 18 0.95,
47034 10 0.57,
47046 42 0.29,
47106 35 0.29,
47115 5 0.31,
47117 17 0.37,
47144 44 0.11,
47194 7 0.84,
47225 31 0.16,
47300 4 0.95,
47362 33 0.38,
47426 41 0.05,
47510 16 0.74,
47551 26 0.47,
47632 39 0.85,
47642 2 0.66,
47701 26 0.9,
47781 32 0.71,
47792 19 0.74,
47825 30 0.4,
47890 8 0.79,
47969 47 0.43,
47980 3 0.24,
47982 3 0.46,
48065 46 0.21,
48140 15 0.13,
48176 19 0.45,
48206 32 0.29,
48278 15 0.59,
48348 28 0.32,
48368 21 0.62,
48402 12 0.05,
48426 37 0.02,
48484 27 0.47,
48494 31 0.68,
48510 6 0.47,
48558 43 0.71,
48581 37 0.81,
48622 25 0.32,
48626 31 0.64,
48711 34 0.91,
48787 7 0.1,
48842 21 0.1,
48926 38 0.61,
48939 5 0.84,
48939 32 0.22,
49019 20 0.16,
49047 8 0.38,
49047 16 0.38,
49057 19 0.55,
49097 47 0.58,
49122 42 0.1,
49140 36 0.97,
49184 34 0.8,
49194 33 0.78,
49237 31 0.08,
49297 5 0.05,
49357 21 0.79,
49410 48 0.67,
49475 18 0.29,
49479 17 0.33,
49482 40 0.38,
49556 22 0.76,
49592 15 0.61,
49604 14 0.62,
49654 31 0.77,
49740 10 0.19,
49797 7 0.43,
49841 22 0.34,
49906 4 0.67,
49953 21 0.72,
49973 43 0.53,
50050 46 0.51,
50094 35 0.01,
50107 41 0.88,
50164 23 0.36,
50211 33 0.23,
50245 0 0.02,
50325 5 0.82,
50414 23 0.19,
50478 9 0.41,
50490 47 0.67,
50541 37 0.22,
50623 8 0.89,
50626 25 0.26,
50640 23 0.44,
50680 49 0.33,
50735 46 0.18,
50778 46 0.4,
50849 0 0.59,
50873 30 0.46,
50925 28 0.37,
50978 29 0.53,
51002 19 0.07,
51059 13 0.23,
51111 40 0.9,
51163 9 0.16,
51166 31 0.06,
51167 44 0.84,
51245 35 0.83,
51313 3 0.9,
51401 18 0.51,
51449 42 0.01,
51483 22 0.8,
51567 36 0.41,
51622 37 0.33,
51684 12 0.37,
51688 25 0.81,
51754 7 0.56,
51763 33 0.61,
51820 31 0.14,
51850 17 0.25,
51896 15 0.81,
51967 33 0.2,
52054 9 0.55,
52060 4 0.63,
52069 20 0.08,
52093 43 0.73,
52133 31 0.77,
52188 31 0.34,
52271 0 0.77,
52347 0 0.16,
52406 42 0.18,
52464 12 0.8,
52552 18 0.14,
52628 30 0.44,
52634 25 0.8,
52665 10 0.01,
52747 37 0.95,
52783 6 0.88,
52820 48 0.89,
52826 38 0.79,
52907 47 0.37,
52954 10 0.32,
53017 49 0.32,
53038 8 0.24,
53118 2 0.45,
53204 39 0.1,
53257 43 0.08,
53343 9 0.41,
53367 21 0.66,
53416 27 0.24,
53500 43 0.89,
53513 8 0.29,
53575 17 0.9,
53624 17 0.11,
53662 38 0.55,
53742 8 0.44,
53753 42 0.15,
53781 46 0.22,
53794 16 0.47,
53835 10 0.13,
53853 42 0.01,
53912 45 0.5,
53995 35 0.89,
54030 21 0.29,
54082 27 0.78,
54161 12 0.93,
54205 29 0.75,
54215 46 0.68,
54277 15 0.23,
54329 7 0.78,
54331 3 0.34,
54334 7 0.86,
54353 41 0.85,
54394 16 0.29,
54415 30 0.19,
54493 0 0.35,
54558 21 0.62,
54562 33 0.05,
54644 18 0.85,
54672 11 0.89,
54695 44 0.22,
54781 30 0.69,
54810 36 0.18,
54898 44 0.07,
54924 43 0.14,
54987 2 0.87,
55046 42 0.48,
55111 30 0.38,
55140 48 0.02,
55166 14 0.96,
55232 0 0.95,
55268 22 0.83,
55293 36 0.78,
55359 10 0.01,
55408 45 0.35,
55425 36 0.97,
55432 43 0.98,
55511 33 0.02,
55564 16 0.23,
55584 24 0.4,
55636 17 0.39,
55713 26 0.65,
55769 29 0.8,
55833 42 0.31,
55841 28 0.74,
55889 18 0.73,
55929 32 0.8,
56013 10 0.74,
56051 30 0.16,
56082 37 0.29,
56123 34 0.44,
56125 37 0.81,
56181 28 0.77,
56252 28 0.59,
56252 2 0.41,
56315 49 0.16,
56374 3 0.99,
56449 3 0.42,
56462 44 0.3,
56491 0 0.3,
56525 47 0.79,
56548 26 0.1,
56572 7 0.67,
56647 3 0.53,
56661 33 0.21,
56668 14 0.71,
56756 19 0.28,
56824 41 0.56,
56845 33 0.82,
56901 43 0.11,
56982 21 0.97,
56984 4 0.81,
57032 38 0.49,
57034 25 0.26,
57071 32 0.52,
57072 16 0.63,
57118 16 0.14,
57151 40 0.35,
57168 13 0.44,
57174 27 0.78,
57255 49 0.84,
57313 20 0.13,
57320 7 0.4,
57325 24 0.41,
57361 18 0.9,
57383 32 0.93,
57386 44 0.6,
57407 31 0.9,
57423 37 0.03,
57469 4 0.32,
57488 43 0.37,
57508 20 0.01,
57555 33 0.21,
57576 41 0.74,
57642 17 0.18,
57671 39 0.39,
57711 35 0.84,
57727 19 0.75,
57777 1 0.86,
57861 22 0.84,
57929 41 0.76,
57966 2 0.72,
58018 21 0.17,
58040 19 0.24,
58052 28 0.96,
58113 32 0.08,
58172 48 0.73,
58241 15 0.29,
58317 32 0.48,
58398 12 0.63,
58432 47 0.23,
58486 46 0.58,
58501 31 0.48,
58562 28 0.25,
58573 45 0.23,
58647 18 0.68,
58678 33 0.71,
58682 31 0.83,
58746 2 0.93,
58795 47 0.62,
58822 26 0.3,
58844 37 0.21,
58875 44 0.45,
58912 33 0.66,
58914 27 0.87,
58941 43 0.97,
58964 7 0.44,
59048 23 0.22,
59066 25 0.77,
59089 45 0.17,
59146 30 0.51,
59198 19 0.33,
59256 47 0.7,
59293 8 0.83,
59338 42 0.69,
59396 25 0.64,
59419 30 0.63,
59490 42 0.35,
59554 16 0.21,
59562 32 0.78,
59642 6 0.43,
59656 47 0.65,
59741 2 0.13,
59783 14 0.08,
59860 21 0.85,
59863 37 0.05,
59888 21 0.76,
59955 8 0.69,
60026 7 0.5,
60071 11 0.6,
60100 42 0.52,
60179 43 0.14,
60249 13 0.95,
60310 15 0.5,
60383 10 0.79,
60404 46 0.38,
60474 34 0.8,
60556 47 0.3,
60607 4 0.42,
60676 30 0.26,
60677 49 0.13,
60749 47 0.88,
60836 1 0.85,
60913 44 0.29,
60965 39 0.35,
60999 2 0.62,
61050 27 0.42,
61128 17 0.66,
61210 36 0.94,
61260 35 0.38,
61280 0 0.1,
61355 24 0.84,
61370 0 0.03,
61390 29 0.97,
61470 21 0.12,
61507 30 0.56,
61580 22 0.6,
61607 4 0.27,
61658 23 0.76,
61664 26 0.16,
61728 41 0.76,
61798 28 0.96,
61798 7 0.46,
61825 44 0.52,
61842 45 0.12,
61849 33 0.31,
61891 16 0.67,
61939 23 0.17,
61967 13 0.17,
62019 17 0.18,
62089 4 0.98,
62161 0 0.19,
62183 27 0.74,
62213 5 0.93,
62249 43 0.03,
62308 15 0.87,
62372 46 0.78,
62423 21 0.3,
62443 21 0.97,
62492 1 0.99,
62530 6 0.47,
62570 9 0.12,
62618 28 0.97,
62657 37 1.0,
62697 12 0.12,
62740 11 0.89,
62799 19 0.68,
62834 12 0.24,
62843 30 0.68,
62882 44 0.87,
62936 4 0.83,
62936 12 0.3,
62949 19 0.37,
62993 7 0.66,
63078 27 0.12,
63115 10 1.0,
63176 15 0.99,
63264 26 0.6,
63342 22 0.06,
63347 37 0.03,
63423 6 0.38,
63484 49 0.87,
63516 47 0.95,
63601 38 0.51,
63666 7 0.01,
63704 24 0.97,
63768 2 0.15,
63799 47 0.59,
63850 39 0.28,
63928 24 0.29,
63953 12 0.59,
64020 37 0.98,
64090 45 0.63,
64140 19 0.95,
64182 49 0.15,
64263 39 0.35,
64310 39 0.96,
64316 29 0.91,
64389 49 0.56,
64420 31 0.22,
64438 32 0.79,
64476 9 0.17,
64488 3 0.55,
64492 32 0.86,
64556 34 0.04,
64597 38 0.17,
64673 0 0.66,
64704 12 0.26,
64793 26 0.2,
64807 45 0.71,
64856 7 0.53,
64870 37 0.36,
64940 33 0.27,
64991 13 0.53,
65024 13 0.47,
65055 24 1.0,
65093 0 0.18,
65175 4 0.06,
65249 42 0.08,
65311 10 0.04,
65343 35 0.44,
65369 25 0.66,
65456 38 0.32,
65502 36 0.53,
65526 48 0.68,
65542 36 0.79,
65561 45 0.3,
65570 14 0.51,
65598 1 0.14,
65658 30 0.46,
65731 17 0.72,
65732 46 0.69,
65771 8 0.28,
65783 36 0.18,
65858 23 0.83,
65909 24 0.5,
65957 33 0.07,
66025 46 0.78,
66075 24 0.84,
66078 6 0.92,
66138 13 0.46,
66217 45 0.95,
66279 10 0.51,
66334 20 0.6,
66363 47 0.71,
66450 14 0.59,
66538 22 0.61,
66623 39 0.56,
66683 13 0.68,
66729 8 0.61,
66742 5 0.47,
66752 43 0.82,
66786 20 0.47,
66838 41 0.72,
66860 11 0.39,
66930 27 0.14,
66962 1 0.99,
67018 8 0.35,
67073 7 0.2,
67100 24 0.96,
67105 28 0.7,
67143 3 0.82,
67160 24 0.55,
67180 12 0.28,
67237 6 0.13,
67283 2 0.29,
67307 28 0.58,
67367 40 0.32,
67393 17 0.25,
67396 18 0.85,
67399 5 0.06,
67462 38 0.23,
67521 31 0.4,
67545 31 0.58,
67625 49 0.69,
67703 30 0.14,
67740 5 0.31,
67788 5 0.27,
67805 1 0.2,
67830 42 0.25,
67860 5 0.88,
67904 8 0.67,
67924 37 0.94,
67939 39 0.75,
68010 38 0.81,
68023 3 0.99,
68053 43 0.93,
68098 32 0.32,
68173 0 0.5,
68199 49 0.74,
68250 28 0.86,
68336 27 0.51,
68420 10 0.58,
68440 36 0.4,
68522 8 0.35,
68548 48 0.79,
68561 23 0.28,
68644 49 0.08,
68664 43 0.55,
68687 12 0.73,
68740 5 0.1,
68743 45 0.31,
68787 13 0.62,
68843 40 0.09,
68928 2 0.71,
68935 19 1.0,
68959 29 0.72,
68993 1 0.39,
69073 47 0.46,
69139 24 0.52,
69212 15 0.97,
69265 28 0.6,
69310 48 0.95,
69375 36 0.41,
69438 25 0.67,
69457 37 0.34,
69505 32 0.93,
69529 26 0.31,
69580 45 0.82,
69580 3 0.18,
69599 32 0.46,
69600 23 0.24,
69667 3 0.82,
69731 17 0.06,
69802 10 0.23,
69816 29 0.19,
69903 7 0.09,
69963 13 0.1,
70051 0 0.2,
70125 15 0.49,
70141 27 0.51,
70177 23 0.49,
70228 17 0.34,
70265 24 0.52,
70340 12 0.29,
70348 10 0.28,
70408 25 0.47,
70465 11 0.17,
70539 38 0.15,
70566 30 0.26,
70646 40 0.64,
70734 36 0.03,
70801 8 0.86,
70808 33 0.11,
70829 4 0.08,
70914 47 0.85,
70948 43 0.08,
70987 28 0.44,
71045 5 0.47,
71089 42 0.27,
71123 33 0.9,
71179 27 0.27,
71206 16 0.45,
71262 4 0.43,
71314 44 0.71,
71376 12 0.65,
71396 40 0.5,
71419 12 0.43,
71443 31 0.35,
71529 0 0.31,
71554 30 0.67,
71609 28 0.15,
71622 49 0.58,
71705 1 0.06,
71770 9 0.58,
71837 26 0.2,
71871 47 0.08,
71933 38 0.92,
71963 1 0.8,
72051 33 0.31,
72137 33 0.65,
72171 0 0.73,
72220 35 0.89,
72303 36 0.61,
72341 3 0.62,
72387 6 0.09,
72447 14 0.92,
72473 45 0.92,
72534 17 0.92,
72534 21 0.26,
72591 45 0.51,
72616 4 0.84,
72675 44 0.36,
72727 34 0.71,
72740 7 0.6,
72811 43 0.4,
72852 8 0.09,
72857 21 0.7,
72934 44 0.82,
72979 40 0.64,
73043 49 0.53,
73046 38 0.19,
73046 30 0.84,
73120 17 0.06,
73175 34 0.9,
73197 9 0.18,
73201 32 0.29,
73281 21 0.82,
73347 48 0.29,
73421 4 0.21,
73446 17 0.7,
73482 30 0.82,
73517 4 0.43,
73528 25 0.78,
73604 36 0.6,
73615 26 0.79,
73668 22 0.71,
73756 0 0.7,
73784 2 0.2,
73785 26 0.64,
73809 48 0.44,
73861 29 0.52,
73887 6 0.2,
73974 39 0.31,
73998 24 0.43,
74008 29 0.55,
74018 12 0.08,
74025 46 0.41,
74041 37 0.49,
74109 9 0.52,
74185 5 0.57,
74274 42 0.82,
74331 33 0.38,
74376 13 0.85,
74451 19 0.54,
74493 31 0.42,
74571 19 0.49,
74613 17 0.67,
74643 42 1.0,
74685 25 0.02,
74773 35 0.79,
74808 33 0.45,
74855 49 0.2,
74862 31 0.5,
74879 46 0.95,
74895 45 0.51,
74969 30 0.57,
75051 40 0.64,
75075 17 0.33,
75078 14 0.22,
75134 35 0.73,
75183 25 0.66,
75266 49 0.97,
75270 6 0.94,
75323 3 0.58,
75407 22 0.42,
75487 16 0.25,
75559 27 0.37,
75588 23 0.84,
75614 18 0.65,
75672 9 0.77,
75722 37 0.1,
75787 1 0.75,
75832 32 0.89,
75861 19 0.68,
75897 41 0.65,
75940 20 0.83,
76002 23 0.75,
76048 16 0.41,
76112 18 0.56,
76187 31 0.78,
76249 47 0.49,
76261 3 0.54,
76337 18 0.22,
76398 14 0.7,
76406 19 0.94,
76415 38 0.85,
76416 48 0.53,
76505 32 0.21,
76543 40 0.88,
76546 4 0.83,
76630 7 0.62,
76705 2 0.52,
76771 37 1.0,
76839 41 0.62,
76880 7 0.9,
76968 27 0.67,
77057 14 0.76,
77061 24 0.08,
77086 5 0.14,
77107 8 0.63,
77109 20 0.29,
77188 3 0.66,
77218 2 0.09,
77253 34 0.86,
77269 35 0.45,
77358 32 0.23,
77368 15 0.37,
77455 11 0.8,
77516 45 0.31,
77536 0 0.09,
77603 20 0.34,
77607 18 0.94,
77642 7 0.91,
77715 4 0.42,
77752 48 0.89,
77777 5 0.59,
77826 21 0.24,
77843 41 0.14,
77915 47 0.63,
78002 38 0.14,
78005 23 0.21,
78047 23 0.28,
78067 19 0.36,
78070 5 0.26,
78104 36 0.04,
78152 22 0.33,
78171 5 0.42,
78245 13 0.79,
78251 5 0.47,
78287 26 0.66,
78288 16 0.32,
78338 13 0.2,
78388 31 0.83,
78404 29 0.58,
78460 2 0.11,
78497 16 0.04,
78544 25 0.71,
78614 21 0.08,
78663 9 0.63,
78707 2 0.63,
78775 5 0.68,
78847 44 0.02,
78917 44 0.61,
78994 0 0.96,
79025 17 0.3,
79036 2 0.25,
79092 8 0.37,
79113 17 0.1,
79122 4 0.94,
79177 9 0.68,
79231 16 0.61,
79269 0 0.9,
79354 42 0.92,
79437 5 0.33,
79487 9 0.41,
79526 3 0.95,
79611 21 0.78,
79645 34 0.11,
79700 24 0.37,
79710 25 0.17,
79724 24 0.08,
79755 9 0.93,
79800 14 0.24,
79834 33 0.81,
79908 34 0.65,
79960 15 0.72,
79991 3 0.21,
80043 17 0.5,
80099 25 0.73,
80120 3 0.01,
80177 41 0.6,
80198 10 0.9,
80274 42 0.66,
80310 30 0.61,
80363 38 0.87,
80443 19 0.76,
80514 20 0.53,
80596 32 0.05,
80597 33 0.05,
80655 0 0.46,
80709 39 0.19,
80776 6 0.83,
80841 45 0.47,
80860 1 1.0,
80863 31 0.71,
80906 45 0.3,
80976 0 0.57,
80978 36 0.86,
81039 13 0.35,
81095 1 0.52,
81141 28 0.91,
81185 3 0.76,
81227 16 0.71,
81294 15 0.91,
81348 43 0.68,
81395 40 0.99,
81472 5 0.81,
81528 8 0.36,
81608 24 0.69,
81670 31 0.12,
81730 22 0.89,
81805 25 0.23,
81888 4 0.84,
81944 13 0.11,
81945 4 0.36,
81952 15 0.29,
82029 48 0.59,
82038 40 0.1,
82060 43 0.07,
82071 29 0.62,
82087 27 0.08,
82153 18 0.24,
82163 20 0.22,
82206 44 0.42,
82247 8 0.79,
82319 0 0.19,
82403 8 0.81,
82426 49 0.55,
82440 43 1.0,
82466 43 0.71,
82532 25 0.71,
82532 32 0.48,
82559 29 0.17,
82597 21 0.32,
82669 20 0.47,
82676 44 0.87,
82692 41 0.76,
82711 22 0.5,
82735 18 0.1,
82755 43 0.43,
82788 35 0.05,
82838 0 0.42,
82894 39 0.58,
82975 39 0.39,
83027 11 0.56,
83097 49 0.53,
83137 46 0.64,
83189 10 0.96,
83256 8 0.58,
83309 42 0.34,
83355 14 0.06,
83403 15 0.3,
83490 0 0.81,
83506 27 0.95,
83509 7 1.0,
83585 25 0.94,
83663 37 0.35,
83749 43 0.01,
83791 26 0.28,
83865 34 0.07,
83870 37 0.03,
83903 7 0.06,
83978 33 0.71,
83978 29 0.25,
83991 7 0.24,
84056 13 0.79,
84085 20 0.1,
84143 27 0.73,
84230 49 0.02,
84313 44 0.57,
84325 15 0.39,
84412 17 0.34,
84424 15 0.34,
84453 0 0.61,
84478 24 0.22,
84543 34 0.77,
84595 44 0.96,
84610 43 0.23,
84658 40 0.64,
84686 27 0.53,
84756 37 0.51,
84827 19 0.37,
84830 38 0.58,
84890 0 0.02,
84893 7 0.56,
84945 3 0.94,
85001 19 0.16,
85077 1 0.97,
85082 12 0.06,
85135 24 0.49,
85152 41 0.66,
85152 47 0.32,
85209 14 0.19,
85238 3 0.05,
85319 19 0.32,
85368 13 0.66,
85405 39 0.36,
85425 1 0.81,
85459 7 0.88,
85476 6 0.76,
85539 40 0.79,
85590 10 0.44,
85594 34 0.16,
85641 31 0.03,
85696 24 0.58,
85697 41 0.08,
85736 3 0.41,
85815 34 0.8,
85822 25 0.99,
85875 37 0.37,
85900 40 0.74,
85961 30 0.9,
86040 5 0.79,
86105 47 0.82,
86142 44 0.16,
86225 44 0.6,
86274 10 0.59,
86291 48 0.48,
86350 47 0.23,
86393 45 0.91,
86438 17 0.04,
86438 23 0.26,
86462 49 0.77,
86536 45 0.35,
86536 42 0.53,
86602 13 0.28,
86619 22 0.09,
86699 8 0.68,
86739 41 0.36,
86812 48 0.61,
86879 45 0.8,
86940 30 0.45,
86983 6 0.81,
87053 45 0.03,
87093 3 0.32,
87125 39 0.32,
87150 34 0.62,
87176 31 0.99,
87213 38 0.45,
87296 11 0.73,
87312 41 0.17,
87343 35 0.78,
87430 22 0.65,
87481 6 0.03,
87548 4 0.59,
87607 15 0.52,
87622 31 0.59,
87629 36 0.25,
87646 46 0.32,
87735 45 0.16,
87769 31 0.04,
87785 36 0.88,
87853 2 0.05,
87874 45 0.74,
87928 25 0.82,
87997 29 0.13,
88040 28 0.12,
88084 2 0.02,
88124 1 0.96,
88190 45 0.1,
88232 28 0.38,
88286 14 0.09,
88375 10 0.95,
88408 10 0.68,
88445 12 0.08,
88505 36 0.98,
88525 41 0.28,
88588 18 0.45,
88674 30 0.05,
88718 2 0.18,
88787 6 0.06,
88801 2 0.67,
88875 40 0.85,
88937 13 0.76,
89026 26 0.76,
89037 41 0.32,
89079 35 0.25,
89164 9 0.25,
89240 38 0.92,
89325 29 0.4,
89365 10 0.84,
89446 36 0.49,
89513 41 0.39,
89539 3 0.94,
89566 12 0.15,
89635 29 0.73,
89650 32 0.74,
89675 9 0.18,
89690 48 0.92,
89769 10 0.59,
89815 15 0.2,
89876 18 0.61,
89952 27 0.79,
89992 26 0.1,
90009 38 0.18,
90015 40 0.19,
90056 7 0.93,
90110 38 0.89,
90155 32 0.26,
90225 39 0.9,
90256 15 0.57,
90343 41 0.34,
90368 37 0.28,
90443 0 0.75,
90531 34 0.57,
90580 34 0.12,
90582 14 0.81,
90651 21 0.29,
90679 10 0.76,
90689 21 0.64,
90713 23 0.78,
90735 40 0.71,
90740 47 0.61,
90765 6 0.78,
90841 29 0.04,
90930 34 0.54,
90997 27 0.52,
91034 17 0.15,
91089 41 0.79,
91135 11 0.39,
91203 28 0.73,
91285 49 0.1,
91288 10 0.73,
91360 14 0.01,
91409 12 0.43,
91468 18 0.11,
91541 31 1.0,
91608 29 0.14,
91661 48 0.46,
91694 39 0.8,
91760 0 0.82,
91780 12 0.51,
91853 35 0.43,
91902 49 0.38,
91920 12 0.79,
91963 49 0.63,
91970 14 0.77,
92005 38 0.49,
92045 40 0.74,
92089 28 0.4,
92167 15 0.65,
92188 11 0.4,
92199 3 0.86,
92277 17 0.38,
92349 15 0.47,
92413 30 0.21,
92466 40 0.84,
92496 49 0.19,
92516 16 0.67,
92562 30 0.07,
92575 8 0.39,
92599 9 0.14,
92654 45 0.6,
92734 20 0.36,
92777 22 0.53,
92832 43 0.73,
92908 45 0.06,
92993 23 0.96,
93077 33 0.76,
93104 45 0.14,
93116 46 0.08,
93170 42 0.9,
93173 5 0.73,
93247 36 0.72,
93283 9 0.23,
93317 48 0.08,
93383 26 0.29,
93430 3 0.25,
93495 31 0.67,
93542 32 0.87,
93624 37 0.79,
93656 16 0.24,
93687 27 0.07,
93732 37 0.81,
93795 6 0.74,
93817 12 0.66,
93859 0 0.88,
93859 35 0.27,
93922 35 0.22,
93973 29 0.44,
93976 49 0.8,
94001 21 0.96,
94058 25 0.23,
94085 20 0.63,
94090 34 0.25,
94107 38 0.02,
94146 40 0.48,
94162 45 0.59,
94191 35 0.02,
94254 34 0.03,
94309 11 0.99,
94366 22 0.3,
94404 9 0.39,
94435 6 0.6,
94505 42 0.97,
94547 14 0.19,
94561 29 0.91,
94648 4 0.01,
94714 16 0.27,
94728 1 0.74,
94783 37 0.51,
94824 49 0.45,
94852 9 0.94,
94877 35 0.87,
94895 13 0.07,
94903 46 0.4,
94904 39 0.88,
94910 22 0.67,
94922 0 0.37,
94960 26 0.31,
95038 27 0.81,
95108 18 0.02,
95157 28 0.43,
95205 22 0.26,
95291 21 0.57,
95360 0 0.51,
95444 15 0.98,
95478 22 0.04,
95487 34 0.28,
95534 44 0.79,
95535 0 0.24,
95573 26 0.49,
95626 6 0.16,
95710 28 0.74,
95768 11 0.29,
95855 49 0.68,
95889 17 0.09,
95922 31 0.63,
95975 17 0.06,
96014 22 0.65,
96080 47 0.94,
96119 0 0.72,
96182 39 0.87,
96239 19 0.63,
96314 40 0.46,
96318 29 0.45,
96406 17 0.23,
96431 24 0.9,
96520 16 0.91,
96536 34 0.42,
96594 20 0.3,
96615 16 0.44,
96638 33 0.46,
96697 26 0.35,
96733 25 0.3,
96787 18 0.1,
96840 33 0.89,
96929 19 0.7,
96969 25 0.64,
97016 47 0.38,
97021 45 0.75,
97045 27 0.21,
97133 5 0.39,
97177 39 0.95,
97193 41 0.49,
97215 2 0.18,
97302 15 0.35,
97329 20 0.85,
97364 22 0.75,
97407 42 0.82,
97453 45 0.36,
97458 39 0.8,
97473 11 0.49,
97534 24 0.71,
97596 16 0.45,
97629 3 0.38,
97667 14 0.84,
97721 37 0.18,
97756 32 0.44,
97825 16 0.5,
97838 48 0.2,
97906 46 0.09,
97937 29 0.83,
97975 30 0.64,
97990 29 0.34,
98046 5 0.18,
98120 37 0.52,
98160 26 0.36,
98207 38 0.7,
98246 33 0.53,
98263 17 0.95,
98328 6 0.87,
98350 36 0.33,
98398 29 0.87,
98479 0 0.36,
98487 27 0.26,
98530 41 0.14,
98554 42 0.9,
98639 14 0.38,
98640 23 0.45,
98716 26 0.52,
98742 26 0.97,
98745 25 0.43,
98753 37 0.23,
98828 43 0.52,
98835 24 0.89,
98894 1 0.9,
98896 33 0.72,
98933 2 0.88,
98981 14 0.36,
99039 20 0.02,
99066 49 0.24,
99090 47 0.58,
99160 34 0.58,
99172 31 0.16,
99239 15 0.13,
99239 30 0.44,
99256 29 0.56,
99290 47 0.94,
99297 41 0.94,
99325 46 0.62,
99411 30 0.04,
99455 25 0.07,
99455 38 0.45,
99484 6 0.77,
99494 34 0.69,
99511 30 0.97,
99553 16 0.61,
99623 22 0.62,
99658 15 0.88,
99667 31 0.34,
99689 12 0.49,
99762 34 0.98,
99823 2 0.28,
99901 46 0.79,
99970 24 0.59,
100028 43 0.79,
100076 49 0.09,
100079 18 0.05,
100125 27 0.59,
100156 1 0.08,
100237 13 0.8,
100243 48 0.01,
100287 27 0.78,
100336 44 0.4,
100395 0 0.32,
100453 47 0.03,
100537 8 0.98,
100578 23 0.23,
100618 39 0.04,
100691 8 0.81,
100717 40 0.24,
100760 10 0.78,
100788 31 0.61,
100870 27 0.35,
100895 17 0.56,
100902 18 0.22,
100975 34 0.55,
100980 0 0.9,
101015 26 0.86,
101035 35 0.47,
101040 28 0.23,
101114 31 0.41,
101155 46 0.81,
101177 3 0.98,
101197 1 0.74,
101273 43 0.11,
101328 14 0.51,
101382 19 0.14,
101454 34 0.97,
101524 37 0.31,
101605 4 0.86,
101624 48 0.25,
101642 21 0.46,
101726 41 0.79,
101811 33 0.33,
101883 14 0.82,
101901 13 0.26,
101973 6 0.4,
101995 30 0.96,
102083 17 0.62,
102086 8 0.09,
102106 25 0.65,
102150 0 1.0,
102157 38 0.33,
102232 8 0.83,
102246 41 0.4,
102317 4 0.84,
102339 38 0.4,
102353 3 0.47,
102362 6 0.9,
102444 4 0.13,
102507 28 0.09,
102527 9 0.83,
102572 1 0.37,
102629 4 0.66,
102631 21 0.24,
102683 13 0.24,
102745 10 0.8,
102832 32 0.06,
102836 29 0.77,
102912 44 0.53,
102984 45 0.33,
103023 18 0.67,
103091 40 0.41,
103154 23 0.35,
103206 42 0.86,
103263 41 0.87,
103270 19 0.33,
103340 31 0.18,
103389 11 0.5,
103406 28 0.71,
103451 3 0.09,
103459 4 0.83,
103503 16 0.4,
103582 32 0.27,
103635 32 0.35,
103682 10 0.56,
103686 18 0.41,
103738 9 0.04,
103784 36 0.13,
103806 37 0.19,
103892 30 0.26,
103917 25 0.61,
103925 15 0.98,
103949 48 0.26,
104028 36 0.19,
104081 19 0.37,
104111 2 0.15,
104133 34 0.85,
104139 39 0.7,
104209 23 0.34,
104221 2 0.67,
104263 39 0.85,
104323 22 0.93,
104385 5 0.95,
104400 12 0.89,
104480 12 0.59,
104542 36 0.94,
104580 1 0.6,
104617 10 0.5,
104683 19 0.25,
104755 48 0.03,
104808 41 0.04,
104839 30 0.19,
104900 30 0.92,
104979 23 0.81,
105062 25 0.7,
105063 28 0.91,
105082 10 0.29,
105158 0 0.65,
105190 20 0.23,
105262 2 0.1,
105345 1 0.85,
105372 47 0.46,
105393 46 0.69,
105449 15 0.09,
105534 9 0.97,
105593 38 0.9,
105652 13 0.4,
105669 38 0.84,
105714 32 0.4,
105790 16 0.11,
105849 29 0.43,
105899 9 0.34,
105914 39 1.0,
105961 32 0.3,
105964 39 0.23,
106051 39 0.71,
106078 26 0.87,
106164 39 0.3,
106165 23 0.67,
106246 47 0.08,
106255 44 0.8,
106328 29 0.62,
106394 16 0.57,
106432 38 0.2,
106465 14 0.82,
106554 37 0.08,
106637 46 0.05,
106658 5 0.43,
106663 3 0.77,
106743 0 0.29,
106795 39 0.19,
106861 22 0.83,
106877 39 0.08,
106879 38 0.2,
106916 30 0.26,
106967 45 0.5,
107036 48 0.65,
107075 36 0.7,
107123 10 0.54,
107150 18 0.46,
107206 26 0.3,
107265 26 0.1,
107276 27 0.5,
107322 2 0.75,
107341 20 0.34,
107368 28 0.36,
107395 3 0.73,
107404 40 0.21,
107451 37 0.05,
107530 46 0.33,
107615 33 0.1,
107702 21 0.22,
107746 20 0.34,
107794 30 0.63,
107795 4 0.65,
107863 10 0.06,
107952 25 0.19,
108035 46 0.75,
108037 17 0.01,
108093 1 0.27,
108123 25 0.82,
108151 30 0.44,
108215 36 0.11,
108255 17 0.93,
108324 3 0.19,
108391 26 0.54,
108404 34 0.31,
108418 33 0.31,
108465 42 0.97,
108534 4 0.31,
108572 46 0.41,
108583 8 0.79,
108612 25 0.65,
108669 30 0.97,
108685 27 0.22,
108686 15 0.59,
108696 49 0.95,
108707 22 0.48,
108776 20 0.59,
108811 2 0.91,
108854 8 0.04,
108932 45 0.38,
108936 39 0.05,
109021 1 1.0,
109048 25 0.87,
109091 48 0.05,
109141 0 0.37,
109148 32 0.56,
109222 37 0.59,
109278 29 0.82,
109304 41 0.14,
109384 47 0.55,
109419 33 0.47,
109432 5 0.46,
109510 14 0.51,
109564 45 0.63,
109577 35 0.71,
109624 20 0.36,
109657 49 0.75,
109725 38 0.81,
109731 38 0.41,
109782 8 0.59,
109821 2 0.22,
109841 45 0.01,
109885 27 0.46,
109928 46 0.04,
109936 37 0.4,
109960 24 0.71,
109971 5 0.37,
109972 9 0.39,
110001 2 0.51,
110012 9 0.67,
110095 10 0.92,
110148 37 0.82,
110233 7 0.23,
110309 33 0.27,
110321 26 0.42,
110377 26 0.81,
110406 5 0.02,
110487 15 0.8,
110566 16 0.43,
110618 27 0.18,
110635 48 0.23,
110653 11 0.27,
110732 44 0.27,
110790 0 0.49,
110842 32 0.45,
110896 18 0.49,
110947 17 0.14,
111019 13 0.11,
111099 14 0.51,
111125 37 0.88,
111161 8 0.48,
111228 1 0.39,
111244 47 0.72,
111314 37 0.78,
111326 40 0.34,
111389 43 0.65,
111427 35 0.9,
111472 28 0.84,
111487 46 0.59,
111562 11 0.33,
111644 4 0.5,
111732 42 0.01,
111754 4 0.36,
111806 29 0.38,
111895 4 0.61,
111931 9 0.61,
111974 16 0.83,
112041 32 0.21,
112071 6 0.66,
112124 36 0.83,
112165 15 0.17,
112232 19 0.22,
112251 48 0.76,
112301 3 0.64,
112325 39 0.93,
112399 24 0.24,
112479 47 0.91,
112494 24 0.41,
112544 34 0.96,
112600 10 0.69,
112677 37 0.88,
112757 19 0.64,
112846 15 0.11,
112850 39 0.65,
112913 40 0.5,
112960 39 0.55,
113015 5 0.23,
113034 7 0.46,
113064 6 0.78,
113141 29 0.57,
113227 44 0.24,
113267 33 0.52,
113289 46 0.94,
113302 34 0.76,
113345 30 0.22,
113348 29 0.71,
113376 49 0.43,
113412 45 0.66,
113468 15 0.78,
113546 4 0.67,
113560 4 0.01,
113644 32 0.63,
113648 36 0.78,
113708 11 0.71,
113779 5 0.7,
113811 46 0.68,
113865 32 0.15,
113888 5 0.06,
113946 12 0.49,
113952 20 0.89,
113995 0 0.89,
114008 3 0.71,
114051 28 0.07,
114128 47 0.37,
114152 3 0.33,
114170 5 0.79,
114218 0 0.42,
114280 25 0.12,
114284 34 0.5,
114286 4 0.92,
114294 49 0.67,
114357 39 0.55,
114387 35 0.09,
114404 26 0.75,
114471 46 0.89,
114537 42 0.97,
114586 19 0.43,
114672 12 0.22,
114688 32 0.35,
114703 20 0.61,
114781 35 0.11,
114783 8 0.75,
114845 15 0.54,
114914 11 0.28,
114947 44 0.36,
115024 41 0.98,
115069 14 0.53,
115096 6 0.06,
115136 46 0.69,
115154 40 0.22,
115166 46 0.35,
115178 35 0.51,
115220 40 0.35,
115246 16 0.91,
115335 48 0.07,
115404 30 0.63,
115446 34 0.14,
115472 3 0.26,
115489 33 0.41,
115531 33 0.45,
115537 20 0.28,
115570 20 0.05,
115650 29 0.46,
115659 41 1.0,
115740 27 0.79,
115787 22 0.4,
115850 15 0.65,
115882 29 0.97,
115959 5 0.14,
116000 40 0.17,
116055 37 0.95,
116094 31 0.01,
116176 4 0.32,
116198 7 0.3,
116212 34 0.85,
116298 33 0.39,
116363 8 0.2,
116411 42 0.27,
116448 44 0.49,
116488 38 0.18,
116501 5 0.81,
116576 2 0.46,
116648 4 0.39,
116696 30 0.72,
116749 41 0.31,
116818 10 0.89,
116899 16 0.72,
116987 8 0.71,
117049 48 0.73,
117083 2 0.47,
117144 25 0.41,
117185 23 0.73,
117257 43 0.01,
117338 6 0.48,
117415 10 0.16,
117458 12 0.35,
117538 25 0.8,
117539 18 0.52,
117609 13 0.55,
117620 12 0.78,
117708 7 0.1,
117744 3 0.98,
117763 35 0.41,
117791 10 0.8,
117841 4 0.36,
117915 44 0.03,
117948 3 0.29,
118003 35 0.81,
118054 41 0.87,
118095 20 0.39,
118167 49 0.15,
118223 39 0.54,
118253 40 0.76,
118331 17 0.77,
118367 20 0.63,
118393 27 0.78,
118414 17 0.22,
118438 2 0.03,
118477 32 0.06,
118498 49 0.27,
118515 33 0.85,
118548 5 0.86,
118591 48 0.64,
118646 40 0.67,
118646 3 0.28,
118670 35 0.68,
118705 39 0.07,
118767 13 0.29,
118791 13 0.66,
118832 38 0.32,
118890 22 0.02,
118950 18 0.74,
119018 24 0.28,
119034 16 0.79,
119059 39 0.52,
119118 49 0.57,
119176 23 0.71,
119250 37 0.19,
119270 2 0.83,
119315 42 0.51,
119346 14 0.71,
119356 47 0.59,
119359 33 0.14,
119361 23 0.31,
119420 1 0.72,
119449 46 0.47,
119475 7 0.97,
119479 2 0.05,
119545 27 0.27,
119630 47 0.71,
119657 13 0.88,
119711 6 0.22,
119793 5 0.52,
119806 23 0.24,
119860 25 0.09,
119879 48 0.11,
119933 7 0.88,
120012 26 0.48,
120069 46 0.15,
120090 41 0.94,
120099 4 0.44,
120131 43 0.78,
120218 30 0.88,
120273 6 0.34,
120319 38 0.74,
120396 32 0.33,
120411 18 0.82,
120462 46 0.11,
120480 18 0.63,
120552 38 0.58,
120594 43 0.15,
120664 17 0.85,
120720 21 0.55,
120727 9 0.76,
120794 30 0.18,
120797 45 0.17,
120866 42 0.85,
120920 35 0.48,
121009 23 0.06,
121013 30 0.48,
121039 18 0.96,
121048 28 0.77,
121106 35 0.62,
121166 45 0.92,
121197 4 0.87,
121282 13 0.45,
121285 12 0.24,
121310 21 0.75,
121339 22 0.11,
121425 24 0.87,
121453 9 0.7,
121513 38 0.33,
121531 0 0.49,
121587 17 0.64,
121640 18 0.89,
121655 49 0.43,
121709 33 0.82,
121753 18 0.97,
121831 23 0.12,
121847 2 0.18,
121929 41 0.7,
122003 48 0.76,
122066 35 0.04,
122151 43 0.96,
122180 19 0.59,
122249 25 0.71,
122273 3 0.38,
122307 3 0.42,
122359 5 0.66,
122435 24 0.85,
122436 44 0.48,
122477 4 0.35,
122487 20 0.78,
122504 16 0.17,
122529 49 0.37,
122610 23 0.53,
122657 3 0.38,
122744 31 0.15,
122772 38 0.08,
122779 45 0.3,
122845 42 0.4,
122914 4 0.96,
122982 24 0.25,
123023 18 0.12,
123107 12 0.38,
123150 0 0.51,
123237 30 0.58,
123243 30 0.49,
123260 25 0.44,
123325 40 0.04,
123403 30 0.17,
123472 45 0.54,
123541 24 0.63,
123602 6 0.56,
123660 4 1.0,
123663 6 0.41,
123701 18 0.65,
123722 23 0.93,
123744 45 0.71,
123784 39 0.33,
123850 30 0.6,
123887 23 0.62,
123971 5 0.19,
124046 13 0.29,
124120 8 0.26,
124121 34 0.03,
124133 45 0.28,
124170 41 0.73,
124203 22 0.24,
124226 45 1.0,
124267 11 0.33,
124269 41 0.74,
124305 10 0.08,
124325 20 0.29,
124340 48 0.7,
124416 5 0.56,
124452 0 0.15,
124510 4 0.32,
124587 33 0.28,
124646 0 0.32,
124670 6 0.8,
124729 12 0.44,
124752 45 0.64,
124839 1 0.23,
124927 35 0.26,
124968 26 0.8,
125026 30 0.1,
125032 42 0.22,
125095 46 0.58,
125130 30 0.38,
125183 49 0.83,
125267 9 0.7,
125298 19 0.92,
125366 44 0.79,
125428 2 0.22,
125510 26 0.49,
125517 28 0.22,
125537 42 0.72,
125540 45 0.11,
125609 49 0.57,
125627 16 0.04,
125702 9 0.98,
125707 32 0.95,
125768 41 0.87,
125800 15 0.44,
125852 35 0.32,
125872 45 0.7,
125887 34 0.71,
125956 15 0.78,
126029 17 0.98,
126054 5 0.41,
126080 0 0.92,
126161 48 0.22,
126241 11 0.42,
126246 15 0.33,
126278 39 0.11,
126296 37 0.9,
126316 13 0.25,
126351 46 0.11,
126417 3 0.96,
126496 12 0.99,
126531 27 0.71,
126587 41 0.08,
126647 16 0.72,
126650 14 0.76,
126690 1 0.66,
126706 7 0.55,
126761 1 0.25,
126808 33 0.27,
126896 27 0.4,
126952 43 0.06,
126977 24 0.65,
127031 13 0.68,
127037 4 1.0,
127098 32 0.85,
127108 34 0.18,
127183 37 0.12,
127231 1 0.2,
127299 0 0.34,
127325 13 0.93,
127404 13 0.93,
127430 42 0.32,
127495 28 0.09,
127497 43 0.56,
127568 22 0.3,
127648 49 0.7,
127725 7 0.63,
127750 23 0.63,
127835 17 0.83,
127838 27 0.93,
127926 0 0.85,
127963 26 0.27,
128047 48 0.16,
128072 11 0.59,
128120 23 0.75,
128187 4 0.07,
128196 40 0.53,
128243 19 0.37,
128249 41 0.35,
128276 43 0.69,
128352 32 0.6,
128438 10 0.68,
128494 15 0.88,
128521 48 0.52,
128559 28 0.51,
128585 41 0.75,
128632 5 0.93,
128679 15 0.84,
128696 18 0.61,
128740 5 0.79,
128821 45 0.01,
128854 48 0.56,
128866 26 0.89,
128951 35 0.23,
129000 47 0.87,
129039 9 0.21,
129042 26 0.28,
129098 11 0.79,
129155 2 0.22,
129229 29 0.85,
129249 21 0.1,
129268 15 0.5,
129281 25 0.82,
129307 22 0.48,
129366 48 0.24,
129449 23 0.37,
129534 27 0.63,
129613 16 0.25,
129619 8 0.48,
129620 10 0.68,
129698 15 0.35,
129726 34 0.77,
129750 1 0.9,
129803 15 0.59,
129830 47 0.18,
129830 9 0.35,
129837 29 0.78,
129898 17 0.85,
129919 20 0.27,
130007 10 0.08,
130020 34 0.07,
130025 28 0.93,
130055 45 0.57,
130128 33 0.91,
130182 48 0.81,
130221 8 0.11,
130286 41 0.84,
130358 4 0.12,
130368 33 0.67,
130397 5 0.52,
130474 46 0.03,
130491 24 0.77,
130537 7 0.55,
130611 11 0.09,
130680 27 0.08,
130757 25 0.57,
130806 32 0.7,
130818 42 0.99,
130902 36 0.74,
130991 6 0.2,
131027 31 0.53,
131096 5 0.04,
131116 33 0.56,
131182 22 0.51,
131196 7 0.74,
131238 49 0.77,
131254 11 0.01,
131275 11 0.82,
131290 16 0.28,
131323 2 0.14,
131331 33 0.64,
131381 0 0.7,
131401 39 0.47,
131477 20 0.91,
131547 45 0.73,
131596 47 0.48,
131632 31 0.2,
131684 47 0.53,
131750 5 0.92,
131794 33 0.74,
131814 41 0.16,
131871 23 0.94,
131948 14 0.48,
131964 4 0.79,
132049 7 0.15,
132087 39 0.2,
132144 34 0.31,
132199 0 0.37,
132276 13 0.04,
132286 33 0.09,
132297 16 0.39,
132305 32 0.09,
132351 5 0.43,
132398 3 0.87,
132444 3 0.19,
132477 24 0.55,
132557 47 0.95,
132567 45 0.92,
132570 17 0.74,
132634 46 0.26,
132652 22 0.24,
132728 17 0.37,
132763 21 0.27,
132824 19 0.91,
132867 15 0.82,
132916 30 0.32,
132994 41 0.71,
133034 18 0.42,
133060 49 0.63,
133067 44 0.14,
133139 42 0.39,
133190 27 0.79,
133259 44 0.73,
133343 17 0.36,
133380 40 0.88,
133382 0 0.52,
133445 3 0.47,
133451 33 0.99,
133489 6 0.26,
133490 23 0.97,
133574 33 0.72,
133579 14 0.41,
133590 6 0.44,
133625 39 0.47,
133713 46 0.08,
133730 32 0.1,
>)